ENSG00000156136:ILMN_1651433:DCK	1	23	4	71859265	71896631
ENSG00000170381:ILMN_1651547:SEMA3E	2	19	7	82993222	83278326
ENSG00000163625:ILMN_1651681:WDFY3	3	17	4	85590704	85887544
ENSG00000185272:ILMN_1651712:RBM11	3	24	21	15588451	15600693
ENSG00000102401:ILMN_1651741:ARMCX3	4	4	23	100878118	100882833
ENSG00000083750:ILMN_1651771:RRAGB	4	10	23	55744172	55785207
ENSG00000168216:ILMN_1652128:LMBRD1	6	12	6	70385694	70507003
ENSG00000165533:ILMN_1652309:TTC8	7	14	14	89290978	89344334
ENSG00000110435:ILMN_1652357:PDHX	7	18	11	34937677	35017675
ENSG00000104388:ILMN_1652394:RAB2A	8	1	8	61429559	61536186
ENSG00000177189:ILMN_1652736:RPS6KA3	10	5	23	20168029	20285218
ENSG00000013441:ILMN_1652790:CLK1	10	18	2	201717732	201750495
ENSG00000131437:ILMN_1653385:KIF3A	14	6	5	132028323	132073330
ENSG00000152954:ILMN_1653762:NRSN1	16	14	6	24126350	24156424
ENSG00000129682:ILMN_1653826:FGF13	17	1	23	137713735	138304939
ENSG00000165995:ILMN_1653878:CACNB2	17	9	10	18429606	18830798
ENSG00000151136:ILMN_1654153:BTBD11	18	10	12	107712190	108053419
ENSG00000065154:ILMN_1654441:OAT	20	3	10	126085876	126107505
ENSG00000138138:ILMN_1654497:ATAD1	20	13	10	89511269	89601100
ENSG00000133997:ILMN_1654543:MED6	20	20	14	71050957	71067384
ENSG00000086598:ILMN_1654939:TMED2	23	4	12	124069076	124082681
ENSG00000100519:ILMN_1655316:PSMC6	25	9	14	53173890	53195305
ENSG00000109670:ILMN_1655906:FBXW7	29	7	4	153242410	153456172
ENSG00000196950:ILMN_1656129:SLC39A10	30	12	2	196440701	196602426
ENSG00000120053:ILMN_1656145:GOT1	30	17	10	101156627	101190381
ENSG00000151948:ILMN_1656327:GLT1D1	31	24	12	129337979	129469500
ENSG00000180964:ILMN_1656399:TCEAL8	32	17	23	102507923	102510131
ENSG00000114098:ILMN_1656557:ARMC8	33	19	3	137906109	138017231
ENSG00000155096:ILMN_1656682:AZIN1	34	11	8	103838536	103876397
ENSG00000169255:ILMN_1657096:B3GALNT1	36	20	3	160801671	160823172
ENSG00000005020:ILMN_1657129:SKAP2	36	23	7	26706681	27034858
ENSG00000111790:ILMN_1657436:FGFR1OP2	38	16	12	27091316	27118857
ENSG00000153253:ILMN_1657591:SCN3A	39	17	2	165944032	166060577
ENSG00000139793:ILMN_1658015:MBNL2	42	11	13	97873688	98046374
ENSG00000138311:ILMN_1658094:ZNF365	42	22	10	64133916	64431771
ENSG00000019505:ILMN_1658499:SYT13	45	22	11	45261853	45307884
ENSG00000091136:ILMN_1658709:LAMB1	47	4	7	107564244	107643804
ENSG00000021645:ILMN_1658715:NRXN3	47	7	14	79081275	80330758
ENSG00000166946:ILMN_1658743:CCNDBP1	47	11	15	43477455	43487396
ENSG00000103415:ILMN_1658807:HMOX2	47	21	16	4524719	4560348
ENSG00000145349:ILMN_1658818:CAMK2D	47	24	4	114372188	114683083
ENSG00000106688:ILMN_1658917:SLC1A1	48	13	9	4490444	4587469
ENSG00000166352:ILMN_1659017:C11orf74	49	3	11	36616070	36680821
ENSG00000151834:ILMN_1659678:GABRA2	52	22	4	46251584	46391945
ENSG00000155097:ILMN_1659801:ATP6V1C1	53	17	8	104033248	104085285
ENSG00000015479:ILMN_1660179:MATR3	55	22	5	138609792	138667360
ENSG00000166206:ILMN_1660608:GABRB3	58	10	15	26788693	27018924
ENSG00000136928:ILMN_1660718:GABBR2	58	23	9	101050391	101471479
ENSG00000132334:ILMN_1660907:PTPRE	60	11	10	129705325	129884119
ENSG00000121964:ILMN_1660971:GTDC1	60	18	2	144703321	145090135
ENSG00000136643:ILMN_1661000:RPS6KC1	60	22	1	213224597	213448116
ENSG00000107295:ILMN_1661491:SH3GL2	63	14	9	17578953	17797127
ENSG00000145979:ILMN_1661622:TBC1D7	64	12	6	13305183	13328776
ENSG00000101745:ILMN_1661833:ANKRD12	65	21	18	9136758	9285206
ENSG00000171735:ILMN_1661940:CAMTA1	66	9	1	6845384	7829764
ENSG00000196482:ILMN_1661994:ESRRG	66	16	1	216676588	217311097
ENSG00000138095:ILMN_1662417:LRPPRC	69	6	2	44113647	44223144
ENSG00000171224:ILMN_1662470:C10orf35	69	15	10	71390007	71393352
ENSG00000092020:ILMN_1662617:PPP2R3C	70	6	14	35554673	35591519
ENSG00000138802:ILMN_1662707:SEC24B	70	17	4	110354871	110461609
ENSG00000104267:ILMN_1662795:CA2	71	7	8	86376131	86393721
ENSG00000164442:ILMN_1663092:CITED2	73	11	6	139693393	139695757
ENSG00000155097:ILMN_1663257:ATP6V1C1	74	11	8	104033248	104085285
ENSG00000089169:ILMN_1663356:RPH3A	74	23	12	113229549	113336679
ENSG00000130226:ILMN_1663580:DPP6	76	12	7	153584182	154685995
ENSG00000145740:ILMN_1664153:SLC30A5	79	18	5	68389788	68426896
ENSG00000171109:ILMN_1664186:MFN1	80	2	3	179065480	179112719
ENSG00000118473:ILMN_1664362:SGIP1	80	21	1	66999066	67213982
ENSG00000091140:ILMN_1664577:DLD	82	1	7	107531415	107572175
ENSG00000175161:ILMN_1664679:CADM2	82	16	3	85008132	86117944
ENSG00000186432:ILMN_1664756:KPNA4	83	2	3	160212783	160283376
ENSG00000136897:ILMN_1664833:MRPL50	83	17	9	104149915	104160896
ENSG00000198729:ILMN_1664855:PPP1R14C	83	19	6	150464212	150571493
ENSG00000111728:ILMN_1664859:ST8SIA1	83	20	12	22346328	22487648
ENSG00000119185:ILMN_1665107:ITGB1BP1	85	6	2	9543604	9563676
ENSG00000116285:ILMN_1665510:ERRFI1	87	18	1	8064464	8086368
ENSG00000163618:ILMN_1665547:CADPS	87	23	3	62384021	62861064
ENSG00000135776:ILMN_1665730:ABCB10	88	20	1	229652329	229694442
ENSG00000120992:ILMN_1666713:LYPLA1	94	20	8	54958939	55014577
ENSG00000154001:ILMN_1666761:PPP2R5E	95	6	14	63838075	64010092
ENSG00000105223:ILMN_1666976:PLD3	96	16	19	40854491	40886346
ENSG00000147224:ILMN_1667050:PRPS1	96	24	23	106871654	106894256
ENSG00000112146:ILMN_1667120:FBXO9	97	12	6	52916789	52965671
ENSG00000181191:ILMN_1667261:PJA1	98	6	23	68380694	68385364
ENSG00000108384:ILMN_1667644:RAD51C	100	5	17	56769934	56811703
ENSG00000115694:ILMN_1668090:STK25	102	9	2	242432089	242449145
ENSG00000105401:ILMN_1668369:CDC37	103	14	19	10501809	10514271
ENSG00000115641:ILMN_1668411:FHL2	103	21	2	105974169	106054960
ENSG00000109670:ILMN_1668634:FBXW7	105	5	4	153242410	153456172
ENSG00000108561:ILMN_1668996:C1QBP	107	5	17	5336099	5342471
ENSG00000153233:ILMN_1669172:PTPRR	108	4	12	71031862	71314586
ENSG00000164924:ILMN_1669286:YWHAZ	109	0	8	101930804	101965616
ENSG00000186377:ILMN_1669338:CYP4X1	109	10	1	47489240	47516423
ENSG00000106484:ILMN_1669479:MEST	110	14	7	130126046	130146133
ENSG00000109738:ILMN_1669631:GLRB	111	14	4	157997277	158093242
ENSG00000125450:ILMN_1669635:NUP85	111	16	17	73201597	73231854
ENSG00000162852:ILMN_1670263:C1orf71	115	12	1	246729746	246831886
ENSG00000111142:ILMN_1670420:METAP2	116	9	12	95867822	95909615
ENSG00000122068:ILMN_1670439:FYTTD1	116	11	3	197464050	197511187
ENSG00000180964:ILMN_1670561:TCEAL8	117	8	23	102507923	102510131
ENSG00000054277:ILMN_1670844:OPN3	119	15	1	241753404	241840678
ENSG00000135298:ILMN_1671076:BAI3	120	23	6	69345259	70099403
ENSG00000112234:ILMN_1671393:FBXL4	122	22	6	99321334	99395849
ENSG00000135900:ILMN_1671452:MRPL44	123	4	2	224822121	224832431
ENSG00000108395:ILMN_1671513:TRIM37	123	14	17	57060002	57184266
ENSG00000146938:ILMN_1671542:NLGN4X	123	19	23	5758678	6146904
ENSG00000120265:ILMN_1671621:PCMT1	124	4	6	150070579	150132556
ENSG00000129682:ILMN_1671777:FGF13	125	1	23	137713735	138304939
ENSG00000116106:ILMN_1672022:EPHA4	126	8	2	222282747	222438922
ENSG00000114279:ILMN_1672229:FGF12	127	9	3	191859684	192485553
ENSG00000145337:ILMN_1672366:PIGY	128	0	4	89442136	89444964
ENSG00000116791:ILMN_1672389:CRYZ	128	3	1	75171170	75199092
ENSG00000110429:ILMN_1672415:FBXO3	128	7	11	33762490	33796071
ENSG00000080503:ILMN_1672419:SMARCA2	128	9	9	2015342	2193624
ENSG00000174173:ILMN_1672565:RG9MTD1	129	1	3	101280706	101285290
ENSG00000106554:ILMN_1673026:CHCHD3	131	13	7	132469629	132766848
ENSG00000169564:ILMN_1673215:PCBP1	132	15	2	70314585	70316332
ENSG00000148798:ILMN_1673704:INA	135	21	10	105036920	105050108
ENSG00000096384:ILMN_1673711:HSP90AB1	135	23	6	44214824	44221620
ENSG00000071794:ILMN_1673820:HLTF	136	18	3	148747914	148804341
ENSG00000145782:ILMN_1673898:ATG12	137	8	5	115163897	115177507
ENSG00000132664:ILMN_1673966:POLR3F	137	17	20	18447771	18465287
ENSG00000144935:ILMN_1674380:TRPC1	140	3	3	142440016	142526730
ENSG00000127990:ILMN_1674620:SGCE	141	7	7	94214538	94285521
ENSG00000106733:ILMN_1674650:C9orf95	141	13	9	77668989	77703133
ENSG00000151136:ILMN_1674670:BTBD11	141	19	12	107712190	108053419
ENSG00000116171:ILMN_1674955:SCP2	142	23	1	53392948	53517282
ENSG00000147852:ILMN_1675092:VLDLR	143	17	9	2621793	2654485
ENSG00000070831:ILMN_1675156:CDC42	144	3	1	22379120	22419437
ENSG00000138311:ILMN_1675762:ZNF365	147	21	10	64133916	64431771
ENSG00000086289:ILMN_1675797:EPDR1	147	24	7	37960163	37991543
ENSG00000117153:ILMN_1676075:KLHL12	149	5	1	202860228	202897764
ENSG00000163032:ILMN_1676413:VSNL1	151	5	2	17720393	17838285
ENSG00000145147:ILMN_1676449:SLIT2	151	13	4	20255235	20620802
ENSG00000123106:ILMN_1676523:CCDC91	151	19	12	28410133	28703098
ENSG00000184402:ILMN_1676625:SS18L1	152	11	20	60718822	60757540
ENSG00000032219:ILMN_1676626:ARID4A	152	12	14	58765103	58840451
ENSG00000181751:ILMN_1677292:C5orf30	156	5	5	102594403	102614361
ENSG00000102471:ILMN_1677396:NDFIP2	156	17	13	80055287	80130210
ENSG00000114279:ILMN_1677680:FGF12	158	8	3	191859684	192485553
ENSG00000157782:ILMN_1677746:CABP1	158	14	12	121078355	121105127
ENSG00000171723:ILMN_1677962:GPHN	160	0	14	66974125	67648520
ENSG00000131779:ILMN_1678546:PEX11B	163	2	1	145516252	145523730
ENSG00000115641:ILMN_1678643:FHL2	163	13	2	105974169	106054960
ENSG00000120526:ILMN_1678745:NUDCD1	164	6	8	110253149	110346350
ENSG00000153233:ILMN_1679051:PTPRR	166	2	12	71031862	71314586
ENSG00000123570:ILMN_1679092:RAB9B	166	9	23	103077252	103087158
ENSG00000110841:ILMN_1679460:PPFIBP1	168	15	12	27677045	27848496
ENSG00000185774:ILMN_1679580:KCNIP4	169	7	4	20730230	21950304
ENSG00000116005:ILMN_1679725:PCYOX1	170	2	2	70484518	70508323
ENSG00000174460:ILMN_1679984:ZCCHC12	171	24	23	117957753	117960931
ENSG00000172336:ILMN_1680091:POP7	172	15	7	100303676	100305118
ENSG00000113163:ILMN_1680109:COL4A3BP	172	18	5	74666928	74807963
ENSG00000141627:ILMN_1680130:DYM	172	22	18	46570172	46987079
ENSG00000170502:ILMN_1680239:NUDT9	173	15	4	88343734	88380606
ENSG00000073969:ILMN_1680353:NSF	174	11	17	44668075	44834833
ENSG00000150627:ILMN_1680375:WDR17	174	14	4	176987132	177103965
ENSG00000174405:ILMN_1680714:LIG4	176	12	13	108859794	108870716
ENSG00000023572:ILMN_1680727:GLRX2	176	15	1	193065598	193075244
ENSG00000134986:ILMN_1680738:C5orf13	176	19	5	111064509	111312436
ENSG00000105364:ILMN_1681230:MRPL4	179	7	19	10362640	10370736
ENSG00000151729:ILMN_1681670:SLC25A4	181	16	4	186064395	186068425
ENSG00000137563:ILMN_1681754:GGH	182	4	8	63927643	63951610
ENSG00000164329:ILMN_1681845:PAPD4	182	15	5	78908243	78982471
ENSG00000165995:ILMN_1682208:CACNB2	184	18	10	18429606	18830798
ENSG00000183036:ILMN_1682326:PCP4	185	18	21	41239243	41301322
ENSG00000162639:ILMN_1682428:C1orf59	186	2	1	109190912	109217815
ENSG00000111731:ILMN_1682572:KIAA0528	187	0	12	22601541	22697452
ENSG00000118518:ILMN_1682626:RNF146	187	8	6	127587755	127609712
ENSG00000153814:ILMN_1682727:JAZF1	187	19	7	27870192	28220362
ENSG00000160221:ILMN_1682812:C21orf33	188	9	21	45553487	45565605
ENSG00000163932:ILMN_1682813:PRKCD	188	10	3	53190025	53226733
ENSG00000165966:ILMN_1682987:PDZRN4	189	10	12	41582258	41968382
ENSG00000165995:ILMN_1683107:CACNB2	190	7	10	18429606	18830798
ENSG00000164933:ILMN_1683212:SLC25A32	190	22	8	104410869	104427468
ENSG00000145349:ILMN_1683415:CAMK2D	192	8	4	114372188	114683083
ENSG00000068366:ILMN_1683598:ACSL4	193	8	23	108884564	108976621
ENSG00000122068:ILMN_1683786:FYTTD1	194	11	3	197464050	197511187
ENSG00000130779:ILMN_1684038:CLIP1	196	4	12	122755981	122907116
ENSG00000105829:ILMN_1684042:BET1	196	6	7	93592074	93633694
ENSG00000166342:ILMN_1684081:NETO1	196	12	18	70409671	70535184
ENSG00000164506:ILMN_1684402:STXBP5	198	9	6	147525508	147708707
ENSG00000081803:ILMN_1684461:CADPS2	198	17	7	121958481	122526554
ENSG00000131051:ILMN_1684549:RBM39	199	1	20	34291531	34330234
ENSG00000177054:ILMN_1684663:ZDHHC13	199	19	11	19138692	19197966
ENSG00000005249:ILMN_1684850:PRKAR2B	200	17	7	106685094	106802256
ENSG00000172209:ILMN_1684865:GPR22	200	20	7	107110463	107116098
ENSG00000163781:ILMN_1684929:TOPBP1	201	3	3	133319450	133380737
ENSG00000162989:ILMN_1684945:KCNJ3	201	7	2	155554811	155714863
ENSG00000144597:ILMN_1685012:EAF1	201	18	3	15468862	15484120
ENSG00000162627:ILMN_1685077:SNX7	202	6	1	99127279	99226056
ENSG00000182901:ILMN_1685496:RGS7	204	22	1	240938815	241520530
ENSG00000186487:ILMN_1685582:MYT1L	205	9	2	1792885	2335045
ENSG00000080709:ILMN_1685636:KCNN2	205	22	5	113698016	113832197
ENSG00000156976:ILMN_1685722:EIF4A2	206	13	3	186500994	186507689
ENSG00000152932:ILMN_1685750:RAB3C	206	16	5	57878914	58155213
ENSG00000170270:ILMN_1685781:C14orf142	206	22	14	93669237	93673459
ENSG00000078053:ILMN_1685834:AMPH	207	7	7	38423305	38671167
ENSG00000139842:ILMN_1686156:CUL4A	208	23	13	113863086	113919399
ENSG00000119640:ILMN_1686432:ACYP1	210	4	14	75519930	75530736
ENSG00000108506:ILMN_1686553:INTS2	210	20	17	59942728	60005377
ENSG00000164815:ILMN_1686987:ORC5L	212	21	7	103766788	103848495
ENSG00000181610:ILMN_1687359:MRPS23	214	23	17	55916848	55927408
ENSG00000138777:ILMN_1687785:PPA2	217	6	4	106290234	106395227
ENSG00000163618:ILMN_1688188:CADPS	219	24	3	62384021	62861064
ENSG00000138650:ILMN_1688500:PCDH10	221	17	4	134070470	134112731
ENSG00000162980:ILMN_1688526:ARL5A	221	21	2	152645498	152685009
ENSG00000148153:ILMN_1688621:C9orf80	222	9	9	115448786	115480516
ENSG00000091157:ILMN_1689029:WDR7	224	15	18	54318616	54698828
ENSG00000173418:ILMN_1689097:NAT5	225	0	20	19997760	20014299
ENSG00000105409:ILMN_1689098:ATP1A3	225	1	19	42470734	42498384
ENSG00000047249:ILMN_1689473:ATP6V1H	227	1	8	54628116	54755850
ENSG00000119185:ILMN_1690099:ITGB1BP1	230	2	2	9543604	9563676
ENSG00000103316:ILMN_1690179:CRYM	230	16	16	21269842	21314372
ENSG00000103034:ILMN_1690283:NDRG4	231	8	16	58497606	58547523
ENSG00000158560:ILMN_1690397:DYNC1I1	232	1	7	95401818	95727736
ENSG00000129682:ILMN_1690984:FGF13	235	15	23	137713735	138304939
ENSG00000138311:ILMN_1691022:ZNF365	235	20	10	64133916	64431771
ENSG00000115204:ILMN_1691090:MPV17	236	1	2	27532360	27548547
ENSG00000099246:ILMN_1691143:RAB18	236	10	10	27793197	27829092
ENSG00000087206:ILMN_1691188:UIMC1	236	18	5	176332006	176433752
ENSG00000112186:ILMN_1691237:CAP2	236	23	6	17393447	17558023
ENSG00000158290:ILMN_1691535:CUL4B	238	24	23	119658464	119709649
ENSG00000205302:ILMN_1691575:SNX2	239	7	5	122110750	122165800
ENSG00000198673:ILMN_1691876:FAM19A2	241	3	12	62102045	62417562
ENSG00000173418:ILMN_1692169:NAT5	242	21	20	19997760	20014299
ENSG00000184613:ILMN_1692260:NELL2	243	2	12	44902058	45278334
ENSG00000122299:ILMN_1693227:ZC3H7A	248	1	16	11844442	11891099
ENSG00000135709:ILMN_1693233:KIAA0513	248	3	16	85061410	85127826
ENSG00000170248:ILMN_1693259:PDCD6IP	248	7	3	33839557	33911194
ENSG00000111850:ILMN_1693323:C6orf162	248	16	6	88032306	88052043
ENSG00000214575:ILMN_1693345:CPEB1	248	23	15	83211954	83316728
ENSG00000076554:ILMN_1693367:TPD52	249	1	8	80947107	81083836
ENSG00000174405:ILMN_1693758:LIG4	251	11	13	108859794	108870716
ENSG00000132932:ILMN_1693896:ATP8A2	252	4	13	25946209	26599989
ENSG00000166233:ILMN_1694219:ARIH1	254	4	15	72766667	72879692
ENSG00000119640:ILMN_1694233:ACYP1	254	6	14	75519930	75530736
ENSG00000169032:ILMN_1694240:MAP2K1	254	7	15	66679155	66783882
ENSG00000155906:ILMN_1694533:RMND1	255	24	6	151725989	151773316
ENSG00000180185:ILMN_1694593:FAHD1	256	13	16	1876968	1890208
ENSG00000116171:ILMN_1694776:SCP2	257	8	1	53392948	53517282
ENSG00000125851:ILMN_1695003:PCSK2	258	21	20	17206752	17465223
ENSG00000182093:ILMN_1695092:WRB	259	9	21	40752170	40800454
ENSG00000147655:ILMN_1695108:RSPO2	259	12	8	108911544	109095913
ENSG00000166974:ILMN_1695276:MAPRE2	260	3	18	32556892	32725381
ENSG00000136144:ILMN_1695317:RCBTB1	260	11	13	50106082	50159719
ENSG00000108384:ILMN_1695386:RAD51C	260	23	17	56769934	56811703
ENSG00000131462:ILMN_1695731:TUBG1	262	12	17	40761694	40767247
ENSG00000139842:ILMN_1695792:CUL4A	262	18	13	113863086	113919399
ENSG00000177098:ILMN_1695947:SCN4B	264	0	11	118004092	118023630
ENSG00000070831:ILMN_1696041:CDC42	264	21	1	22379120	22419437
ENSG00000151136:ILMN_1696582:BTBD11	268	7	12	107712190	108053419
ENSG00000131051:ILMN_1696935:RBM39	270	13	20	34291531	34330234
ENSG00000136819:ILMN_1697166:C9orf78	271	8	9	132589565	132598142
ENSG00000112739:ILMN_1697168:PRPF4B	271	9	6	4021501	4065217
ENSG00000100320:ILMN_1697418:RBM9	272	15	22	36134783	36424585
ENSG00000163625:ILMN_1697493:WDFY3	273	3	4	85590704	85887544
ENSG00000101438:ILMN_1697512:SLC32A1	273	7	20	37353105	37358015
ENSG00000170634:ILMN_1697550:ACYP2	273	14	2	54342540	54532437
ENSG00000075089:ILMN_1697585:ACTR6	273	19	12	100593865	100618201
ENSG00000115762:ILMN_1697652:PLEKHB2	274	7	2	131862420	132111282
ENSG00000172260:ILMN_1697804:NEGR1	275	11	1	71868625	72748417
ENSG00000110218:ILMN_1697817:PANX1	275	12	11	93862094	93915133
ENSG00000136267:ILMN_1697914:DGKB	275	23	7	14184674	15014402
ENSG00000135299:ILMN_1698159:ANKRD6	277	3	6	90142897	90343553
ENSG00000149313:ILMN_1698189:AASDHPPT	277	10	11	105948285	105969419
ENSG00000197535:ILMN_1698225:MYO5A	277	16	15	52599480	52821247
ENSG00000115762:ILMN_1698323:PLEKHB2	278	7	2	131862420	132111282
ENSG00000069966:ILMN_1698395:GNB5	278	15	15	52413117	52483566
ENSG00000128699:ILMN_1698406:ORMDL1	278	18	2	190635049	190649097
ENSG00000204370:ILMN_1698487:SDHD	279	6	11	111957622	111966517
ENSG00000156395:ILMN_1698516:SORCS3	279	10	10	106400859	107024993
ENSG00000166411:ILMN_1698533:IDH3A	279	13	15	78441663	78464291
ENSG00000081760:ILMN_1698554:AACS	279	15	12	125549925	125627871
ENSG00000153291:ILMN_1698726:SLC25A27	280	9	6	46620678	46649356
ENSG00000196090:ILMN_1698885:PTPRT	281	5	20	40701392	41818610
ENSG00000154429:ILMN_1699217:C1orf96	282	21	1	229456758	229479041
ENSG00000185774:ILMN_1699469:KCNIP4	283	21	4	20730230	21950304
ENSG00000161203:ILMN_1699598:AP2M1	284	14	3	183892477	183901879
ENSG00000054803:ILMN_1699768:CBLN4	285	20	20	54572496	54580528
ENSG00000144306:ILMN_1699844:SCRN3	286	9	2	175260458	175293727
ENSG00000185515:ILMN_1700026:BRCC3	287	7	23	154299695	154351349
ENSG00000115290:ILMN_1700037:GRB14	287	10	2	165349322	165478358
ENSG00000023330:ILMN_1700047:ALAS1	287	13	3	52232102	52248343
ENSG00000111801:ILMN_1700067:BTN3A3	287	14	6	26440700	26453643
ENSG00000136783:ILMN_1700159:NIPSNAP3A	287	21	9	107509969	107522403
ENSG00000166257:ILMN_1700328:SCN3B	288	17	11	123499897	123525315
ENSG00000021645:ILMN_1700657:NRXN3	290	17	14	79081275	80330758
ENSG00000047346:ILMN_1700733:KIAA1370	291	3	15	52873530	52970820
ENSG00000163002:ILMN_1701374:NUP35	294	4	2	183982242	184026408
ENSG00000180185:ILMN_1701457:FAHD1	294	18	16	1876968	1890208
ENSG00000138311:ILMN_1701881:ZNF365	297	2	10	64133916	64431771
ENSG00000145335:ILMN_1701933:SNCA	297	11	4	90646705	90759466
ENSG00000159082:ILMN_1701991:SYNJ1	297	22	21	33997269	34100359
ENSG00000166946:ILMN_1702247:CCNDBP1	299	15	15	43477455	43487396
ENSG00000112146:ILMN_1702928:FBXO9	303	15	6	52916789	52965671
ENSG00000108582:ILMN_1703074:CPD	304	12	17	28705942	28796730
ENSG00000138686:ILMN_1703111:BBS7	304	20	4	122745595	122791652
ENSG00000171951:ILMN_1703178:SCG2	305	4	2	224461658	224467221
ENSG00000143013:ILMN_1703487:LMO4	306	23	1	87794151	87812788
ENSG00000197991:ILMN_1703572:PCDH20	307	8	13	61983821	62002220
ENSG00000186462:ILMN_1703684:NAP1L2	307	21	23	72432178	72434684
ENSG00000101639:ILMN_1703754:CEP192	308	8	18	13008499	13125052
ENSG00000125863:ILMN_1703916:MKKS	309	4	20	10385428	10414870
ENSG00000155096:ILMN_1704550:AZIN1	312	13	8	103838536	103876397
ENSG00000111237:ILMN_1704619:VPS29	313	0	12	110929330	110939916
ENSG00000085415:ILMN_1705032:SEH1L	314	21	18	12947983	12987533
ENSG00000151136:ILMN_1705066:BTBD11	315	2	12	107712190	108053419
ENSG00000164815:ILMN_1705093:ORC5L	315	7	7	103766788	103848495
ENSG00000100285:ILMN_1705153:NEFH	315	15	22	29876219	29887379
ENSG00000172915:ILMN_1705346:NBEA	316	18	13	35516456	36247159
ENSG00000121879:ILMN_1705468:PIK3CA	317	10	3	178865902	178957881
ENSG00000182518:ILMN_1705848:FAM104B	319	14	23	55169535	55187743
ENSG00000124789:ILMN_1705907:NUP153	319	24	6	17615269	17706818
ENSG00000135423:ILMN_1706070:GLS2	320	18	12	56864736	56882198
ENSG00000112685:ILMN_1706410:EXOC2	322	9	6	485133	693111
ENSG00000091972:ILMN_1706722:CD200	324	8	3	112051915	112081659
ENSG00000105968:ILMN_1706784:H2AFV	324	15	7	44866390	44887729
ENSG00000113649:ILMN_1706839:TCERG1	324	23	5	145826873	145891524
ENSG00000089123:ILMN_1707326:TASP1	327	6	20	13370037	13619587
ENSG00000165410:ILMN_1707356:CFL2	327	14	14	35179593	35183896
ENSG00000186297:ILMN_1707571:GABRA5	328	11	15	27112058	27194349
ENSG00000133398:ILMN_1707631:MED10	328	20	5	6372040	6378639
ENSG00000133135:ILMN_1707807:RNF128	329	21	23	105937024	106040244
ENSG00000157064:ILMN_1707881:NMNAT2	330	1	1	183217372	183387737
ENSG00000109016:ILMN_1707901:DHRS7B	330	3	17	21030258	21094836
ENSG00000198908:ILMN_1708131:BHLHB9	331	9	23	101975616	102008468
ENSG00000175175:ILMN_1708508:PPM1E	333	12	17	56833232	57062532
ENSG00000085415:ILMN_1708619:SEH1L	334	2	18	12947983	12987533
ENSG00000113384:ILMN_1708841:GOLPH3	335	0	5	32124810	32174441
ENSG00000171109:ILMN_1708959:MFN1	335	17	3	179065480	179112719
ENSG00000154162:ILMN_1709269:CDH12	337	19	5	21750973	22853731
ENSG00000166206:ILMN_1709681:GABRB3	339	15	15	26788693	27018924
ENSG00000145740:ILMN_1709728:SLC30A5	339	21	5	68389788	68426896
ENSG00000062485:ILMN_1709775:CS	340	3	12	56665483	56694175
ENSG00000138459:ILMN_1709817:SLC35A5	340	11	3	112280556	112304424
ENSG00000162630:ILMN_1709907:B3GALT2	340	23	1	193148175	193155784
ENSG00000081803:ILMN_1710026:CADPS2	341	6	7	121958481	122526554
ENSG00000174136:ILMN_1710479:RGMB	343	0	5	98104999	98132196
ENSG00000175426:ILMN_1710859:PCSK1	344	22	5	95726119	95768984
ENSG00000155975:ILMN_1711139:VPS37A	346	15	8	17104401	17155533
ENSG00000111674:ILMN_1711210:ENO2	347	1	12	7023614	7032859
ENSG00000108395:ILMN_1711327:TRIM37	347	17	17	57060002	57184266
ENSG00000166946:ILMN_1711459:CCNDBP1	348	15	15	43477455	43487396
ENSG00000077152:ILMN_1711470:UBE2T	348	17	1	202300785	202311108
ENSG00000114573:ILMN_1711516:ATP6V1A	349	0	3	113465866	113530903
ENSG00000145293:ILMN_1711878:ENOPH1	350	20	4	83351715	83382244
ENSG00000197147:ILMN_1712128:LRRC8B	352	8	1	89990395	90063423
ENSG00000122254:ILMN_1712475:HS3ST2	354	3	16	22825498	22927659
ENSG00000130226:ILMN_1712506:DPP6	354	6	7	153584182	154685995
ENSG00000100744:ILMN_1712748:C14orf129	356	1	14	96829863	96853623
ENSG00000124588:ILMN_1712918:NQO2	357	7	6	2988221	3019996
ENSG00000187094:ILMN_1712943:CCK	357	11	3	42299317	42307699
ENSG00000114686:ILMN_1713143:MRPL3	358	13	3	131181046	131221829
ENSG00000156256:ILMN_1713161:USP16	358	16	21	30396950	30426809
ENSG00000134121:ILMN_1713347:CHL1	359	12	3	238279	451090
ENSG00000125869:ILMN_1713561:C20orf103	360	17	20	9495008	9511171
ENSG00000072201:ILMN_1713841:LNX1	362	4	4	54325468	54457724
ENSG00000132640:ILMN_1713964:BTBD3	362	16	20	11871371	11907257
ENSG00000111726:ILMN_1714082:CMAS	363	5	12	22199159	22218602
ENSG00000145332:ILMN_1714083:KLHL8	363	6	4	88081255	88141760
ENSG00000111218:ILMN_1714121:PRMT8	363	10	12	3600402	3703139
ENSG00000138604:ILMN_1714349:GLCE	364	9	15	69452973	69564538
ENSG00000013561:ILMN_1714461:RNF14	365	6	5	141346437	141369856
ENSG00000128626:ILMN_1714515:MRPS12	365	11	19	39421348	39423657
ENSG00000145817:ILMN_1714756:YIPF5	366	17	5	143537723	143550278
ENSG00000138650:ILMN_1715458:PCDH10	370	9	4	134070470	134112731
ENSG00000171243:ILMN_1715463:SOSTDC1	370	10	7	16501106	16570205
ENSG00000184402:ILMN_1715500:SS18L1	370	13	20	60718822	60757540
ENSG00000115756:ILMN_1715672:HPCAL1	371	16	2	10443015	10567743
ENSG00000165434:ILMN_1716265:PGM2L1	375	0	11	74041361	74109502
ENSG00000143156:ILMN_1716583:NME7	377	0	1	169101769	169337205
ENSG00000054277:ILMN_1716988:OPN3	379	6	1	241753404	241840678
ENSG00000112146:ILMN_1717063:FBXO9	379	18	6	52916789	52965671
ENSG00000089289:ILMN_1717165:IGBP1	380	3	23	69353299	69386174
ENSG00000139505:ILMN_1717180:MTMR6	380	5	13	25820339	25862147
ENSG00000196482:ILMN_1717593:ESRRG	382	6	1	216676588	217311097
ENSG00000113805:ILMN_1717599:CNTN3	382	8	3	74311719	74570291
ENSG00000145632:ILMN_1717706:PLK2	382	17	5	57749809	57756087
ENSG00000196368:ILMN_1717765:NUDT11	382	23	23	51232863	51239448
ENSG00000066651:ILMN_1717854:TRMT11	383	9	6	126307576	126360937
ENSG00000101247:ILMN_1718501:C20orf7	386	21	20	13765596	13799067
ENSG00000125863:ILMN_1718718:MKKS	387	24	20	10385428	10414870
ENSG00000115896:ILMN_1718852:PLCL1	388	20	2	198669426	199437305
ENSG00000135750:ILMN_1718863:KCNK1	388	22	1	233749750	233808258
ENSG00000179981:ILMN_1718907:TSHZ1	389	2	18	72922752	73001905
ENSG00000097021:ILMN_1719178:ACOT7	390	23	1	6324333	6454451
ENSG00000148572:ILMN_1719344:NRBF2	391	24	10	64893050	64914783
ENSG00000167377:ILMN_1720027:ZNF23	395	3	16	71481500	71523214
ENSG00000151490:ILMN_1720113:PTPRO	395	14	12	15475451	15750335
ENSG00000164209:ILMN_1720311:SLC25A46	396	12	5	110074701	110100861
ENSG00000138757:ILMN_1720422:G3BP2	396	18	4	76567966	76598624
ENSG00000117155:ILMN_1720844:SSX2IP	399	2	1	85109390	85156486
ENSG00000117410:ILMN_1721391:ATP6V0B	402	8	1	44440602	44443971
ENSG00000165995:ILMN_1721601:CACNB2	403	12	10	18429606	18830798
ENSG00000162783:ILMN_1721833:IER5	404	23	1	181057638	181059977
ENSG00000154265:ILMN_1722286:ABCA5	407	5	17	67240576	67323323
ENSG00000146414:ILMN_1722423:SHPRH	407	20	6	146185381	146285559
ENSG00000163743:ILMN_1722698:RCHY1	409	11	4	76404247	76439640
ENSG00000108924:ILMN_1722829:HLF	410	9	17	53342321	53402426
ENSG00000173867:ILMN_1722838:MRPL46	410	13	15	89002707	89010650
ENSG00000130779:ILMN_1723058:CLIP1	411	20	12	122755981	122907116
ENSG00000158234:ILMN_1723268:FAIM	412	22	3	138327448	138352218
ENSG00000171723:ILMN_1723607:GPHN	414	15	14	66974125	67648520
ENSG00000120324:ILMN_1723685:PCDHB9	414	24	5	140571952	140575213
ENSG00000179388:ILMN_1724280:EGR3	417	21	8	22545172	22550815
ENSG00000105223:ILMN_1724324:PLD3	418	3	19	40854491	40886346
ENSG00000109189:ILMN_1724410:USP46	418	21	4	53457131	53525502
ENSG00000169891:ILMN_1724668:REPS2	420	7	23	16964814	17171403
ENSG00000101782:ILMN_1724700:RIOK3	420	16	18	21032787	21063104
ENSG00000134594:ILMN_1724708:RAB33A	420	17	23	129305623	129318844
ENSG00000172071:ILMN_1724984:EIF2AK3	422	7	2	88856259	88927094
ENSG00000124802:ILMN_1725105:EEF1E1	422	19	6	8073593	8102828
ENSG00000138785:ILMN_1725169:INTS12	423	2	4	106603784	106630265
ENSG00000163558:ILMN_1725188:PRKCI	423	7	3	169940153	170023769
ENSG00000145715:ILMN_1725312:RASA1	423	23	5	86564151	86687732
ENSG00000184613:ILMN_1725417:NELL2	424	7	12	44902058	45278334
ENSG00000091844:ILMN_1725485:RGS17	424	12	6	153331857	153452384
ENSG00000116133:ILMN_1725510:DHCR24	424	14	1	55315306	55352891
ENSG00000139211:ILMN_1725896:AMIGO2	426	19	12	47469490	47473734
ENSG00000089818:ILMN_1726359:NECAP1	428	21	12	8234807	8250373
ENSG00000112996:ILMN_1726743:MRPS30	431	7	5	44809027	44820530
ENSG00000138663:ILMN_1726755:COPS4	431	10	4	83956243	83996971
ENSG00000169255:ILMN_1726840:B3GALNT1	431	23	3	160801671	160823172
ENSG00000151025:ILMN_1727093:GPR158	433	14	10	25463991	25891155
ENSG00000143158:ILMN_1727813:BRP44	438	5	1	167885967	167906278
ENSG00000196387:ILMN_1727923:ZNF140	438	18	12	133657037	133684260
ENSG00000146938:ILMN_1728011:NLGN4X	439	3	23	5758678	6146904
ENSG00000168917:ILMN_1728202:TMEM22	440	5	3	136537489	136574734
ENSG00000023330:ILMN_1728309:ALAS1	440	19	3	52232102	52248343
ENSG00000073464:ILMN_1728369:CLCN4	441	5	23	10125024	10205700
ENSG00000144362:ILMN_1728380:PHOSPHO2	441	6	2	170550975	170558218
ENSG00000066777:ILMN_1728471:ARFGEF1	441	17	8	68109897	68255912
ENSG00000128245:ILMN_1728512:YWHAH	441	23	22	32340447	32353590
ENSG00000069509:ILMN_1728540:FUNDC1	442	4	23	44382885	44402247
ENSG00000164961:ILMN_1728676:KIAA0196	442	20	8	126036505	126104061
ENSG00000023228:ILMN_1728810:NDUFS1	443	16	2	206986149	207024327
ENSG00000155093:ILMN_1728844:PTPRN2	443	18	7	157331750	158380480
ENSG00000097021:ILMN_1728883:ACOT7	443	23	1	6324333	6454451
ENSG00000085365:ILMN_1728907:SCAMP1	444	1	5	77656339	77776562
ENSG00000198901:ILMN_1728934:PRC1	444	4	15	91509275	91537804
ENSG00000133028:ILMN_1728975:SCO1	444	9	17	10583654	10600885
ENSG00000170515:ILMN_1728984:PA2G4	444	12	12	56498103	56507693
ENSG00000085365:ILMN_1729058:SCAMP1	444	18	5	77656339	77776562
ENSG00000133401:ILMN_1729095:PDZD2	444	21	5	31639517	32111037
ENSG00000204262:ILMN_1729117:COL5A2	444	24	2	189896622	190044605
ENSG00000110429:ILMN_1729175:FBXO3	445	7	11	33762490	33796071
ENSG00000118733:ILMN_1729617:OLFM3	447	8	1	102268130	102462790
ENSG00000174514:ILMN_1729734:MFSD4	447	23	1	205538013	205572046
ENSG00000117154:ILMN_1730039:IGSF21	449	13	1	18434240	18704977
ENSG00000167377:ILMN_1730175:ZNF23	450	6	16	71481500	71523214
ENSG00000172115:ILMN_1730416:CYCS	451	4	7	25159710	25164980
ENSG00000176840:ILMN_1730818:C19orf30	453	17	19	4769117	4772568
ENSG00000104231:ILMN_1730907:ZFAND1	454	4	8	82613958	82633530
ENSG00000112685:ILMN_1731180:EXOC2	455	21	6	485133	693111
ENSG00000133794:ILMN_1731476:ARNTL	457	13	11	13299325	13408813
ENSG00000116750:ILMN_1731612:UCHL5	458	9	1	192984889	193029210
ENSG00000145740:ILMN_1732079:SLC30A5	460	15	5	68389788	68426896
ENSG00000066557:ILMN_1732509:LRRC40	462	15	1	70610488	70671303
ENSG00000118276:ILMN_1732555:B4GALT6	462	22	18	29202209	29264686
ENSG00000136531:ILMN_1732782:SCN2A	463	24	2	166095912	166248818
ENSG00000102466:ILMN_1732976:FGF14	464	21	13	102375035	103054124
ENSG00000099341:ILMN_1733256:PSMD8	466	1	19	38865176	38874464
ENSG00000117020:ILMN_1733598:AKT3	467	23	1	243651535	244013430
ENSG00000065609:ILMN_1733648:SNAP91	468	3	6	84262604	84419127
ENSG00000104164:ILMN_1733666:PLDN	468	6	15	45879417	45901909
ENSG00000145526:ILMN_1733669:CDH18	468	8	5	19473141	19988339
ENSG00000130830:ILMN_1733675:MPP1	468	9	23	154006959	154049282
ENSG00000177971:ILMN_1733696:IMP3	468	13	15	75931426	75941047
ENSG00000068615:ILMN_1733746:REEP1	468	17	2	86441116	86565206
ENSG00000163630:ILMN_1733860:SYNPR	469	6	3	63213991	63602597
ENSG00000063438:ILMN_1733931:PDCD6	469	16	5	271739	438392
ENSG00000108960:ILMN_1733937:MMD	469	18	17	53469974	53499341
ENSG00000165813:ILMN_1734010:C10orf118	470	5	10	115880621	115933979
ENSG00000132334:ILMN_1734543:PTPRE	472	8	10	129705325	129884119
ENSG00000181191:ILMN_1734810:PJA1	474	0	23	68380694	68385364
ENSG00000138802:ILMN_1735148:SEC24B	475	18	4	110354871	110461609
ENSG00000198301:ILMN_1735360:SDAD1	476	22	4	76871059	76912113
ENSG00000121897:ILMN_1736077:LIAS	480	9	4	39460620	39479273
ENSG00000164794:ILMN_1736303:KCNV1	481	18	8	110979235	110986959
ENSG00000101333:ILMN_1736426:PLCB4	482	2	20	9049410	9461889
ENSG00000163053:ILMN_1736546:SLC16A14	482	18	2	230899698	230933715
ENSG00000107242:ILMN_1736654:PIP5K1B	483	10	9	71320616	71624092
ENSG00000184307:ILMN_1736901:ZDHHC23	484	19	3	113666748	113684248
ENSG00000148154:ILMN_1736939:UGCG	484	23	9	114659046	114697649
ENSG00000121871:ILMN_1736969:SLITRK3	485	5	3	164904508	164914897
ENSG00000154822:ILMN_1737025:PLCL2	485	15	3	16844159	17132094
ENSG00000173221:ILMN_1737308:GLRX	487	4	5	95149553	95158709
ENSG00000095002:ILMN_1737413:MSH2	487	20	2	47630108	47789450
ENSG00000164830:ILMN_1737462:OXR1	488	2	8	107282473	107764922
ENSG00000145715:ILMN_1737576:RASA1	488	16	5	86564151	86687732
ENSG00000160221:ILMN_1737588:C21orf33	488	19	21	45553487	45565605
ENSG00000139190:ILMN_1737611:VAMP1	488	22	12	6571406	6580065
ENSG00000168438:ILMN_1737651:CDC40	489	8	6	110501344	110575478
ENSG00000023572:ILMN_1737912:GLRX2	490	14	1	193065598	193075244
ENSG00000118402:ILMN_1737965:ELOVL4	490	23	6	80624529	80657297
ENSG00000101079:ILMN_1738229:NDRG3	492	3	20	35280169	35374481
ENSG00000070831:ILMN_1738424:CDC42	493	14	1	22379120	22419437
ENSG00000119042:ILMN_1738657:SATB2	494	23	2	200134223	200335989
ENSG00000107242:ILMN_1738757:PIP5K1B	495	19	9	71320616	71624092
ENSG00000151835:ILMN_1738832:SACS	496	9	13	23902965	24007841
ENSG00000144278:ILMN_1738869:GALNT13	496	16	2	154728426	155310361
ENSG00000077616:ILMN_1740024:NAALAD2	502	19	11	89867818	89925768
ENSG00000115947:ILMN_1740083:ORC4L	503	0	2	148691732	148779136
ENSG00000097021:ILMN_1740265:ACOT7	504	6	1	6324333	6454451
ENSG00000132639:ILMN_1740555:SNAP25	505	24	20	10199478	10288066
ENSG00000129355:ILMN_1740597:CDKN2D	506	5	19	10677139	10679655
ENSG00000136099:ILMN_1740623:PCDH8	506	11	13	53418109	53422775
ENSG00000144285:ILMN_1741059:SCN1A	508	22	2	166845670	166930149
ENSG00000083750:ILMN_1741219:RRAGB	509	17	23	55744172	55785207
ENSG00000115828:ILMN_1741727:QPCT	512	3	2	37571717	37600465
ENSG00000097046:ILMN_1741801:CDC7	512	9	1	91966404	91991321
ENSG00000185420:ILMN_1741954:SMYD3	512	20	1	245912644	246670614
ENSG00000106484:ILMN_1742307:MEST	515	0	7	130126046	130146133
ENSG00000134996:ILMN_1742456:OSTF1	515	20	9	77703459	77762181
ENSG00000081189:ILMN_1742544:MEF2C	516	6	5	88014058	88199869
ENSG00000162642:ILMN_1742611:C1orf52	516	16	1	85715639	85725355
ENSG00000165023:ILMN_1742846:DIRAS2	518	0	9	93372114	93405386
ENSG00000067715:ILMN_1742881:SYT1	518	4	12	79257773	79845787
ENSG00000157064:ILMN_1742968:NMNAT2	518	15	1	183217372	183387737
ENSG00000196090:ILMN_1743175:PTPRT	519	14	20	40701392	41818610
ENSG00000124659:ILMN_1743352:TBCC	520	15	6	42712219	42714558
ENSG00000102078:ILMN_1743770:SLC25A14	522	14	23	129473874	129507335
ENSG00000169018:ILMN_1744239:FEM1B	524	18	15	68570141	68588203
ENSG00000197930:ILMN_1744963:ERO1L	528	5	14	53106634	53162432
ENSG00000143621:ILMN_1745172:ILF2	529	15	1	153634512	153643524
ENSG00000146007:ILMN_1745343:ZMAT2	530	2	5	140079919	140086266
ENSG00000183726:ILMN_1745368:TMEM50A	530	7	1	25664408	25688852
ENSG00000010818:ILMN_1745447:HIVEP2	530	19	6	143072604	143266338
ENSG00000168329:ILMN_1745788:CX3CR1	532	15	3	39304985	39323186
ENSG00000198954:ILMN_1745813:KIAA1279	532	21	10	70748487	70776738
ENSG00000123352:ILMN_1746029:SPATS2	534	3	12	49760688	49921207
ENSG00000154174:ILMN_1746426:TOMM70A	536	0	3	100082275	100120242
ENSG00000115204:ILMN_1746457:MPV17	536	5	2	27532360	27548547
ENSG00000004897:ILMN_1746533:CDC27	536	15	17	45195310	45266665
ENSG00000080371:ILMN_1746856:RAB21	538	16	12	72148658	72181150
ENSG00000138764:ILMN_1747244:CCNG2	540	14	4	78078357	78354542
ENSG00000054277:ILMN_1747697:OPN3	542	9	1	241753404	241840678
ENSG00000058335:ILMN_1748083:RASGRF1	543	19	15	79252289	79383215
ENSG00000166448:ILMN_1748812:TMEM130	547	3	7	98444111	98468394
ENSG00000129355:ILMN_1748883:CDKN2D	547	12	19	10677139	10679655
ENSG00000154265:ILMN_1749001:ABCA5	548	12	17	67240576	67323323
ENSG00000131473:ILMN_1749014:ACLY	548	16	17	40023161	40075272
ENSG00000143786:ILMN_1749071:CNIH3	548	23	1	224622362	224928251
ENSG00000171509:ILMN_1749150:RXFP1	549	12	4	159435990	159574524
ENSG00000197579:ILMN_1749218:TOPORS	549	20	9	32540542	32552551
ENSG00000154065:ILMN_1749338:ANKRD29	550	9	18	21178890	21242851
ENSG00000106591:ILMN_1749432:MRPL32	551	2	7	42971799	42988557
ENSG00000055130:ILMN_1749629:CUL1	551	19	7	148395006	148498201
ENSG00000110429:ILMN_1749641:FBXO3	551	23	11	33762490	33796071
ENSG00000080709:ILMN_1749996:KCNN2	553	13	5	113698016	113832197
ENSG00000109819:ILMN_1750062:PPARGC1A	553	21	4	23793644	23891700
ENSG00000135164:ILMN_1750075:DMTF1	553	22	7	86781677	86825648
ENSG00000123595:ILMN_1750409:RAB9A	556	3	23	13707244	13728625
ENSG00000178235:ILMN_1750940:SLITRK1	558	16	13	84451344	84456528
ENSG00000113643:ILMN_1751378:RARS	560	21	5	167913450	167946306
ENSG00000131507:ILMN_1751452:NDFIP1	561	11	5	141488070	141534008
ENSG00000102466:ILMN_1751495:FGF14	561	22	13	102375035	103054124
ENSG00000178965:ILMN_1751569:C1orf173	562	2	1	75033795	75139422
ENSG00000170584:ILMN_1751589:NUDCD2	562	8	5	162880494	162887146
ENSG00000168539:ILMN_1751689:CHRM1	562	20	11	62676152	62689012
ENSG00000152128:ILMN_1751901:TMEM163	564	0	2	135213330	135476570
ENSG00000163444:ILMN_1752589:TMEM183A	567	6	1	202976514	202993976
ENSG00000113595:ILMN_1752741:TRIM23	567	23	5	64885507	64920443
ENSG00000101977:ILMN_1752750:MCF2	567	24	23	138663929	138790375
ENSG00000129472:ILMN_1753002:RAB2B	569	6	14	21927179	21945132
ENSG00000059691:ILMN_1753010:PET112L	569	9	4	152591805	152682134
ENSG00000163950:ILMN_1753353:SLBP	571	4	4	1694527	1714282
ENSG00000113319:ILMN_1753377:RASGRF2	571	7	5	80256558	80525975
ENSG00000165322:ILMN_1753500:ARHGAP12	572	5	10	32094365	32217770
ENSG00000169933:ILMN_1754018:FRMPD4	574	22	23	12156585	12742642
ENSG00000157445:ILMN_1754076:CACNA2D3	575	5	3	54156574	55108584
ENSG00000109670:ILMN_1754279:FBXW7	576	10	4	153242410	153456172
ENSG00000158301:ILMN_1754727:GPRASP2	578	14	23	101967318	101972661
ENSG00000128626:ILMN_1754860:MRPS12	579	7	19	39421348	39423657
ENSG00000138777:ILMN_1755041:PPA2	580	5	4	106290234	106395227
ENSG00000173674:ILMN_1755419:EIF1AX	582	1	23	20142636	20159962
ENSG00000102144:ILMN_1755749:PGK1	583	12	23	77320685	77384793
ENSG00000101746:ILMN_1756052:NOL4	584	19	18	31431064	31803515
ENSG00000121931:ILMN_1756811:C1orf103	588	13	1	111489812	111506587
ENSG00000188010:ILMN_1756826:MORN2	588	14	2	39103103	39156213
ENSG00000145349:ILMN_1757060:CAMK2D	590	0	4	114372188	114683083
ENSG00000117020:ILMN_1757130:AKT3	590	10	1	243651535	244013430
ENSG00000131931:ILMN_1757272:THAP1	591	6	8	42691818	42698474
ENSG00000154277:ILMN_1757387:UCHL1	592	2	4	41258850	41270446
ENSG00000117152:ILMN_1758067:RGS4	595	0	1	163038396	163046592
ENSG00000101911:ILMN_1758104:PRPS2	595	7	23	12809474	12842341
ENSG00000111652:ILMN_1758412:COPS7A	596	24	12	6833212	6841026
ENSG00000151414:ILMN_1758548:NEK7	597	11	1	198126121	198291550
ENSG00000130347:ILMN_1758827:RTN4IP1	598	24	6	107019846	107077362
ENSG00000047597:ILMN_1759117:XK	600	11	23	37545012	37591383
ENSG00000138757:ILMN_1759622:G3BP2	603	2	4	76567966	76598624
ENSG00000240344:ILMN_1760040:PPIL3	605	8	2	201735630	201754026
ENSG00000110148:ILMN_1760088:CCKBR	605	15	11	6280966	6293357
ENSG00000104327:ILMN_1760199:CALB1	606	0	8	91070836	91095107
ENSG00000164061:ILMN_1760246:BSN	606	8	3	49591922	49708978
ENSG00000112245:ILMN_1760575:PTP4A1	608	8	6	64231666	64293492
ENSG00000108384:ILMN_1760635:RAD51C	608	15	17	56769934	56811703
ENSG00000171208:ILMN_1760849:NETO2	609	16	16	47115548	47177908
ENSG00000136805:ILMN_1760866:C9orf4	609	19	9	111899167	111929571
ENSG00000066651:ILMN_1761148:TRMT11	611	12	6	126307576	126360937
ENSG00000145708:ILMN_1761312:CRHBP	612	8	5	76248680	76265299
ENSG00000134775:ILMN_1761322:FHOD3	612	11	18	33877702	34360018
ENSG00000121964:ILMN_1762167:GTDC1	617	7	2	144703321	145090135
ENSG00000121964:ILMN_1762741:GTDC1	619	24	2	144703321	145090135
ENSG00000198478:ILMN_1762764:SH3BGRL2	620	1	6	80341000	80413372
ENSG00000156875:ILMN_1763007:HIAT1	621	3	1	100503653	100548933
ENSG00000081803:ILMN_1763184:CADPS2	621	22	7	121958481	122526554
ENSG00000134049:ILMN_1763539:IER3IP1	624	3	18	44681413	44702745
ENSG00000157500:ILMN_1763730:APPL1	625	8	3	57261765	57307496
ENSG00000171246:ILMN_1763750:NPTX1	625	12	17	78440633	78450404
ENSG00000132406:ILMN_1764261:TMEM128	628	1	4	4237269	4249969
ENSG00000074935:ILMN_1764398:TUBE1	628	18	6	112391861	112408716
ENSG00000105983:ILMN_1764522:LMBR1	629	8	7	156473571	156685924
ENSG00000204103:ILMN_1764709:MAFB	630	3	20	39314488	39317880
ENSG00000066629:ILMN_1764829:EML1	630	21	14	100259745	100408393
ENSG00000115756:ILMN_1764850:HPCAL1	630	23	2	10443015	10567743
ENSG00000136738:ILMN_1765409:STAM	633	18	10	17686124	17757913
ENSG00000078902:ILMN_1765523:TOLLIP	634	8	11	1295601	1330852
ENSG00000111674:ILMN_1765796:ENO2	635	13	12	7023614	7032859
ENSG00000135932:ILMN_1765858:CAB39	635	20	2	231577560	231685790
ENSG00000089199:ILMN_1765966:CHGB	636	3	20	5892076	5906007
ENSG00000145335:ILMN_1766165:SNCA	637	3	4	90646705	90759466
ENSG00000140945:ILMN_1766925:CDH13	640	20	16	82882260	83830204
ENSG00000149269:ILMN_1767365:PAK1	643	1	11	77033061	77185108
ENSG00000170153:ILMN_1767446:RNF150	643	12	4	141786725	142054616
ENSG00000172292:ILMN_1767662:LASS6	644	15	2	169312759	169631644
ENSG00000203880:ILMN_1767848:PCMTD2	645	18	20	62887048	62907583
ENSG00000153130:ILMN_1768050:SCOC	646	9	4	141178440	141303708
ENSG00000117395:ILMN_1768127:EBNA1BP2	647	0	1	43629855	43727589
ENSG00000188042:ILMN_1768391:ARL4C	648	1	2	235401685	235405697
ENSG00000132872:ILMN_1768705:SYT4	649	19	18	40847859	40857615
ENSG00000161057:ILMN_1768784:PSMC2	650	12	7	102984701	103009842
ENSG00000137726:ILMN_1768812:FXYD6	650	17	11	117707693	117747367
ENSG00000198898:ILMN_1768870:CAPZA2	651	4	7	116451124	116559315
ENSG00000172575:ILMN_1768958:RASGRP1	651	18	15	38780308	38857007
ENSG00000170941:ILMN_1769011:C8orf79	652	1	8	12803183	12888949
ENSG00000187672:ILMN_1769195:ERC2	653	8	3	55542336	56502391
ENSG00000107105:ILMN_1769369:ELAVL2	654	1	9	23690102	23826335
ENSG00000163964:ILMN_1769508:PIGX	654	24	3	196366646	196462878
ENSG00000144848:ILMN_1769566:ATG3	655	9	3	112251356	112280893
ENSG00000040341:ILMN_1769720:STAU2	656	3	8	74332608	74659075
ENSG00000165506:ILMN_1769757:C14orf104	656	11	14	50091892	50101948
ENSG00000137055:ILMN_1769822:PLAA	656	23	9	26904081	26947461
ENSG00000111371:ILMN_1769911:SLC38A1	657	10	12	46576843	46662780
ENSG00000169727:ILMN_1769960:GPS1	657	17	17	80009763	80015346
ENSG00000013441:ILMN_1770020:CLK1	658	2	2	201717732	201750495
ENSG00000164172:ILMN_1770087:MOCS2	658	17	5	52391509	52405598
ENSG00000109670:ILMN_1770484:FBXW7	660	22	4	153242410	153456172
ENSG00000169139:ILMN_1770515:UBE2V2	661	1	8	48920995	48974450
ENSG00000104888:ILMN_1770629:SLC17A7	661	13	19	49932656	49944808
ENSG00000147676:ILMN_1770653:MAL2	661	18	8	120220610	120257909
ENSG00000162980:ILMN_1771738:ARL5A	667	4	2	152645498	152685009
ENSG00000182141:ILMN_1771799:ZNF708	667	7	19	21473963	21512212
ENSG00000006530:ILMN_1772645:AGK	671	15	7	141250989	141355044
ENSG00000087095:ILMN_1772814:NLK	672	22	17	26369182	26523407
ENSG00000128590:ILMN_1773742:DNAJB9	677	2	7	108210012	108215294
ENSG00000117069:ILMN_1773959:ST6GALNAC5	678	1	1	77333126	77531396
ENSG00000106069:ILMN_1774110:CHN2	678	19	7	29186185	29553944
ENSG00000125835:ILMN_1774661:SNRPB	681	12	20	2442280	2451499
ENSG00000104723:ILMN_1774689:TUSC3	681	15	8	15397730	15624158
ENSG00000185737:ILMN_1774945:NRG3	682	23	10	83634806	84746933
ENSG00000138686:ILMN_1775012:BBS7	683	10	4	122745595	122791652
ENSG00000113712:ILMN_1775058:CSNK1A1	683	16	5	148874845	148931007
ENSG00000168032:ILMN_1775114:ENTPD3	683	24	3	40428647	40470110
ENSG00000115252:ILMN_1775163:PDE1A	684	3	2	183004763	183387919
ENSG00000119965:ILMN_1775423:C10orf88	685	10	10	124690419	124713919
ENSG00000163399:ILMN_1775566:ATP1A1	685	23	1	116915290	116952883
ENSG00000133135:ILMN_1775742:RNF128	686	20	23	105937024	106040244
ENSG00000100916:ILMN_1775943:BRMS1L	688	3	14	36295597	36341168
ENSG00000101843:ILMN_1776102:PSMD10	688	23	23	107327437	107334848
ENSG00000115652:ILMN_1776334:UXS1	690	1	2	106709759	106810795
ENSG00000138686:ILMN_1776656:BBS7	691	14	4	122745595	122791652
ENSG00000112146:ILMN_1777180:FBXO9	693	23	6	52916789	52965671
ENSG00000104412:ILMN_1777366:TTC35	694	23	8	109455853	109499135
ENSG00000164109:ILMN_1777564:MAD2L1	695	20	4	120980577	120988229
ENSG00000132964:ILMN_1777913:CDK8	697	7	13	26828276	26979375
ENSG00000145990:ILMN_1778240:GFOD1	699	3	6	13358062	13487787
ENSG00000133135:ILMN_1778338:RNF128	699	20	23	105937024	106040244
ENSG00000175497:ILMN_1778425:DPP10	700	9	2	115199876	116603328
ENSG00000115252:ILMN_1778924:PDE1A	702	23	2	183004763	183387919
ENSG00000103316:ILMN_1779241:CRYM	704	22	16	21269842	21314372
ENSG00000155744:ILMN_1779486:FAM126B	706	9	2	201843216	201936394
ENSG00000133103:ILMN_1779530:COG6	706	19	13	40229764	40365802
ENSG00000116141:ILMN_1779800:MARK1	708	3	1	220701568	220837803
ENSG00000110786:ILMN_1781073:PTPN5	713	21	11	18749475	18814268
ENSG00000100483:ILMN_1781102:C14orf138	714	1	14	50575350	50583318
ENSG00000114098:ILMN_1781151:ARMC8	714	11	3	137906109	138017231
ENSG00000067560:ILMN_1781290:RHOA	715	6	3	49396578	49450431
ENSG00000064225:ILMN_1781560:ST3GAL6	716	17	3	98451080	98540045
ENSG00000125675:ILMN_1782043:GRIA3	718	24	23	122318006	122624766
ENSG00000156469:ILMN_1782504:MTERFD1	721	1	8	97251663	97273817
ENSG00000061918:ILMN_1782567:GUCY1B3	721	9	4	156680126	156728782
ENSG00000063438:ILMN_1782679:PDCD6	721	22	5	271739	438392
ENSG00000184588:ILMN_1782922:PDE4B	723	9	1	66258197	66840262
ENSG00000130312:ILMN_1783681:MRPL34	726	4	19	17416477	17417652
ENSG00000159256:ILMN_1783702:MORC3	726	7	21	37692487	37748944
ENSG00000135535:ILMN_1783852:CD164	727	1	6	109687717	109703762
ENSG00000197969:ILMN_1784099:VPS13A	728	2	9	79792361	80036457
ENSG00000154265:ILMN_1784176:ABCA5	728	12	17	67240576	67323323
ENSG00000135249:ILMN_1784584:RINT1	730	24	7	105172532	105208124
ENSG00000097021:ILMN_1784756:ACOT7	731	18	1	6324333	6454451
ENSG00000184867:ILMN_1785170:ARMCX2	733	15	23	100910267	100914876
ENSG00000148229:ILMN_1785198:POLE3	733	23	9	116169515	116172952
ENSG00000138378:ILMN_1785202:STAT4	733	24	2	191894302	192016322
ENSG00000206052:ILMN_1785290:DOK6	734	10	18	67068291	67515825
ENSG00000113712:ILMN_1785988:CSNK1A1	737	13	5	148874845	148931007
ENSG00000165028:ILMN_1786308:NIPSNAP3B	739	10	9	107526438	107539738
ENSG00000163170:ILMN_1786658:BOLA3	740	23	2	74362525	74375039
ENSG00000162636:ILMN_1786789:FAM102B	741	17	1	109102711	109187522
ENSG00000107518:ILMN_1786966:ATRNL1	742	7	10	116853124	117708503
ENSG00000169255:ILMN_1787595:B3GALNT1	744	21	3	160801671	160823172
ENSG00000198932:ILMN_1787627:GPRASP1	744	24	23	101906294	101914008
ENSG00000147416:ILMN_1787705:ATP6V1B2	745	9	8	20054878	20079212
ENSG00000091972:ILMN_1787750:CD200	745	13	3	112051915	112081659
ENSG00000185774:ILMN_1787948:KCNIP4	746	13	4	20730230	21950304
ENSG00000115840:ILMN_1788053:SLC25A12	747	3	2	172640880	172864766
ENSG00000097021:ILMN_1788078:ACOT7	747	7	1	6324333	6454451
ENSG00000023909:ILMN_1788547:GCLM	749	15	1	94350761	94374966
ENSG00000070367:ILMN_1788625:EXOC5	749	21	14	57669201	57735617
ENSG00000146247:ILMN_1788689:PHIP	750	5	6	79650263	79788011
ENSG00000131931:ILMN_1788988:THAP1	751	16	8	42691818	42698474
ENSG00000165300:ILMN_1789040:SLITRK5	751	23	13	88324870	88331868
ENSG00000204217:ILMN_1789095:BMPR2	752	7	2	203241050	203432474
ENSG00000150995:ILMN_1789505:ITPR1	754	9	3	4535034	4889286
ENSG00000136243:ILMN_1789616:NUPL2	755	2	7	23221446	23240630
ENSG00000197969:ILMN_1789828:VPS13A	756	9	9	79792361	80036457
ENSG00000146278:ILMN_1789955:PNRC1	756	23	6	89790470	89794879
ENSG00000124198:ILMN_1789990:ARFGEF2	757	1	20	47538427	47653230
ENSG00000116030:ILMN_1790105:SUMO1	757	17	2	203070903	203103331
ENSG00000157404:ILMN_1790160:KIT	758	0	4	55524085	55606881
ENSG00000163938:ILMN_1790659:GNL3	760	2	3	52715172	52728508
ENSG00000080503:ILMN_1791702:SMARCA2	765	9	9	2015342	2193624
ENSG00000078237:ILMN_1791792:C12orf5	765	20	12	4430359	4469188
ENSG00000144647:ILMN_1792415:C3orf39	769	5	3	43120724	43147568
ENSG00000163001:ILMN_1792456:CCDC104	769	13	2	55746740	55773015
ENSG00000118200:ILMN_1792660:CAMSAP1L1	770	12	1	200708686	200829829
ENSG00000106603:ILMN_1793012:C7orf44	772	6	7	43648083	43769316
ENSG00000145545:ILMN_1793241:SRD5A1	773	1	5	6633456	6669675
ENSG00000166783:ILMN_1793371:KIAA0430	773	13	16	15688244	15737023
ENSG00000162434:ILMN_1793384:JAK1	773	15	1	65298912	65432187
ENSG00000088179:ILMN_1793549:PTPN4	774	8	2	120517207	120741394
ENSG00000115290:ILMN_1793832:GRB14	775	19	2	165349322	165478358
ENSG00000240225:ILMN_1793841:ZNF542	775	21	19	56879468	56891197
ENSG00000128654:ILMN_1794046:MTX2	776	19	2	177134123	177202753
ENSG00000142657:ILMN_1794165:PGD	777	11	1	10458649	10480201
ENSG00000172020:ILMN_1794552:GAP43	779	6	3	115342171	115440337
ENSG00000146469:ILMN_1794638:VIP	779	17	6	153071933	153080900
ENSG00000128594:ILMN_1794846:LRRC4	780	24	7	127667124	127672160
ENSG00000162545:ILMN_1794863:CAMK2N1	781	0	1	20808884	20812713
ENSG00000183780:ILMN_1794959:SLC35F3	781	13	1	234040679	234460262
ENSG00000072858:ILMN_1795118:SIDT1	782	3	3	113251143	113348425
ENSG00000104435:ILMN_1795679:STMN2	785	1	8	80523361	80578313
ENSG00000149970:ILMN_1795756:CNKSR2	785	13	23	21392560	21672813
ENSG00000159720:ILMN_1795826:ATP6V0D1	785	22	16	67471922	67515140
ENSG00000169727:ILMN_1795876:GPS1	786	7	17	80009763	80015346
ENSG00000141668:ILMN_1796069:CBLN2	787	0	18	70203915	70211774
ENSG00000070669:ILMN_1796417:ASNS	789	4	7	97481440	97501854
ENSG00000152214:ILMN_1796673:RIT2	790	15	18	40323192	40695657
ENSG00000108666:ILMN_1797155:C17orf75	793	2	17	30658392	30669189
ENSG00000084731:ILMN_1797277:KIF3C	793	14	2	26149471	26205618
ENSG00000137513:ILMN_1797332:NARS2	793	24	11	78147247	78285826
ENSG00000111364:ILMN_1797425:DDX55	794	13	12	124086672	124105480
ENSG00000106617:ILMN_1797531:PRKAG2	795	2	7	151253203	151574316
ENSG00000112972:ILMN_1797728:HMGCS1	796	4	5	43289493	43313595
ENSG00000164172:ILMN_1797925:MOCS2	797	9	5	52391509	52405598
ENSG00000162694:ILMN_1797950:EXTL2	797	12	1	101337943	101361554
ENSG00000146476:ILMN_1798108:C6orf211	798	12	6	151773422	151791236
ENSG00000134444:ILMN_1798346:KIAA1468	799	11	18	59854507	59974355
ENSG00000090060:ILMN_1798354:PAPOLA	799	12	14	96968718	97033425
ENSG00000071794:ILMN_1798588:HLTF	800	16	3	148747914	148804341
ENSG00000177565:ILMN_1798657:TBL1XR1	800	24	3	176737143	176915261
ENSG00000167005:ILMN_1798886:NUDT21	802	4	16	56463045	56485287
ENSG00000125835:ILMN_1799103:SNRPB	803	11	20	2442280	2451499
ENSG00000128654:ILMN_1799466:MTX2	805	1	2	177134123	177202753
ENSG00000147180:ILMN_1800253:ZNF711	808	20	23	84498997	84528368
ENSG00000113327:ILMN_1800270:GABRG2	808	23	5	161494546	161582545
ENSG00000115271:ILMN_1800602:GCA	810	8	2	163175350	163228105
ENSG00000169744:ILMN_1800697:LDB2	810	18	4	16503164	16900424
ENSG00000197969:ILMN_1800721:VPS13A	810	23	9	79792361	80036457
ENSG00000163932:ILMN_1801105:PRKCD	812	21	3	53190025	53226733
ENSG00000170941:ILMN_1801178:C8orf79	813	8	8	12803183	12888949
ENSG00000181788:ILMN_1801313:SIAH2	814	1	3	150458914	150481264
ENSG00000081803:ILMN_1801370:CADPS2	814	8	7	121958481	122526554
ENSG00000127337:ILMN_1801387:YEATS4	814	13	12	69753532	69784575
ENSG00000109158:ILMN_1801408:GABRA4	814	15	4	46920917	46996424
ENSG00000166477:ILMN_1801553:LEO1	815	6	15	52230222	52263997
ENSG00000164924:ILMN_1801928:YWHAZ	817	9	8	101930804	101965616
ENSG00000060140:ILMN_1802105:STYK1	818	5	12	10771538	10826891
ENSG00000119446:ILMN_1802355:RBM18	819	4	9	125001834	125027118
ENSG00000022355:ILMN_1802633:GABRA1	820	14	5	161274197	161326965
ENSG00000107758:ILMN_1802669:PPP3CB	820	20	10	75196186	75255782
ENSG00000144366:ILMN_1802690:GULP1	820	21	2	189156396	189460653
ENSG00000139220:ILMN_1803318:PPFIA2	823	19	12	81653356	81992099
ENSG00000116793:ILMN_1803464:PHTF1	824	15	1	114239453	114302111
ENSG00000164975:ILMN_1803611:SNAPC3	825	10	9	15422702	15465951
ENSG00000157064:ILMN_1803818:NMNAT2	826	18	1	183217372	183387737
ENSG00000196482:ILMN_1804064:ESRRG	827	24	1	216676588	217311097
ENSG00000105364:ILMN_1804207:MRPL4	828	11	19	10362640	10370736
ENSG00000151135:ILMN_1804611:C12orf23	830	8	12	107349544	107367811
ENSG00000196511:ILMN_1804629:TPK1	830	10	7	144149034	144533146
ENSG00000175497:ILMN_1805039:DPP10	832	14	2	115199876	116603328
ENSG00000157542:ILMN_1805376:KCNJ6	833	17	21	38996785	39288749
ENSG00000079819:ILMN_1805448:EPB41L2	833	24	6	131160487	131384462
ENSG00000066651:ILMN_1805481:TRMT11	834	4	6	126307576	126360937
ENSG00000067057:ILMN_1805737:PFKP	835	10	10	3109712	3179904
ENSG00000022267:ILMN_1805842:FHL1	836	2	23	135229624	135293518
ENSG00000133302:ILMN_1805985:ANKRD32	836	15	5	93954052	94075141
ENSG00000162188:ILMN_1806147:GNG3	837	16	11	62475114	62476675
ENSG00000138698:ILMN_1806266:RAP1GDS1	838	3	4	99182527	99365008
ENSG00000177189:ILMN_1806294:RPS6KA3	838	7	23	20168029	20285218
ENSG00000185518:ILMN_1806306:SV2B	838	11	15	91643515	91844539
ENSG00000110841:ILMN_1806320:PPFIBP1	838	16	12	27677045	27848496
ENSG00000112992:ILMN_1806634:NNT	840	2	5	43602825	43707507
ENSG00000113638:ILMN_1807088:TTC33	842	12	5	40714577	40756077
ENSG00000165630:ILMN_1807243:PRPF18	843	7	10	13628927	13672868
ENSG00000100612:ILMN_1807455:DHRS7	844	3	14	60610838	60632147
ENSG00000081154:ILMN_1807994:PCNP	846	22	3	101292939	101313281
ENSG00000145107:ILMN_1808325:TM4SF19	848	14	3	196042953	196065374
ENSG00000175395:ILMN_1808765:ZNF25	850	22	10	38238500	38265561
ENSG00000165916:ILMN_1809010:PSMC3	852	9	11	47440320	47448024
ENSG00000176769:ILMN_1809095:TCERG1L	852	17	10	132890654	133109986
ENSG00000165152:ILMN_1809323:C9orf125	853	17	9	104235453	104295819
ENSG00000148925:ILMN_1809344:BTBD10	853	20	11	13409558	13484838
ENSG00000164112:ILMN_1809947:TMEM155	857	4	4	122680088	122686582
ENSG00000163618:ILMN_1809972:CADPS	857	11	3	62384021	62861064
ENSG00000135341:ILMN_1810176:MAP3K7	858	12	6	91223292	91296764
ENSG00000032219:ILMN_1810229:ARID4A	858	21	14	58765103	58840451
ENSG00000114279:ILMN_1810283:FGF12	859	4	3	191859684	192485553
ENSG00000175054:ILMN_1810385:ATR	859	14	3	142168080	142297668
ENSG00000137055:ILMN_1810387:PLAA	859	15	9	26904081	26947461
ENSG00000033122:ILMN_1810593:LRRC7	860	15	1	70034081	70589167
ENSG00000110675:ILMN_1810604:ELMOD1	860	18	11	107461817	107537505
ENSG00000145817:ILMN_1810738:YIPF5	861	14	5	143537723	143550278
ENSG00000008869:ILMN_1810805:HEATR5B	861	20	2	37195526	37311485
ENSG00000135040:ILMN_1810826:MAK10	861	22	9	88556057	88637213
ENSG00000128626:ILMN_1810866:MRPS12	862	8	19	39421348	39423657
ENSG00000116199:ILMN_1811373:FAM20B	864	24	1	178994939	179045697
ENSG00000155961:ILMN_1811889:RAB39B	868	4	23	154487526	154493874
ENSG00000122335:ILMN_1812169:SERAC1	869	10	6	158530547	158589302
ENSG00000108278:ILMN_1812478:ZNHIT3	870	21	17	34842479	34851667
ENSG00000157005:ILMN_1812824:SST	872	16	3	187386694	187388187
ENSG00000181656:ILMN_1812946:GPR88	873	4	1	101003693	101007574
ENSG00000120805:ILMN_1813091:ARL1	873	19	12	101786923	101801572
ENSG00000112379:ILMN_1813100:KIAA1244	873	20	6	138483058	138665800
ENSG00000119878:ILMN_1813256:CRIPT	874	11	2	46843555	46852881
ENSG00000083720:ILMN_1813544:OXCT1	876	2	5	41730167	41870603
ENSG00000168575:ILMN_1813763:SLC20A2	877	11	8	42274016	42397068
ENSG00000198890:ILMN_1813834:PRMT6	877	22	1	107599301	107601916
ENSG00000157782:ILMN_1813946:CABP1	878	10	12	121078355	121105127
ENSG00000143318:ILMN_1813949:CASQ1	878	11	1	160160346	160171676
ENSG00000171246:ILMN_1814221:NPTX1	879	14	17	78440633	78450404
ENSG00000163536:ILMN_1814333:SERPINI1	879	24	3	167453031	167543356
ENSG00000138207:ILMN_1814719:RBP4	881	6	10	95351444	95361501
ENSG00000138760:ILMN_1814726:SCARB2	881	7	4	77079890	77135046
ENSG00000196353:ILMN_1814770:CPNE4	881	10	3	131253584	131759165
ENSG00000015479:ILMN_1815107:MATR3	882	24	5	138609792	138667360
ENSG00000163818:ILMN_1815705:LZTFL1	886	0	3	45864808	45957534
ENSG00000163002:ILMN_1815723:NUP35	886	5	2	183982242	184026408
