ENSG00000134294:ILMN_1651799:SLC38A2	4	16	12	46751972	46766645
ENSG00000171189:ILMN_1651817:GRIK1	4	18	21	30909254	31312351
ENSG00000198937:ILMN_1651987:C6orf129	5	18	6	37450696	37467700
ENSG00000055950:ILMN_1652147:MRPL43	6	15	10	102737578	102747272
ENSG00000104450:ILMN_1652314:SPAG1	7	15	8	101170263	101254130
ENSG00000177189:ILMN_1652736:RPS6KA3	10	5	23	20168029	20285218
ENSG00000185559:ILMN_1652975:DLK1	11	20	14	101193164	101201457
ENSG00000134508:ILMN_1653001:CABLES1	12	0	18	20715727	20840434
ENSG00000179094:ILMN_1653125:PER1	12	15	17	8043809	8059678
ENSG00000164485:ILMN_1653324:IL22RA2	13	22	6	137464968	137494785
ENSG00000108469:ILMN_1653340:RECQL5	13	23	17	73622933	73663269
ENSG00000152795:ILMN_1653432:HNRPDL	14	14	4	83343717	83351019
ENSG00000135821:ILMN_1653496:GLUL	15	3	1	182350839	182361341
ENSG00000104756:ILMN_1653612:KCTD9	15	16	8	25285366	25315983
ENSG00000088387:ILMN_1654129:DOCK9	18	8	13	99445741	99738879
ENSG00000164919:ILMN_1654151:COX6C	18	9	8	100890372	100905895
ENSG00000137496:ILMN_1654402:IL18BP	19	18	11	71709587	71716761
ENSG00000100348:ILMN_1654457:TXN2	20	4	22	36863083	36878077
ENSG00000151164:ILMN_1654677:RAD9B	21	19	12	110939460	110969891
ENSG00000155719:ILMN_1654980:OTOA	23	12	16	21689835	21772050
ENSG00000011304:ILMN_1655154:PTBP1	24	4	19	797392	812327
ENSG00000175110:ILMN_1655377:MRPS22	25	19	3	138724648	139076065
ENSG00000135829:ILMN_1656016:DHX9	29	22	1	182808504	182856886
ENSG00000084453:ILMN_1656097:SLCO1A2	30	9	12	21417534	21572528
ENSG00000108433:ILMN_1656293:GOSR2	31	15	17	45000486	45022263
ENSG00000134375:ILMN_1656798:TIMM17A	34	23	1	201924619	201939789
ENSG00000198130:ILMN_1656977:HIBCH	36	2	2	191054461	191208919
ENSG00000174448:ILMN_1657044:STARD6	36	11	18	51850964	51880943
ENSG00000115091:ILMN_1657153:ACTR3	37	4	2	114647537	114720173
ENSG00000213930:ILMN_1657475:GALT	38	23	9	34638130	34651032
ENSG00000179449:ILMN_1657478:MAGEL2	38	24	15	23889140	23890730
ENSG00000101310:ILMN_1657483:SEC23B	39	0	20	18488137	18542059
ENSG00000100664:ILMN_1657769:EIF5	40	24	14	103800493	103811359
ENSG00000187969:ILMN_1658074:ZCCHC13	42	19	23	73524025	73524868
ENSG00000186446:ILMN_1658158:ZNF501	43	8	3	44771088	44778575
ENSG00000160285:ILMN_1658271:LSS	44	4	21	47608360	47648738
ENSG00000183605:ILMN_1658437:SFXN4	45	8	10	120900279	120925189
ENSG00000158296:ILMN_1658519:SLC13A3	46	1	20	45186463	45304714
ENSG00000158019:ILMN_1658805:BRE	47	19	2	28112808	28561768
ENSG00000058063:ILMN_1658884:ATP11B	48	8	3	182511288	182639423
ENSG00000104725:ILMN_1659086:NEFL	49	17	8	24808468	24814624
ENSG00000102978:ILMN_1659411:POLR2C	51	11	16	57496299	57505922
ENSG00000168883:ILMN_1659523:USP39	52	0	2	85829965	85876406
ENSG00000159479:ILMN_1659537:MED8	52	4	1	43849588	43855483
ENSG00000005893:ILMN_1659753:LAMP2	53	4	23	119560004	119603204
ENSG00000155097:ILMN_1659801:ATP6V1C1	53	17	8	104033248	104085285
ENSG00000087053:ILMN_1659952:MTMR2	54	18	11	95566046	95658479
ENSG00000115350:ILMN_1660063:POLE4	55	12	2	75185619	75197255
ENSG00000111269:ILMN_1660223:CREBL2	56	5	12	12764831	12798041
ENSG00000132334:ILMN_1660907:PTPRE	60	11	10	129705325	129884119
ENSG00000084463:ILMN_1661051:WBP11	61	4	12	14939414	14956401
ENSG00000103404:ILMN_1661156:USP31	61	15	16	23072727	23160591
ENSG00000166136:ILMN_1661170:NDUFB8	61	17	10	102283497	102289757
ENSG00000182199:ILMN_1661264:SHMT2	62	1	12	57623519	57628714
ENSG00000162441:ILMN_1661627:LZIC	64	14	1	9982171	10003465
ENSG00000117906:ILMN_1662129:RCN2	67	13	15	77223960	77242601
ENSG00000138095:ILMN_1662417:LRPPRC	69	6	2	44113647	44223144
ENSG00000126550:ILMN_1662481:HTN1	69	16	4	70916119	70924562
ENSG00000187134:ILMN_1662507:AKR1C1	69	24	10	5000044	5022159
ENSG00000124440:ILMN_1663015:HIF3A	73	0	19	46800303	46846690
ENSG00000119048:ILMN_1663099:UBE2B	73	12	5	133706870	133727683
ENSG00000155097:ILMN_1663257:ATP6V1C1	74	11	8	104033248	104085285
ENSG00000160282:ILMN_1663569:FTCD	76	6	21	47556176	47575481
ENSG00000148842:ILMN_1663975:CNNM2	78	13	10	104678071	104838344
ENSG00000171109:ILMN_1664186:MFN1	80	2	3	179065480	179112719
ENSG00000042980:ILMN_1664236:ADAM28	80	5	8	24151580	24212726
ENSG00000091140:ILMN_1664577:DLD	82	1	7	107531415	107572175
ENSG00000042980:ILMN_1664631:ADAM28	82	11	8	24151580	24212726
ENSG00000137106:ILMN_1664798:GRHPR	83	11	9	37422663	37436987
ENSG00000119414:ILMN_1664921:PPP6C	84	7	9	127908852	127952218
ENSG00000095303:ILMN_1665100:PTGS1	85	5	9	125133359	125157982
ENSG00000122257:ILMN_1665135:RBBP6	85	9	16	24550908	24584184
ENSG00000121486:ILMN_1665300:C1orf25	86	6	1	185087220	185126204
ENSG00000085832:ILMN_1665357:EPS15	86	16	1	51819935	51985000
ENSG00000130649:ILMN_1665437:CYP2E1	87	6	10	135340876	135374724
ENSG00000151702:ILMN_1665738:FLI1	88	23	11	128563813	128683161
ENSG00000124207:ILMN_1665797:CSE1L	89	7	20	47662838	47713489
ENSG00000159461:ILMN_1666258:AMFR	92	0	16	56395364	56459448
ENSG00000166260:ILMN_1666280:COX11	92	2	17	53029267	53046054
ENSG00000167193:ILMN_1666494:CRK	93	8	17	1323983	1359552
ENSG00000060762:ILMN_1666967:BRP44L	96	12	6	166778407	166796486
ENSG00000112146:ILMN_1667120:FBXO9	97	12	6	52916789	52965671
ENSG00000196562:ILMN_1667460:SULF2	99	11	20	46285092	46415360
ENSG00000155657:ILMN_1667504:TTN	99	17	2	179390716	179695529
ENSG00000108384:ILMN_1667644:RAD51C	100	5	17	56769934	56811703
ENSG00000188536:ILMN_1667796:HBA2	101	0	16	222846	223709
ENSG00000108511:ILMN_1667831:HOXB6	101	4	17	46673114	46682354
ENSG00000123505:ILMN_1667994:AMD1	101	22	6	111195973	111216916
ENSG00000147571:ILMN_1668035:CRH	102	3	8	67088637	67090846
ENSG00000113580:ILMN_1668525:NR3C1	104	14	5	142657496	142815077
ENSG00000148908:ILMN_1668559:RGS10	104	19	10	121259340	121302220
ENSG00000108561:ILMN_1668996:C1QBP	107	5	17	5336099	5342471
ENSG00000027001:ILMN_1669070:MIPEP	107	16	13	24304328	24463558
ENSG00000153233:ILMN_1669172:PTPRR	108	4	12	71031862	71314586
ENSG00000033050:ILMN_1669201:ABCF2	108	10	7	150904923	150924316
ENSG00000164924:ILMN_1669286:YWHAZ	109	0	8	101930804	101965616
ENSG00000129351:ILMN_1669584:ILF3	111	3	19	10764937	10803093
ENSG00000109738:ILMN_1669631:GLRB	111	14	4	157997277	158093242
ENSG00000143727:ILMN_1669633:ACP1	111	15	2	264140	278283
ENSG00000109787:ILMN_1670245:KLF3	115	10	4	38665817	38702663
ENSG00000151276:ILMN_1670343:MAGI1	115	24	3	65339200	66024509
ENSG00000126218:ILMN_1670708:F10	118	11	13	113777128	113803843
ENSG00000109519:ILMN_1670817:GRPEL1	119	8	4	7061781	7069803
ENSG00000154007:ILMN_1670829:ASB17	119	10	1	76384558	76398116
ENSG00000170017:ILMN_1670870:ALCAM	119	16	3	105085713	105295744
ENSG00000010244:ILMN_1670895:ZNF207	119	21	17	30677150	30708905
ENSG00000164736:ILMN_1671092:SOX17	121	0	8	55370495	55373456
ENSG00000160087:ILMN_1671362:UBE2J2	122	16	1	1189289	1209265
ENSG00000151322:ILMN_1671398:NPAS3	122	23	14	33408449	34273382
ENSG00000181649:ILMN_1671557:PHLDA2	123	22	11	2949503	2950685
ENSG00000133606:ILMN_1671583:MKRN1	124	1	7	140152840	140179369
ENSG00000120265:ILMN_1671621:PCMT1	124	4	6	150070579	150132556
ENSG00000134779:ILMN_1671693:C18orf10	124	10	18	34376035	34409158
ENSG00000169062:ILMN_1671742:UPF3A	124	19	13	115047059	115071283
ENSG00000112679:ILMN_1671809:DUSP22	125	5	6	292053	351355
ENSG00000156384:ILMN_1671905:C10orf78	125	17	10	105881816	105886143
ENSG00000116459:ILMN_1672191:ATP5F1	127	6	1	111991486	112005395
ENSG00000086061:ILMN_1672496:DNAJA1	128	15	9	33025209	33039905
ENSG00000100109:ILMN_1672571:TFIP11	129	2	22	26887191	26908471
ENSG00000162407:ILMN_1672608:PPAP2B	129	9	1	56960419	57110974
ENSG00000140937:ILMN_1672611:CDH11	129	10	16	64977656	65156101
ENSG00000144136:ILMN_1672662:SLC20A1	129	18	2	113403434	113421404
ENSG00000183495:ILMN_1673023:EP400	131	12	12	132434508	132565005
ENSG00000106554:ILMN_1673026:CHCHD3	131	13	7	132469629	132766848
ENSG00000122257:ILMN_1673042:RBBP6	131	16	16	24550908	24584184
ENSG00000005893:ILMN_1673282:LAMP2	133	2	23	119560004	119603204
ENSG00000108511:ILMN_1673885:HOXB6	137	4	17	46673114	46682354
ENSG00000152990:ILMN_1674181:GPR125	138	23	4	22388999	22517672
ENSG00000167772:ILMN_1674376:ANGPTL4	140	2	19	8429011	8439257
ENSG00000134308:ILMN_1674385:YWHAQ	140	4	2	9724101	9771143
ENSG00000099622:ILMN_1674661:CIRBP	141	16	19	1269267	1273171
ENSG00000116171:ILMN_1674955:SCP2	142	23	1	53392948	53517282
ENSG00000147852:ILMN_1675092:VLDLR	143	17	9	2621793	2654485
ENSG00000082212:ILMN_1675186:ME2	144	5	18	48405419	48474691
ENSG00000104918:ILMN_1675190:RETN	144	7	19	7733972	7735340
ENSG00000138792:ILMN_1675325:ENPEP	145	1	4	111397325	111484493
ENSG00000158296:ILMN_1675488:SLC13A3	146	9	20	45186463	45304714
ENSG00000130939:ILMN_1675674:UBE4B	147	9	1	10092890	10241297
ENSG00000183337:ILMN_1676241:BCOR	149	24	23	39909068	40036582
ENSG00000032219:ILMN_1676626:ARID4A	152	12	14	58765103	58840451
ENSG00000171885:ILMN_1676649:AQP4	152	15	18	24432002	24445749
ENSG00000164163:ILMN_1676846:ABCE1	153	20	4	146019156	146050676
ENSG00000182220:ILMN_1677440:ATP6AP2	156	21	23	40440160	40465889
ENSG00000139318:ILMN_1677466:DUSP6	157	1	12	89741839	89746296
ENSG00000144227:ILMN_1677624:NXPH2	158	0	2	139428342	139537918
ENSG00000157193:ILMN_1677765:LRP8	158	18	1	53711212	53793821
ENSG00000168118:ILMN_1677824:RAB4A	159	3	1	229406822	229441641
ENSG00000243725:ILMN_1678140:TTC4	160	23	1	55181495	55208330
ENSG00000152457:ILMN_1678464:DCLRE1C	162	15	10	14939358	14996431
ENSG00000155621:ILMN_1678477:C9orf85	162	16	9	74526426	74600970
ENSG00000055950:ILMN_1678974:MRPL43	165	17	10	102737578	102747272
ENSG00000153233:ILMN_1679051:PTPRR	166	2	12	71031862	71314586
ENSG00000197329:ILMN_1679268:PELI1	167	11	2	64319786	64371588
ENSG00000164985:ILMN_1679319:PSIP1	167	20	9	15464064	15511017
ENSG00000138297:ILMN_1679555:TIMM23	169	4	10	51592080	51623365
ENSG00000160282:ILMN_1679646:FTCD	169	15	21	47556176	47575481
ENSG00000084453:ILMN_1680016:SLCO1A2	172	5	12	21417534	21572528
ENSG00000128383:ILMN_1680192:APOBEC3A	173	7	22	39348746	39360627
ENSG00000104341:ILMN_1680196:LAPTM4B	173	9	8	98787809	98864826
ENSG00000203663:ILMN_1680225:OR2L2	173	13	1	248201474	248202607
ENSG00000170502:ILMN_1680239:NUDT9	173	15	4	88343734	88380606
ENSG00000023572:ILMN_1680727:GLRX2	176	15	1	193065598	193075244
ENSG00000034152:ILMN_1680777:MAP2K3	177	1	17	21187984	21218552
ENSG00000149925:ILMN_1681374:ALDOA	179	24	16	30064444	30081741
ENSG00000077721:ILMN_1681603:UBE2A	181	4	23	118708501	118718381
ENSG00000170364:ILMN_1682404:SETMAR	185	24	3	4344988	4359251
ENSG00000141956:ILMN_1682491:PRDM15	186	14	21	43218385	43299591
ENSG00000171189:ILMN_1682583:GRIK1	187	3	21	30909254	31312351
ENSG00000078401:ILMN_1682775:EDN1	188	3	6	12290596	12297427
ENSG00000134287:ILMN_1682938:ARF3	189	4	12	49329506	49351310
ENSG00000174446:ILMN_1683273:SNAPC5	191	9	15	66782666	66790146
ENSG00000010704:ILMN_1683345:HFE	191	23	6	26087509	26098571
ENSG00000136247:ILMN_1683544:ZDHHC4	193	1	7	6617065	6629005
ENSG00000143977:ILMN_1683562:SNRPG	193	3	2	70508494	70520903
ENSG00000174780:ILMN_1683888:SRP72	195	3	4	57333502	57369273
ENSG00000162928:ILMN_1683916:PEX13	195	6	2	61244360	61276394
ENSG00000184432:ILMN_1684385:COPB2	198	6	3	139076435	139108522
ENSG00000101856:ILMN_1684771:PGRMC1	200	11	23	118370216	118378429
ENSG00000131016:ILMN_1684836:AKAP12	200	16	6	151561134	151679692
ENSG00000155307:ILMN_1684887:SAMSN1	200	24	21	15857549	15955723
ENSG00000163781:ILMN_1684929:TOPBP1	201	3	3	133319450	133380737
ENSG00000140157:ILMN_1685742:NIPA2	206	15	15	23004684	23034408
ENSG00000165629:ILMN_1685774:ATP5C1	206	20	10	7830092	7849778
ENSG00000151276:ILMN_1685792:MAGI1	206	23	3	65339200	66024509
ENSG00000149397:ILMN_1685954:HMBS	208	1	11	118955587	118964259
ENSG00000130770:ILMN_1685978:ATPIF1	208	5	1	28562611	28573410
ENSG00000138162:ILMN_1686442:TACC2	210	7	10	123748689	124014059
ENSG00000100031:ILMN_1686531:GGT1	210	17	22	24979718	25024972
ENSG00000131016:ILMN_1686846:AKAP12	211	24	6	151561134	151679692
ENSG00000141380:ILMN_1686957:SS18	212	16	18	23596219	23670611
ENSG00000196562:ILMN_1686981:SULF2	212	19	20	46285092	46415360
ENSG00000129474:ILMN_1687275:JUB	214	7	14	23440383	23451851
ENSG00000008394:ILMN_1687387:MGST1	215	1	12	16500076	16517343
ENSG00000124440:ILMN_1687481:HIF3A	215	17	19	46800303	46846690
ENSG00000079931:ILMN_1687501:MOXD1	215	20	6	132617194	132722684
ENSG00000134954:ILMN_1687538:ETS1	216	2	11	128328656	128457453
ENSG00000124444:ILMN_1687711:ZNF576	216	22	19	44100544	44105309
ENSG00000152942:ILMN_1687782:RAD17	217	5	5	68665124	68710628
ENSG00000143933:ILMN_1687858:CALM2	217	17	2	47272677	47403740
ENSG00000092529:ILMN_1687971:CAPN3	218	10	15	42640301	42704515
ENSG00000145191:ILMN_1688534:EIF2B5	221	22	3	183852826	184402546
ENSG00000050555:ILMN_1688642:LAMC3	222	18	9	133884469	133969860
ENSG00000204003:ILMN_1688646:LCN6	222	19	9	139632619	139642980
ENSG00000167680:ILMN_1689020:SEMA6B	224	14	19	4542600	4558507
ENSG00000167186:ILMN_1689070:COQ7	224	21	16	19078921	19091417
ENSG00000196533:ILMN_1690209:C1orf186	230	21	1	206238872	206288647
ENSG00000142875:ILMN_1690314:PRKACB	231	14	1	84543745	84704181
ENSG00000107551:ILMN_1690566:RASSF4	233	0	10	45454855	45490172
ENSG00000105993:ILMN_1690844:DNAJB6	234	15	7	157128075	157210133
ENSG00000115415:ILMN_1691364:STAT1	237	17	2	191829084	191885686
ENSG00000163281:ILMN_1691567:GNPDA2	239	4	4	44704156	44728612
ENSG00000205302:ILMN_1691575:SNX2	239	7	5	122110750	122165800
ENSG00000119953:ILMN_1691789:SMNDC1	240	10	10	112052798	112064709
ENSG00000129084:ILMN_1691809:PSMA1	240	16	11	14526423	14665163
ENSG00000189252:ILMN_1691953:SPANXN3	241	14	23	142596564	142605303
ENSG00000154928:ILMN_1692261:EPHB1	243	3	3	134316643	134979309
ENSG00000158850:ILMN_1692267:B4GALT3	243	4	1	161141100	161147314
ENSG00000152904:ILMN_1692276:GGPS1	243	5	1	235490665	235507847
ENSG00000108469:ILMN_1692433:RECQL5	244	1	17	73622933	73663269
ENSG00000146839:ILMN_1692602:ZAN	244	19	7	100331249	100395419
ENSG00000105398:ILMN_1692983:SULT2A1	246	23	19	48373723	48389654
ENSG00000154473:ILMN_1693145:BUB3	247	15	10	124913793	124924886
ENSG00000156219:ILMN_1693218:ART3	247	22	4	76932337	77033954
ENSG00000170248:ILMN_1693259:PDCD6IP	248	7	3	33839557	33911194
ENSG00000076554:ILMN_1693367:TPD52	249	1	8	80947107	81083836
ENSG00000163482:ILMN_1693538:STK36	250	4	2	219536749	219567439
ENSG00000155657:ILMN_1693711:TTN	251	5	2	179390716	179695529
ENSG00000128708:ILMN_1693905:HAT1	252	5	2	172778958	172848599
ENSG00000160087:ILMN_1693991:UBE2J2	252	17	1	1189289	1209265
ENSG00000170917:ILMN_1694311:NUDT6	254	18	4	123813799	123844123
ENSG00000149397:ILMN_1694476:HMBS	255	13	11	118955587	118964259
ENSG00000116171:ILMN_1694776:SCP2	257	8	1	53392948	53517282
ENSG00000100109:ILMN_1695000:TFIP11	258	19	22	26887191	26908471
ENSG00000017483:ILMN_1695058:SLC38A5	259	3	23	48316920	48328644
ENSG00000182093:ILMN_1695092:WRB	259	9	21	40752170	40800454
ENSG00000138735:ILMN_1695288:PDE5A	260	5	4	120415550	120550146
ENSG00000108384:ILMN_1695386:RAD51C	260	23	17	56769934	56811703
ENSG00000122705:ILMN_1695420:CLTA	261	2	9	36190892	36304778
ENSG00000100678:ILMN_1696056:SLC8A3	265	1	14	70510934	70655787
ENSG00000110619:ILMN_1696066:CARS	265	4	11	3022152	3078667
ENSG00000169282:ILMN_1696189:KCNAB1	265	23	3	155755490	156256927
ENSG00000112246:ILMN_1696279:SIM1	266	9	6	100832885	100912773
ENSG00000161547:ILMN_1696407:SFRS2	267	6	17	74730201	74733413
ENSG00000138413:ILMN_1696432:IDH1	267	9	2	209100951	209130798
ENSG00000017260:ILMN_1696568:ATP2C1	268	6	3	130613434	130735553
ENSG00000152778:ILMN_1696654:IFIT5	268	24	10	91174343	91180758
ENSG00000160789:ILMN_1696749:LMNA	269	19	1	156052369	156109880
ENSG00000117289:ILMN_1697448:TXNIP	272	20	1	145438469	145442635
ENSG00000124193:ILMN_1697469:SFRS6	272	24	20	42086504	42092245
ENSG00000147162:ILMN_1697639:OGT	274	4	23	70752933	70795747
ENSG00000108469:ILMN_1697682:RECQL5	274	11	17	73622933	73663269
ENSG00000213930:ILMN_1697760:GALT	275	2	9	34638130	34651032
ENSG00000129351:ILMN_1698463:ILF3	279	1	19	10764937	10803093
ENSG00000071655:ILMN_1698491:MBD3	279	7	19	1576678	1592710
ENSG00000166411:ILMN_1698533:IDH3A	279	13	15	78441663	78464291
ENSG00000187109:ILMN_1699208:NAP1L1	282	19	12	76438682	76478738
ENSG00000136244:ILMN_1699651:IL6	285	0	7	22765503	22771621
ENSG00000023330:ILMN_1700047:ALAS1	287	13	3	52232102	52248343
ENSG00000011376:ILMN_1700168:LARS2	287	22	3	45429998	45590913
ENSG00000182952:ILMN_1700518:HMGN4	289	21	6	26538572	26547160
ENSG00000154080:ILMN_1700547:CHST9	290	1	18	24486446	24765289
ENSG00000174483:ILMN_1700822:DPP3	291	16	11	66247880	66301084
ENSG00000172530:ILMN_1701216:BANP	293	10	16	87984042	88110924
ENSG00000095970:ILMN_1701248:TREM2	293	18	6	41126245	41130924
ENSG00000085662:ILMN_1701731:AKR1B1	296	7	7	134127127	134144036
ENSG00000175097:ILMN_1702072:RAG2	298	9	11	36613495	36619812
ENSG00000100842:ILMN_1702105:EFS	298	13	14	23825611	23834961
ENSG00000125885:ILMN_1702221:MCM8	299	8	20	5931298	5975852
ENSG00000112983:ILMN_1702335:BRD8	300	3	5	137475455	137514675
ENSG00000137573:ILMN_1702363:SULF1	300	5	8	70378859	70573147
ENSG00000169359:ILMN_1702683:SLC33A1	301	22	3	155544305	155572218
ENSG00000124275:ILMN_1702684:MTRR	301	23	5	7869217	7901237
ENSG00000148053:ILMN_1702822:NTRK2	302	24	9	87283466	87638505
ENSG00000112146:ILMN_1702928:FBXO9	303	15	6	52916789	52965671
ENSG00000108582:ILMN_1703074:CPD	304	12	17	28705942	28796730
ENSG00000171951:ILMN_1703178:SCG2	305	4	2	224461658	224467221
ENSG00000171557:ILMN_1703188:FGG	305	7	4	155525286	155534119
ENSG00000186462:ILMN_1703684:NAP1L2	307	21	23	72432178	72434684
ENSG00000125863:ILMN_1703916:MKKS	309	4	20	10385428	10414870
ENSG00000156804:ILMN_1703955:FBXO32	309	8	8	124515359	124553446
ENSG00000105707:ILMN_1704089:HPN	310	1	19	35531410	35557475
ENSG00000129480:ILMN_1704238:C14orf126	310	18	14	31915242	31926670
ENSG00000185627:ILMN_1704404:PSMD13	311	19	11	236808	252984
ENSG00000196262:ILMN_1704529:PPIA	312	10	7	44836279	44864163
ENSG00000100336:ILMN_1704682:APOL4	313	11	22	36585172	36600886
ENSG00000180769:ILMN_1704692:C4orf12	313	12	4	85887538	85932430
ENSG00000170185:ILMN_1704876:USP38	314	5	4	144106070	144143141
ENSG00000178031:ILMN_1705250:ADAMTSL1	316	4	9	18473892	18910948
ENSG00000169062:ILMN_1705515:UPF3A	317	15	13	115047059	115071283
ENSG00000187109:ILMN_1705876:NAP1L1	319	20	12	76438682	76478738
ENSG00000124207:ILMN_1706238:CSE1L	321	10	20	47662838	47713489
ENSG00000163686:ILMN_1706344:ABHD6	322	0	3	58223233	58281420
ENSG00000130958:ILMN_1706571:SLC35D2	323	6	9	99082988	99145992
ENSG00000180479:ILMN_1706709:ZNF571	324	6	19	38053294	38085691
ENSG00000178031:ILMN_1706992:ADAMTSL1	325	18	9	18473892	18910948
ENSG00000241553:ILMN_1707336:ARPC4	327	8	3	9834227	9855035
ENSG00000165410:ILMN_1707356:CFL2	327	14	14	35179593	35183896
ENSG00000167772:ILMN_1707727:ANGPTL4	329	7	19	8429011	8439257
ENSG00000164032:ILMN_1707858:H2AFZ	329	24	4	100869245	100871545
ENSG00000120437:ILMN_1708672:ACAT2	334	5	6	160181360	160200087
ENSG00000107551:ILMN_1708890:RASSF4	335	4	10	45454855	45490172
ENSG00000171109:ILMN_1708959:MFN1	335	17	3	179065480	179112719
ENSG00000120907:ILMN_1709167:ADRA1A	337	4	8	26605667	26722922
ENSG00000114209:ILMN_1709396:PDCD10	338	6	3	167381617	167453214
ENSG00000130584:ILMN_1710092:ZBTB46	341	11	20	62375019	62462597
ENSG00000074266:ILMN_1710150:EED	341	16	11	85955815	85989778
ENSG00000084234:ILMN_1710482:APLP2	343	1	11	129939716	130014703
ENSG00000160202:ILMN_1711015:CRYAA	345	16	21	44589118	44592915
ENSG00000169469:ILMN_1711174:SPRR1B	346	20	1	153003678	153005376
ENSG00000196975:ILMN_1711408:ANXA4	348	7	2	69947923	70053596
ENSG00000118513:ILMN_1711894:MYB	350	24	6	135502453	135540311
ENSG00000100678:ILMN_1712023:SLC8A3	351	12	14	70510934	70655787
ENSG00000183337:ILMN_1712161:BCOR	352	11	23	39909068	40036582
ENSG00000103769:ILMN_1712312:RAB11A	353	5	15	66161789	66184329
ENSG00000217555:ILMN_1712389:CKLF	353	14	16	66586466	66603693
ENSG00000113273:ILMN_1712587:ARSB	354	23	5	78073032	78281766
ENSG00000104450:ILMN_1712773:SPAG1	356	8	8	101170263	101254130
ENSG00000167680:ILMN_1712914:SEMA6B	357	5	19	4542600	4558507
ENSG00000153147:ILMN_1713163:SMARCA5	358	18	4	144434616	144474566
ENSG00000147488:ILMN_1713422:ST18	359	21	8	53023392	53322439
ENSG00000089876:ILMN_1713688:DHX32	361	7	10	127524906	127585005
ENSG00000148053:ILMN_1714067:NTRK2	363	3	9	87283466	87638505
ENSG00000013561:ILMN_1714461:RNF14	365	6	5	141346437	141369856
ENSG00000160285:ILMN_1715024:LSS	368	4	21	47608360	47648738
ENSG00000136560:ILMN_1715069:TANK	368	9	2	161993419	162092732
ENSG00000116679:ILMN_1715133:IVNS1ABP	368	18	1	185265520	185286461
ENSG00000171150:ILMN_1715584:SOCS5	371	0	2	46926091	46990268
ENSG00000171873:ILMN_1716421:ADRA1D	376	0	20	4201329	4229721
ENSG00000163697:ILMN_1716790:APBB2	378	0	4	40812045	41216635
ENSG00000106399:ILMN_1716895:RPA3	378	17	7	7676149	7758238
ENSG00000112146:ILMN_1717063:FBXO9	379	18	6	52916789	52965671
ENSG00000101000:ILMN_1717262:PROCR	380	17	20	33758727	33765165
ENSG00000070159:ILMN_1717294:PTPN3	380	21	9	112137974	112260593
ENSG00000116679:ILMN_1717877:IVNS1ABP	383	12	1	185265520	185286461
ENSG00000137764:ILMN_1718129:MAP2K5	385	2	15	67835021	68099461
ENSG00000121742:ILMN_1718671:GJB6	387	17	13	20796110	20806534
ENSG00000125863:ILMN_1718718:MKKS	387	24	20	10385428	10414870
ENSG00000198417:ILMN_1718766:MT1F	388	4	16	56691855	56693214
ENSG00000168118:ILMN_1718832:RAB4A	388	18	1	229406822	229441641
ENSG00000135750:ILMN_1718863:KCNK1	388	22	1	233749750	233808258
ENSG00000134532:ILMN_1718912:SOX5	389	3	12	23685232	24103865
ENSG00000124275:ILMN_1718932:MTRR	389	7	5	7869217	7901237
ENSG00000099860:ILMN_1718977:GADD45B	389	19	19	2476135	2478257
ENSG00000183283:ILMN_1718988:DAZAP2	389	21	12	51632508	51640501
ENSG00000159692:ILMN_1719158:CTBP1	390	18	4	1205228	1242925
ENSG00000241837:ILMN_1719290:ATP5O	391	18	21	34956993	35288284
ENSG00000091483:ILMN_1719392:FH	392	1	1	241660903	241683061
ENSG00000168374:ILMN_1719518:ARF4	392	16	3	57557090	57583947
ENSG00000029725:ILMN_1719622:RABEP1	393	1	17	5185558	5289129
ENSG00000075651:ILMN_1719696:PLD1	393	12	3	171318195	171528740
ENSG00000103966:ILMN_1720083:EHD4	395	11	15	42190570	42264776
ENSG00000140157:ILMN_1720344:NIPA2	396	15	15	23004684	23034408
ENSG00000138757:ILMN_1720422:G3BP2	396	18	4	76567966	76598624
ENSG00000152217:ILMN_1720513:SETBP1	397	10	18	42260138	42648475
ENSG00000084453:ILMN_1720727:SLCO1A2	398	15	12	21417534	21572528
ENSG00000117155:ILMN_1720844:SSX2IP	399	2	1	85109390	85156486
ENSG00000074410:ILMN_1720998:CA12	400	3	15	63613577	63674360
ENSG00000110077:ILMN_1721035:MS4A6A	400	10	11	59939081	59950674
ENSG00000105146:ILMN_1721333:AURKC	401	23	19	57742377	57746915
ENSG00000156966:ILMN_1721523:B3GNT7	402	22	2	232260254	232265875
ENSG00000104142:ILMN_1721575:VPS18	403	8	15	41186627	41196173
ENSG00000101365:ILMN_1721669:IDH3B	404	0	20	2639041	2644865
ENSG00000100941:ILMN_1721703:PNN	404	2	14	39644425	39652422
ENSG00000168522:ILMN_1721704:FNTA	404	3	8	42911442	42940923
ENSG00000129204:ILMN_1721727:USP6	404	7	17	5019733	5078329
ENSG00000116459:ILMN_1721989:ATP5F1	405	13	1	111991486	112005395
ENSG00000113273:ILMN_1722045:ARSB	405	22	5	78073032	78281766
ENSG00000178573:ILMN_1722206:MAF	406	21	16	79627735	79634611
ENSG00000007168:ILMN_1722276:PAFAH1B1	407	2	17	2496923	2588909
ENSG00000146414:ILMN_1722423:SHPRH	407	20	6	146185381	146285559
ENSG00000198931:ILMN_1722491:APRT	408	4	16	88875877	88878342
ENSG00000178031:ILMN_1722621:ADAMTSL1	408	22	9	18473892	18910948
ENSG00000119523:ILMN_1722688:ALG2	409	9	9	101978708	101984238
ENSG00000108433:ILMN_1722812:GOSR2	410	4	17	45000486	45022263
ENSG00000159461:ILMN_1723116:AMFR	412	0	16	56395364	56459448
ENSG00000089053:ILMN_1723177:ANAPC5	412	9	12	121746048	121790265
ENSG00000112081:ILMN_1723212:SFRS3	412	13	6	36562090	36571209
ENSG00000138735:ILMN_1723230:PDE5A	412	16	4	120415550	120550146
ENSG00000168374:ILMN_1723884:ARF4	415	18	3	57557090	57583947
ENSG00000112759:ILMN_1723971:SLC29A1	416	6	6	44187242	44201888
ENSG00000136240:ILMN_1724293:KDELR2	417	23	7	6485584	6523873
ENSG00000134594:ILMN_1724708:RAB33A	420	17	23	129305623	129318844
ENSG00000109762:ILMN_1725108:SNX25	422	20	4	186131284	186290948
ENSG00000128708:ILMN_1725244:HAT1	423	13	2	172778958	172848599
ENSG00000145715:ILMN_1725312:RASA1	423	23	5	86564151	86687732
ENSG00000165996:ILMN_1725791:PTPLA	426	7	10	17631958	17659376
ENSG00000137496:ILMN_1725809:IL18BP	426	10	11	71709587	71716761
ENSG00000111859:ILMN_1726164:NEDD9	427	20	6	11183531	11382581
ENSG00000149397:ILMN_1726306:HMBS	428	15	11	118955587	118964259
ENSG00000152689:ILMN_1727045:RASGRP3	433	2	2	33656569	33789817
ENSG00000178031:ILMN_1727084:ADAMTSL1	433	11	9	18473892	18910948
ENSG00000138032:ILMN_1727138:PPM1B	433	20	2	44395108	44471525
ENSG00000140105:ILMN_1727271:WARS	434	20	14	100800125	100842680
ENSG00000130770:ILMN_1727332:ATPIF1	435	6	1	28562611	28573410
ENSG00000135316:ILMN_1727740:SYNCRIP	437	18	6	86318053	86353510
ENSG00000149557:ILMN_1727992:FEZ1	438	24	11	125315657	125366206
ENSG00000111716:ILMN_1728132:LDHB	439	22	12	21788276	21810776
ENSG00000023330:ILMN_1728309:ALAS1	440	19	3	52232102	52248343
ENSG00000073464:ILMN_1728369:CLCN4	441	5	23	10125024	10205700
ENSG00000238182:ILMN_1728403:C21orf119	441	8	21	33765439	33766269
ENSG00000165678:ILMN_1728467:GHITM	441	16	10	85899196	85913001
ENSG00000128245:ILMN_1728512:YWHAH	441	23	22	32340447	32353590
ENSG00000101134:ILMN_1728572:DOK5	442	7	20	53092136	53267710
ENSG00000136854:ILMN_1728747:STXBP1	443	7	9	130374544	130457460
ENSG00000198873:ILMN_1728830:GRK5	443	17	10	120967101	121215131
ENSG00000085365:ILMN_1728907:SCAMP1	444	1	5	77656339	77776562
ENSG00000085365:ILMN_1729058:SCAMP1	444	18	5	77656339	77776562
ENSG00000171766:ILMN_1729180:GATM	445	9	15	45653322	45670980
ENSG00000077782:ILMN_1729369:FGFR1	446	8	8	38268656	38326352
ENSG00000102309:ILMN_1729515:PIN4	447	1	23	71401203	71482976
ENSG00000171217:ILMN_1729639:CLDN20	447	10	6	155585147	155597682
ENSG00000078668:ILMN_1729816:VDAC3	448	6	8	42249346	42263411
ENSG00000189369:ILMN_1730101:GSPT2	450	1	23	51486497	51489029
ENSG00000001084:ILMN_1730575:GCLC	452	3	6	53362139	53409831
ENSG00000082497:ILMN_1730794:SERTAD4	453	9	1	210406144	210419976
ENSG00000116750:ILMN_1731612:UCHL5	458	9	1	192984889	193029210
ENSG00000171840:ILMN_1731745:NINJ2	459	4	12	673462	772907
ENSG00000124253:ILMN_1731948:PCK1	459	24	20	56136136	56141513
ENSG00000102978:ILMN_1732300:POLR2C	461	16	16	57496299	57505922
ENSG00000165449:ILMN_1732410:SLC16A9	462	4	10	61410523	61495760
ENSG00000070018:ILMN_1732913:LRP6	464	13	12	12268963	12419811
ENSG00000116991:ILMN_1732923:SIPA1L2	464	17	1	232533711	232697304
ENSG00000148908:ILMN_1733538:RGS10	467	16	10	121259340	121302220
ENSG00000065609:ILMN_1733648:SNAP91	468	3	6	84262604	84419127
ENSG00000196305:ILMN_1733956:IARS	469	21	9	94972489	95056038
ENSG00000107262:ILMN_1733970:BAG1	470	0	9	33247818	33264761
ENSG00000073737:ILMN_1733998:DHRS9	470	3	2	169921299	169952677
ENSG00000132334:ILMN_1734543:PTPRE	472	8	10	129705325	129884119
ENSG00000146457:ILMN_1734544:WTAP	472	9	6	160146617	160177351
ENSG00000080493:ILMN_1734897:SLC4A4	474	13	4	72053003	72437804
ENSG00000138032:ILMN_1734991:PPM1B	474	24	2	44395108	44471525
ENSG00000118004:ILMN_1735192:COLEC11	476	1	2	3642426	3692048
ENSG00000121361:ILMN_1735779:KCNJ8	479	1	12	21917889	21927747
ENSG00000155508:ILMN_1736068:CNOT8	480	8	5	154238106	154256353
ENSG00000123104:ILMN_1736103:ITPR2	480	17	12	26488285	26986131
ENSG00000163933:ILMN_1736285:RFT1	481	16	3	53122499	53164478
ENSG00000019582:ILMN_1736567:CD74	482	22	5	149781206	149792332
ENSG00000149925:ILMN_1736700:ALDOA	483	15	16	30064444	30081741
ENSG00000136842:ILMN_1736911:TMOD1	484	20	9	100263921	100363536
ENSG00000177731:ILMN_1737170:FLII	486	14	17	18148150	18162056
ENSG00000173221:ILMN_1737308:GLRX	487	4	5	95149553	95158709
ENSG00000160789:ILMN_1737394:LMNA	487	18	1	156052369	156109880
ENSG00000095002:ILMN_1737413:MSH2	487	20	2	47630108	47789450
ENSG00000164830:ILMN_1737462:OXR1	488	2	8	107282473	107764922
ENSG00000145715:ILMN_1737576:RASA1	488	16	5	86564151	86687732
ENSG00000171557:ILMN_1737683:FGG	489	15	4	155525286	155534119
ENSG00000159377:ILMN_1737862:PSMB4	490	12	1	151372010	151374420
ENSG00000023572:ILMN_1737912:GLRX2	490	14	1	193065598	193075244
ENSG00000119523:ILMN_1737945:ALG2	490	18	9	101978708	101984238
ENSG00000108946:ILMN_1738632:PRKAR1A	494	17	17	66508110	66528908
ENSG00000110344:ILMN_1739259:UBE4A	498	16	11	118230302	118269922
ENSG00000168291:ILMN_1739274:PDHB	498	17	3	58413357	58419584
ENSG00000197037:ILMN_1739368:ZNF498	499	1	7	99214569	99230030
ENSG00000050165:ILMN_1739759:DKK3	501	4	11	11984547	12030917
ENSG00000134001:ILMN_1739821:EIF2S1	501	18	14	67826745	67853233
ENSG00000164691:ILMN_1739985:TAGAP	502	12	6	159455500	159466184
ENSG00000170458:ILMN_1740015:CD14	502	17	5	140011313	140013255
ENSG00000112335:ILMN_1740180:SNX3	503	12	6	108532426	108582464
ENSG00000242515:ILMN_1740233:UGT1A10	503	22	2	234545100	234681951
ENSG00000051341:ILMN_1740291:POLQ	504	9	3	121150274	121265488
ENSG00000108551:ILMN_1740426:RASD1	505	7	17	17397751	17399707
ENSG00000079459:ILMN_1741096:FDFT1	508	24	8	11660164	11696818
ENSG00000239672:ILMN_1741133:NME1	509	1	17	49230897	49239556
ENSG00000143390:ILMN_1741200:RFX5	509	14	1	151313116	151319833
ENSG00000133149:ILMN_1741719:TEX13A	512	2	23	104463611	104465358
ENSG00000141380:ILMN_1741782:SS18	512	8	18	23596219	23670611
ENSG00000127955:ILMN_1742044:GNAI1	513	11	7	79763271	79848718
ENSG00000117143:ILMN_1742461:UAP1	515	22	1	162531321	162569627
ENSG00000186187:ILMN_1742775:ZNRF1	517	8	16	75033250	75144611
ENSG00000010704:ILMN_1743537:HFE	521	13	6	26087509	26098571
ENSG00000111859:ILMN_1743619:NEDD9	521	20	6	11183531	11382581
ENSG00000169018:ILMN_1744239:FEM1B	524	18	15	68570141	68588203
ENSG00000135677:ILMN_1744517:GNS	525	20	12	65107224	65153226
ENSG00000126581:ILMN_1744822:BECN1	527	8	17	40962150	40976310
ENSG00000143603:ILMN_1744897:KCNN3	527	19	1	154679902	154842756
ENSG00000164292:ILMN_1744949:RHOBTB3	528	3	5	95066879	95132071
ENSG00000169282:ILMN_1744968:KCNAB1	528	6	3	155755490	156256927
ENSG00000095794:ILMN_1745318:CREM	529	24	10	35415719	35501886
ENSG00000114439:ILMN_1745415:BBX	530	15	3	107241783	107530171
ENSG00000124602:ILMN_1745491:UNC5CL	530	22	6	40994772	41006928
ENSG00000168329:ILMN_1745788:CX3CR1	532	15	3	39304985	39323186
ENSG00000165973:ILMN_1745817:NELL1	532	22	11	20691117	21597227
ENSG00000165457:ILMN_1745963:FOLR2	533	16	11	71927819	71932993
ENSG00000154174:ILMN_1746426:TOMM70A	536	0	3	100082275	100120242
ENSG00000168522:ILMN_1746494:FNTA	536	10	8	42911442	42940923
ENSG00000129473:ILMN_1746561:BCL2L2	536	17	14	23776026	23780968
ENSG00000176871:ILMN_1746664:WSB2	537	10	12	118470499	118499967
ENSG00000171206:ILMN_1746704:TRIM8	537	21	10	104404252	104418164
ENSG00000140044:ILMN_1747205:JDP2	540	8	14	75894509	75939402
ENSG00000138764:ILMN_1747244:CCNG2	540	14	4	78078357	78354542
ENSG00000171885:ILMN_1747683:AQP4	542	7	18	24432002	24445749
ENSG00000115806:ILMN_1748018:GORASP2	543	13	2	171784974	171823639
ENSG00000135297:ILMN_1748147:MTO1	544	3	6	74171301	74218959
ENSG00000115966:ILMN_1748271:ATF2	544	17	2	175936978	176033110
ENSG00000163827:ILMN_1748530:LRRC2	545	23	3	46556913	46621589
ENSG00000146457:ILMN_1748904:WTAP	547	20	6	160146617	160177351
ENSG00000131473:ILMN_1749014:ACLY	548	16	17	40023161	40075272
ENSG00000211448:ILMN_1749162:DIO2	549	14	14	80669032	80677815
ENSG00000156711:ILMN_1749327:MAPK13	550	7	6	36095586	36107842
ENSG00000174842:ILMN_1749448:GLMN	551	4	1	92711957	92764566
ENSG00000135164:ILMN_1750075:DMTF1	553	22	7	86781677	86825648
ENSG00000072415:ILMN_1750689:MPP5	557	9	14	67708021	67802535
ENSG00000124783:ILMN_1750693:SSR1	557	11	6	7268539	7347679
ENSG00000136159:ILMN_1751403:NUDT15	561	2	13	48611703	48621282
ENSG00000131507:ILMN_1751452:NDFIP1	561	11	5	141488070	141534008
ENSG00000085377:ILMN_1751887:PREP	563	23	6	105725440	105850959
ENSG00000005893:ILMN_1752351:LAMP2	566	0	23	119560004	119603204
ENSG00000179774:ILMN_1752393:ATOH7	566	2	10	69990386	69991855
ENSG00000151322:ILMN_1752550:NPAS3	566	23	14	33408449	34273382
ENSG00000092094:ILMN_1753393:OSGEP	571	9	14	20915207	20923226
ENSG00000167720:ILMN_1753515:SRR	572	7	17	2207248	2228554
ENSG00000197272:ILMN_1753758:IL27	573	13	16	28510683	28518155
ENSG00000148842:ILMN_1754752:CNNM2	578	17	10	104678071	104838344
ENSG00000109606:ILMN_1754839:DHX15	579	3	4	24529090	24586184
ENSG00000163827:ILMN_1755047:LRRC2	580	6	3	46556913	46621589
ENSG00000203727:ILMN_1755215:SAMD5	581	0	6	147830063	147891157
ENSG00000198723:ILMN_1755335:C19orf45	581	13	19	7557862	7573336
ENSG00000102144:ILMN_1755749:PGK1	583	12	23	77320685	77384793
ENSG00000168496:ILMN_1755834:FEN1	583	22	11	61560150	61564708
ENSG00000088205:ILMN_1756220:DDX18	585	12	2	118572226	118589955
ENSG00000165383:ILMN_1756683:LRRC18	587	18	10	50117528	50143235
ENSG00000132341:ILMN_1757384:RAN	592	1	12	131356568	131362223
ENSG00000187837:ILMN_1757406:HIST1H1C	592	4	6	26055968	26056699
ENSG00000114491:ILMN_1757437:UMPS	592	9	3	124449213	124464040
ENSG00000162599:ILMN_1758049:NFIA	594	21	1	61330931	61928465
ENSG00000117152:ILMN_1758067:RGS4	595	0	1	163038396	163046592
ENSG00000083535:ILMN_1758111:PIBF1	595	9	13	73356197	73590592
ENSG00000115486:ILMN_1758232:GGCX	596	0	2	85774743	85788670
ENSG00000111859:ILMN_1758719:NEDD9	598	10	6	11183531	11382581
ENSG00000160961:ILMN_1759017:ZNF333	600	0	19	14800870	14831772
ENSG00000198373:ILMN_1759173:WWP2	600	15	16	69796209	69975644
ENSG00000130294:ILMN_1759330:KIF1A	601	12	2	241653181	241759637
ENSG00000138757:ILMN_1759622:G3BP2	603	2	4	76567966	76598624
ENSG00000142875:ILMN_1759922:PRKACB	604	13	1	84543745	84704181
ENSG00000117505:ILMN_1759983:DR1	604	21	1	93811445	93828149
ENSG00000134532:ILMN_1760051:SOX5	605	11	12	23685232	24103865
ENSG00000110148:ILMN_1760088:CCKBR	605	15	11	6280966	6293357
ENSG00000130816:ILMN_1760201:DNMT1	606	1	19	10244023	10305755
ENSG00000169515:ILMN_1760314:CCDC8	606	18	19	46914451	46916067
ENSG00000100478:ILMN_1760466:AP4S1	607	13	14	31494683	31562241
ENSG00000129084:ILMN_1760542:PSMA1	608	2	11	14526423	14665163
ENSG00000112245:ILMN_1760575:PTP4A1	608	8	6	64231666	64293492
ENSG00000108384:ILMN_1760635:RAD51C	608	15	17	56769934	56811703
ENSG00000111786:ILMN_1760683:SFRS9	608	21	12	120899471	120907464
ENSG00000143420:ILMN_1760779:ENSA	609	10	1	150573327	150602098
ENSG00000156804:ILMN_1760830:FBXO32	609	15	8	124515359	124553446
ENSG00000171208:ILMN_1760849:NETO2	609	16	16	47115548	47177908
ENSG00000122126:ILMN_1760855:OCRL	609	17	23	128673826	128726538
ENSG00000197062:ILMN_1760982:ZNF187	610	6	6	28234788	28245974
ENSG00000143952:ILMN_1761086:VPS54	611	0	2	64120035	64246214
ENSG00000147155:ILMN_1761112:EBP	611	3	23	48379546	48387104
ENSG00000151348:ILMN_1761259:EXT2	611	24	11	44117099	44266979
ENSG00000019582:ILMN_1761464:CD74	613	3	5	149781206	149792332
ENSG00000079931:ILMN_1761788:MOXD1	614	15	6	132617194	132722684
ENSG00000241837:ILMN_1762115:ATP5O	617	3	21	34956993	35288284
ENSG00000163755:ILMN_1762224:HPS3	617	14	3	148847371	148891519
ENSG00000124207:ILMN_1762275:CSE1L	617	19	20	47662838	47713489
ENSG00000161920:ILMN_1762639:MED11	619	9	17	4634708	4636888
ENSG00000127022:ILMN_1762825:CANX	620	9	5	179125503	179158637
ENSG00000165264:ILMN_1763147:NDUFB6	621	19	9	32552997	32573160
ENSG00000015475:ILMN_1763386:BID	623	0	22	18216906	18257261
ENSG00000000005:ILMN_1763587:TNMD	624	9	23	99839799	99854882
ENSG00000160953:ILMN_1764764:MUM1	630	9	19	1285892	1378430
ENSG00000066629:ILMN_1764829:EML1	630	21	14	100259745	100408393
ENSG00000148832:ILMN_1765116:PAOX	632	4	10	135192695	135205198
ENSG00000100380:ILMN_1765204:ST13	632	16	22	41220539	41253026
ENSG00000135821:ILMN_1765208:GLUL	632	17	1	182350839	182361341
ENSG00000100842:ILMN_1765248:EFS	632	23	14	23825611	23834961
ENSG00000007392:ILMN_1765371:LUC7L	633	15	16	238968	279462
ENSG00000136738:ILMN_1765409:STAM	633	18	10	17686124	17757913
ENSG00000184384:ILMN_1765729:MAML2	635	9	11	95711440	96075059
ENSG00000147251:ILMN_1765860:DOCK11	635	21	23	117629861	117820126
ENSG00000134684:ILMN_1766010:YARS	636	9	1	33240840	33283754
ENSG00000114209:ILMN_1766024:PDCD10	636	10	3	167381617	167453214
ENSG00000182287:ILMN_1766411:AP1S2	638	14	23	15843929	15873100
ENSG00000178457:ILMN_1767601:C21orf94	644	6	21	29385682	29395552
ENSG00000114124:ILMN_1767827:GRK7	645	12	3	141496990	141537332
ENSG00000150593:ILMN_1768004:PDCD4	646	2	10	112631565	112659764
ENSG00000153130:ILMN_1768050:SCOC	646	9	4	141178440	141303708
ENSG00000108511:ILMN_1768101:HOXB6	646	20	17	46673114	46682354
ENSG00000211460:ILMN_1768913:TSN	651	8	2	122494679	122525429
ENSG00000155329:ILMN_1769104:ZCCHC10	652	16	5	132332677	132362296
ENSG00000087460:ILMN_1769191:GNAS	653	7	20	57414750	57486247
ENSG00000155657:ILMN_1769416:TTN	654	13	2	179390716	179695529
ENSG00000197858:ILMN_1769702:GPAA1	656	0	8	145137524	145141118
ENSG00000116560:ILMN_1769931:SFPQ	657	15	1	35641979	35658749
ENSG00000069345:ILMN_1770127:DNAJA2	658	21	16	46989274	47007625
ENSG00000154518:ILMN_1770466:ATP5G3	660	19	2	176040986	176049335
ENSG00000144045:ILMN_1770502:DQX1	660	24	2	74745258	74753463
ENSG00000163539:ILMN_1770548:CLASP2	661	3	3	33537737	33759848
ENSG00000183605:ILMN_1770848:SFXN4	662	23	10	120900279	120925189
ENSG00000100678:ILMN_1770987:SLC8A3	663	16	14	70510934	70655787
ENSG00000115364:ILMN_1771149:MRPL19	664	14	2	75873909	75917977
ENSG00000022277:ILMN_1771815:C20orf43	667	12	20	55043647	55093943
ENSG00000162511:ILMN_1772359:LAPTM5	670	2	1	31205316	31230683
ENSG00000166275:ILMN_1772706:C10orf32	672	5	10	104613967	104632990
ENSG00000142892:ILMN_1772743:PIGK	672	12	1	77554675	77685115
ENSG00000171189:ILMN_1773114:GRIK1	674	12	21	30909254	31312351
ENSG00000183337:ILMN_1773117:BCOR	674	13	23	39909068	40036582
ENSG00000138185:ILMN_1773125:ENTPD1	674	14	10	97454774	97637023
ENSG00000176887:ILMN_1773459:SOX11	676	2	2	5832799	5841516
ENSG00000138297:ILMN_1773493:TIMM23	676	5	10	51592080	51623365
ENSG00000128590:ILMN_1773742:DNAJB9	677	2	7	108210012	108215294
ENSG00000125170:ILMN_1774261:DOK4	679	14	16	57505834	57520402
ENSG00000177595:ILMN_1774358:LRDD	680	1	11	799180	805245
ENSG00000104723:ILMN_1774689:TUSC3	681	15	8	15397730	15624158
ENSG00000184156:ILMN_1775004:KCNQ3	683	7	8	133139193	133493200
ENSG00000187193:ILMN_1775170:MT1X	684	4	16	56710102	56718108
ENSG00000123096:ILMN_1775486:SSPN	685	16	12	26348269	26387706
ENSG00000151276:ILMN_1775853:MAGI1	687	10	3	65339200	66024509
ENSG00000243489:ILMN_1776412:KRTAP10-11	690	12	21	46066350	46067329
ENSG00000112146:ILMN_1777180:FBXO9	693	23	6	52916789	52965671
ENSG00000115415:ILMN_1777325:STAT1	694	16	2	191829084	191885686
ENSG00000184148:ILMN_1777949:SPRR4	697	11	1	152943142	152945050
ENSG00000147853:ILMN_1778173:AK3	698	18	9	4711155	4742043
ENSG00000010244:ILMN_1778177:ZNF207	698	19	17	30677150	30708905
ENSG00000158019:ILMN_1778684:BRE	701	22	2	28112808	28561768
ENSG00000154473:ILMN_1778764:BUB3	702	8	10	124913793	124924886
ENSG00000035687:ILMN_1778796:ADSS	702	11	1	244571796	244615436
ENSG00000101846:ILMN_1778956:STS	703	3	23	7137497	7272851
ENSG00000011600:ILMN_1778977:TYROBP	703	8	19	36395312	36399186
ENSG00000100336:ILMN_1779070:APOL4	704	0	22	36585172	36600886
ENSG00000149557:ILMN_1779071:FEZ1	704	1	11	125315657	125366206
ENSG00000111911:ILMN_1779076:HINT3	704	2	6	126277927	126301387
ENSG00000170279:ILMN_1779225:C7orf33	704	19	7	148287657	148312952
ENSG00000101558:ILMN_1779410:VAPA	705	21	18	9913999	9960018
ENSG00000120333:ILMN_1779423:MRPS14	705	23	1	174979925	174992561
ENSG00000176407:ILMN_1779480:KCMF1	706	6	2	85198216	85286595
ENSG00000155719:ILMN_1779890:OTOA	708	14	16	21689835	21772050
ENSG00000237318:ILMN_1780406:C21orf86	710	16	21	46714052	46714549
ENSG00000156017:ILMN_1780460:C9orf41	710	22	9	77595934	77643339
ENSG00000120907:ILMN_1780551:ADRA1A	711	4	8	26605667	26722922
ENSG00000170917:ILMN_1780659:NUDT6	711	20	4	123813799	123844123
ENSG00000136960:ILMN_1780799:ENPP2	712	12	8	120569319	120651106
ENSG00000078304:ILMN_1780913:PPP2R5C	712	24	14	102228222	102394075
ENSG00000172780:ILMN_1781182:RAB43	714	15	3	128806412	128879879
ENSG00000132825:ILMN_1781198:PPP1R3D	714	16	20	58511894	58515352
ENSG00000167941:ILMN_1781242:SOST	714	22	17	41831103	41836156
ENSG00000164713:ILMN_1781580:BRI3	716	20	7	97910987	97920857
ENSG00000115604:ILMN_1781700:IL18R1	717	9	2	102927989	103015218
ENSG00000008394:ILMN_1781952:MGST1	718	12	12	16500076	16517343
ENSG00000033050:ILMN_1781999:ABCF2	718	18	7	150904923	150924316
ENSG00000120727:ILMN_1782094:PAIP2	719	9	5	138677521	138705408
ENSG00000153234:ILMN_1782305:NR4A2	720	4	2	157180944	157198860
ENSG00000061918:ILMN_1782567:GUCY1B3	721	9	4	156680126	156728782
ENSG00000137727:ILMN_1782761:ARHGAP20	722	13	11	110447766	110583451
ENSG00000101346:ILMN_1782870:POFUT1	723	2	20	30795683	30826470
ENSG00000166147:ILMN_1783182:FBN1	724	7	15	48700505	48937918
ENSG00000112763:ILMN_1783392:BTN2A1	725	1	6	26458150	26476849
ENSG00000155876:ILMN_1783709:RRAGA	726	9	9	19049372	19051019
ENSG00000105993:ILMN_1784665:DNAJB6	731	11	7	157128075	157210133
ENSG00000120727:ILMN_1784753:PAIP2	731	17	5	138677521	138705408
ENSG00000049769:ILMN_1784822:PPP1R3F	732	4	23	49126306	49157929
ENSG00000135336:ILMN_1784946:ORC3L	732	19	6	88299839	88377169
ENSG00000133789:ILMN_1785175:SWAP70	733	16	11	9685628	9774508
ENSG00000119711:ILMN_1785284:ALDH6A1	734	7	14	74526891	74551196
ENSG00000171150:ILMN_1785286:SOCS5	734	9	2	46926091	46990268
ENSG00000110436:ILMN_1785380:SLC1A2	734	21	11	35272753	35441610
ENSG00000087460:ILMN_1785637:GNAS	735	24	20	57414750	57486247
ENSG00000087494:ILMN_1785699:PTHLH	736	8	12	28111017	28124916
ENSG00000164024:ILMN_1785795:METAP1	736	21	4	99916788	99983959
ENSG00000111802:ILMN_1785821:TTRAP	737	0	6	24650205	24667261
ENSG00000007062:ILMN_1786720:PROM1	741	6	4	15965287	16085668
ENSG00000100664:ILMN_1786734:EIF5	741	8	14	103800493	103811359
ENSG00000136999:ILMN_1787186:NOV	742	20	8	120428552	120436678
ENSG00000015520:ILMN_1787556:NPC1L1	744	16	7	44552134	44580914
ENSG00000147416:ILMN_1787705:ATP6V1B2	745	9	8	20054878	20079212
ENSG00000163739:ILMN_1787897:CXCL1	746	5	4	74735109	74736953
ENSG00000138039:ILMN_1788098:LHCGR	747	8	2	48859428	48982880
ENSG00000112742:ILMN_1788166:TTK	747	22	6	80714357	80752239
ENSG00000123505:ILMN_1788462:AMD1	749	7	6	111195973	111216916
ENSG00000023909:ILMN_1788547:GCLM	749	15	1	94350761	94374966
ENSG00000164985:ILMN_1788701:PSIP1	750	7	9	15464064	15511017
ENSG00000196136:ILMN_1788874:SERPINA3	751	7	14	95078634	95090397
ENSG00000008018:ILMN_1789176:PSMB1	752	19	6	170844205	170862429
ENSG00000158864:ILMN_1789342:NDUFS2	753	5	1	161166894	161184185
ENSG00000099904:ILMN_1789492:ZDHHC8	754	4	22	20116979	20137016
ENSG00000133112:ILMN_1789614:TPT1	755	1	13	45911008	45915347
ENSG00000118777:ILMN_1789641:ABCG2	755	10	4	89011421	89080064
ENSG00000198355:ILMN_1789781:PIM3	756	4	22	50354161	50357728
ENSG00000232382:ILMN_1790988:OR5K1	761	14	3	98188324	98189420
ENSG00000148688:ILMN_1792283:RPP30	768	9	10	92631473	92668312
ENSG00000169903:ILMN_1792404:TM4SF4	769	3	3	149191761	149221068
ENSG00000118007:ILMN_1792435:STAG1	769	10	3	136055077	136471220
ENSG00000163466:ILMN_1792489:ARPC2	769	17	2	219081817	219119079
ENSG00000124440:ILMN_1792799:HIF3A	771	3	19	46800303	46846690
ENSG00000169282:ILMN_1793236:KCNAB1	773	0	3	155755490	156256927
ENSG00000145545:ILMN_1793241:SRD5A1	773	1	5	6633456	6669675
ENSG00000160321:ILMN_1793317:ZNF208	773	8	19	22148897	22193745
ENSG00000177889:ILMN_1793651:UBE2N	774	24	12	93802090	93836026
ENSG00000105993:ILMN_1793770:DNAJB6	775	15	7	157128075	157210133
ENSG00000149557:ILMN_1794106:FEZ1	777	2	11	125315657	125366206
ENSG00000146469:ILMN_1794638:VIP	779	17	6	153071933	153080900
ENSG00000241837:ILMN_1795407:ATP5O	783	18	21	34956993	35288284
ENSG00000112335:ILMN_1795557:SNX3	784	12	6	108532426	108582464
ENSG00000134248:ILMN_1795779:HBXIP	785	18	1	110943871	110950560
ENSG00000078304:ILMN_1795846:PPP2R5C	786	3	14	102228222	102394075
ENSG00000138032:ILMN_1796085:PPM1B	787	5	2	44395108	44471525
ENSG00000158296:ILMN_1796243:SLC13A3	788	4	20	45186463	45304714
ENSG00000172594:ILMN_1796349:SMPDL3A	788	18	6	123110315	123130865
ENSG00000034713:ILMN_1796458:GABARAPL2	789	14	16	75600249	75611779
ENSG00000087116:ILMN_1796628:ADAMTS2	790	8	5	178537852	178772385
ENSG00000074266:ILMN_1796813:EED	791	11	11	85955815	85989778
ENSG00000183908:ILMN_1796950:LRRC55	792	1	11	56949221	56959191
ENSG00000188690:ILMN_1797384:UROS	794	9	10	127477146	127511817
ENSG00000185559:ILMN_1797519:DLK1	794	22	14	101193164	101201457
ENSG00000128641:ILMN_1797585:MYO1B	795	13	2	192109911	192290115
ENSG00000110077:ILMN_1797731:MS4A6A	796	5	11	59939081	59950674
ENSG00000090060:ILMN_1798354:PAPOLA	799	12	14	96968718	97033425
ENSG00000131100:ILMN_1798485:ATP6V1E1	799	24	22	18074902	18111584
ENSG00000125885:ILMN_1798581:MCM8	800	13	20	5931298	5975852
ENSG00000125409:ILMN_1799099:TEKT3	803	9	17	15207128	15244958
ENSG00000134516:ILMN_1799725:DOCK2	806	12	5	169064251	169510386
ENSG00000174483:ILMN_1800590:DPP3	810	6	11	66247880	66301084
ENSG00000115271:ILMN_1800602:GCA	810	8	2	163175350	163228105
ENSG00000155959:ILMN_1800612:VBP1	810	10	23	154444643	154468098
ENSG00000189056:ILMN_1800642:RELN	810	14	7	103112231	103629963
ENSG00000108671:ILMN_1800952:PSMD11	812	2	17	30771502	30809398
ENSG00000131467:ILMN_1800975:PSME3	812	4	17	40985423	40995775
ENSG00000121858:ILMN_1801307:TNFSF10	814	0	3	172223298	172241297
ENSG00000121966:ILMN_1801584:CXCR4	815	9	2	136871919	136875735
ENSG00000143603:ILMN_1801608:KCNN3	815	16	1	154679902	154842756
ENSG00000123268:ILMN_1801923:ATF1	817	7	12	51157819	51214907
ENSG00000164924:ILMN_1801928:YWHAZ	817	9	8	101930804	101965616
ENSG00000085871:ILMN_1802027:MGST2	817	20	4	140586922	140625407
ENSG00000114626:ILMN_1802096:ABTB1	818	2	3	127391778	127399763
ENSG00000042980:ILMN_1802100:ADAM28	818	3	8	24151580	24212726
ENSG00000157087:ILMN_1802223:ATP2B2	818	17	3	10365707	10749716
ENSG00000119446:ILMN_1802355:RBM18	819	4	9	125001834	125027118
ENSG00000129187:ILMN_1802456:DCTD	819	20	4	183811244	183838630
ENSG00000038002:ILMN_1802631:AGA	820	13	4	178351924	178363591
ENSG00000008394:ILMN_1803033:MGST1	822	8	12	16500076	16517343
ENSG00000170962:ILMN_1803094:PDGFD	822	14	11	103777915	104035027
ENSG00000241553:ILMN_1803183:ARPC4	822	24	3	9834227	9855035
ENSG00000167193:ILMN_1803302:CRK	823	15	17	1323983	1359552
ENSG00000116793:ILMN_1803464:PHTF1	824	15	1	114239453	114302111
ENSG00000166068:ILMN_1804277:SPRED1	828	17	15	38545052	38649450
ENSG00000087460:ILMN_1804283:GNAS	828	19	20	57414750	57486247
ENSG00000118308:ILMN_1804419:LRMP	829	6	12	25205241	25261268
ENSG00000153107:ILMN_1804812:ANAPC1	831	8	2	112523848	112642267
ENSG00000044115:ILMN_1804854:CTNNA1	831	18	5	138089107	138270720
ENSG00000180914:ILMN_1804929:OXTR	831	24	3	8792094	8811314
ENSG00000182533:ILMN_1804980:CAV3	832	5	3	8775486	8883492
ENSG00000164485:ILMN_1805385:IL22RA2	833	19	6	137464968	137494785
ENSG00000124743:ILMN_1805522:KLHL31	834	9	6	53512699	53530506
ENSG00000022267:ILMN_1805842:FHL1	836	2	23	135229624	135293518
ENSG00000177189:ILMN_1806294:RPS6KA3	838	7	23	20168029	20285218
ENSG00000132463:ILMN_1806601:GRSF1	839	22	4	71681504	71705627
ENSG00000155621:ILMN_1806758:C9orf85	840	22	9	74526426	74600970
ENSG00000101557:ILMN_1806804:USP14	841	4	18	158480	213739
ENSG00000084453:ILMN_1806979:SLCO1A2	841	22	12	21417534	21572528
ENSG00000108433:ILMN_1807072:GOSR2	842	10	17	45000486	45022263
ENSG00000134333:ILMN_1807106:LDHA	842	16	11	18415935	18429765
ENSG00000136521:ILMN_1807397:NDUFB5	843	23	3	179322478	179345435
ENSG00000138398:ILMN_1807611:PPIG	844	23	2	170440850	170497916
ENSG00000151322:ILMN_1808326:NPAS3	848	15	14	33408449	34273382
ENSG00000196476:ILMN_1808633:C20orf96	850	7	20	251504	271390
ENSG00000180901:ILMN_1810115:KCTD2	858	4	17	73043279	73061979
ENSG00000163466:ILMN_1810200:ARPC2	858	16	2	219081817	219119079
ENSG00000032219:ILMN_1810229:ARID4A	858	21	14	58765103	58840451
ENSG00000163069:ILMN_1810324:SGCB	859	7	4	52886872	52904465
ENSG00000175054:ILMN_1810385:ATR	859	14	3	142168080	142297668
ENSG00000109113:ILMN_1810486:RAB34	860	0	17	27041299	27045447
ENSG00000066136:ILMN_1810488:NFYC	860	1	1	41157242	41237277
ENSG00000182533:ILMN_1810532:CAV3	860	4	3	8775486	8883492
ENSG00000136854:ILMN_1810657:STXBP1	861	0	9	130374544	130457460
ENSG00000138735:ILMN_1810836:PDE5A	862	0	4	120415550	120550146
ENSG00000169282:ILMN_1811072:KCNAB1	863	6	3	155755490	156256927
ENSG00000129474:ILMN_1811535:JUB	866	0	14	23440383	23451851
ENSG00000087116:ILMN_1811765:ADAMTS2	867	13	5	178537852	178772385
ENSG00000121318:ILMN_1811799:TAS2R10	867	20	12	10977945	10978868
ENSG00000148908:ILMN_1811890:RGS10	868	5	10	121259340	121302220
ENSG00000141127:ILMN_1812445:PRPSAP2	870	13	17	18743398	18834581
ENSG00000064205:ILMN_1812461:WISP2	870	16	20	43343485	43357150
ENSG00000167283:ILMN_1812638:ATP5L	871	21	11	118272104	118280559
ENSG00000123064:ILMN_1812976:DDX54	873	10	12	113594986	113623284
ENSG00000162616:ILMN_1813019:DNAJB4	873	14	1	78444859	78483648
ENSG00000120805:ILMN_1813091:ARL1	873	19	12	101786923	101801572
ENSG00000119878:ILMN_1813256:CRIPT	874	11	2	46843555	46852881
ENSG00000120907:ILMN_1813598:ADRA1A	876	10	8	26605667	26722922
ENSG00000168575:ILMN_1813763:SLC20A2	877	11	8	42274016	42397068
ENSG00000103245:ILMN_1813833:NARFL	877	21	16	779753	791002
ENSG00000025434:ILMN_1814022:NR1H3	878	18	11	47269851	47290401
ENSG00000135312:ILMN_1814206:HTR1B	879	10	6	78171922	78173181
ENSG00000163536:ILMN_1814333:SERPINI1	879	24	3	167453031	167543356
ENSG00000124541:ILMN_1815039:C6orf153	882	10	6	42989383	42997335
ENSG00000196547:ILMN_1815148:MAN2A2	883	9	15	91447420	91465814
ENSG00000050165:ILMN_1815673:DKK3	885	19	11	11984547	12030917
ENSG00000100664:ILMN_1815733:EIF5	886	6	14	103800493	103811359
