ENSG00000110848:ILMN_1651316:CD69	1	0	12	9905082	9913497
ENSG00000143258:ILMN_1651370:USP21	1	10	1	161129240	161135513
ENSG00000116688:ILMN_1651385:MFN2	1	14	1	12040238	12073571
ENSG00000156136:ILMN_1651433:DCK	1	23	4	71859265	71896631
ENSG00000165192:ILMN_1651643:ASB11	3	11	23	15299819	15333778
ENSG00000205726:ILMN_1651848:ITSN1	5	0	21	35014706	35272165
ENSG00000136280:ILMN_1652198:CCM2	6	23	7	45039074	45116068
ENSG00000132429:ILMN_1652244:POPDC3	7	5	6	105605783	105627870
ENSG00000110435:ILMN_1652357:PDHX	7	18	11	34937677	35017675
ENSG00000102893:ILMN_1652412:PHKB	8	5	16	47495210	47735434
ENSG00000156411:ILMN_1652722:C14orf2	10	0	14	104378626	104387903
ENSG00000148935:ILMN_1652852:GAS2	11	3	11	22688160	22834537
ENSG00000117620:ILMN_1653429:SLC35A3	14	13	1	100435345	100492448
ENSG00000162521:ILMN_1653514:RBBP4	15	6	1	33116749	33151812
ENSG00000036257:ILMN_1653670:CUL3	15	23	2	225334867	225450110
ENSG00000072609:ILMN_1653828:CHFR	17	2	12	133416938	133464184
ENSG00000102981:ILMN_1654112:PARD6A	18	6	16	67694851	67696680
ENSG00000197345:ILMN_1654250:MRPL21	18	21	11	68658747	68671303
ENSG00000134940:ILMN_1654468:ACRV1	20	9	11	125542230	125550942
ENSG00000153922:ILMN_1654583:CHD1	21	4	5	98190919	98262238
ENSG00000102572:ILMN_1655163:STK24	24	7	13	99102455	99230194
ENSG00000111554:ILMN_1655245:MDM1	24	24	12	68688346	68726161
ENSG00000137492:ILMN_1655622:PRKRIR	27	10	11	76061003	76091986
ENSG00000143498:ILMN_1655844:TAF1A	28	21	1	222731244	222763255
ENSG00000184701:ILMN_1655868:ANP32C	29	0	4	165118159	165118863
ENSG00000174437:ILMN_1655884:ATP2A2	29	3	12	110719032	110788893
ENSG00000168530:ILMN_1655894:MYL1	29	5	2	211154874	211179914
ENSG00000090104:ILMN_1656011:RGS1	29	21	1	192544857	192549161
ENSG00000007944:ILMN_1656111:MYLIP	30	10	6	16129356	16148479
ENSG00000120053:ILMN_1656145:GOT1	30	17	10	101156627	101190381
ENSG00000176907:ILMN_1656369:C8orf4	32	7	8	40010989	40012821
ENSG00000153250:ILMN_1656436:RBMS1	33	2	2	161128662	161350305
ENSG00000130703:ILMN_1656482:OSBPL2	33	8	20	60813580	60871269
ENSG00000184611:ILMN_1656577:KCNH7	33	24	2	163227917	163695240
ENSG00000135250:ILMN_1657451:SRPK2	38	20	7	104751151	105039755
ENSG00000168453:ILMN_1657505:HR	39	5	8	21971928	21989381
ENSG00000153253:ILMN_1657591:SCN3A	39	17	2	165944032	166060577
ENSG00000088833:ILMN_1657624:NSFL1C	39	22	20	1422807	1448337
ENSG00000073417:ILMN_1657686:PDE8A	40	8	15	85523671	85682376
ENSG00000178761:ILMN_1657744:C15orf17	40	17	15	75192329	75199462
ENSG00000117632:ILMN_1657796:STMN1	41	3	1	26212214	26233482
ENSG00000166848:ILMN_1657983:TERF2IP	42	7	16	75681684	75691328
ENSG00000100083:ILMN_1658175:GGA1	43	11	22	38004482	38029571
ENSG00000160179:ILMN_1658176:ABCG1	43	12	21	43619799	43720714
ENSG00000135925:ILMN_1658426:WNT10A	45	6	2	219745085	219764303
ENSG00000114956:ILMN_1658481:DGUOK	45	18	2	74153953	74186088
ENSG00000151665:ILMN_1658773:PIGF	47	15	2	46808076	46844258
ENSG00000103415:ILMN_1658807:HMOX2	47	21	16	4524719	4560348
ENSG00000120868:ILMN_1659463:APAF1	51	17	12	99039078	99129204
ENSG00000147873:ILMN_1660195:IFNA5	56	0	9	21304325	21305311
ENSG00000137878:ILMN_1660403:GRINL1A	57	6	15	57884106	58074960
ENSG00000133121:ILMN_1660451:STARD13	57	14	13	33677270	33859892
ENSG00000147592:ILMN_1660635:LACTB2	58	14	8	71549501	71581447
ENSG00000120438:ILMN_1660661:TCP1	58	18	6	160199530	160210741
ENSG00000168461:ILMN_1660691:RAB31	58	20	18	9708228	9862553
ENSG00000188177:ILMN_1660852:ZC3H6	59	23	2	113033171	113097640
ENSG00000128683:ILMN_1660973:GAD1	60	19	2	171669723	171717661
ENSG00000185414:ILMN_1661039:MRPL30	61	3	2	99771461	99814089
ENSG00000074211:ILMN_1661129:PPP2R2C	61	11	4	6322308	6474173
ENSG00000200959:ILMN_1661673:SNORA74A	64	23	5	138614470	138614667
ENSG00000171735:ILMN_1661940:CAMTA1	66	9	1	6845384	7829764
ENSG00000100401:ILMN_1662198:RANGAP1	68	5	22	41641615	41698963
ENSG00000223802:ILMN_1662280:LASS1	68	10	19	18981386	19006953
ENSG00000042753:ILMN_1662426:AP2S1	69	8	19	47341423	47354203
ENSG00000126860:ILMN_1662747:EVI2A	71	0	17	29644578	29648767
ENSG00000106003:ILMN_1663080:LFNG	73	9	7	2552163	2568811
ENSG00000089472:ILMN_1663683:HEPH	77	1	23	65382391	65488709
ENSG00000198342:ILMN_1663754:ZNF442	77	13	19	12460185	12476719
ENSG00000145740:ILMN_1664153:SLC30A5	79	18	5	68389788	68426896
ENSG00000108528:ILMN_1664168:SLC25A11	79	21	17	4840425	4843463
ENSG00000117533:ILMN_1664175:VAMP4	79	24	1	171669300	171711214
ENSG00000188529:ILMN_1664522:FUSIP1	81	18	1	24291294	24307417
ENSG00000001630:ILMN_1664718:CYP51A1	82	21	7	91741465	91808825
ENSG00000165633:ILMN_1664741:C10orf72	82	24	10	50226490	50323554
ENSG00000107789:ILMN_1664994:MINPP1	84	18	10	89264632	89313145
ENSG00000144642:ILMN_1665040:RBMS3	84	24	3	28880558	30046620
ENSG00000084092:ILMN_1665066:C4orf14	85	2	4	57829516	57844989
ENSG00000106080:ILMN_1665243:FKBP14	85	24	7	30050203	30066300
ENSG00000186660:ILMN_1665423:ZFP91	87	2	11	58346584	58392110
ENSG00000124356:ILMN_1665521:STAMBP	87	19	2	74056086	74100786
ENSG00000171703:ILMN_1665526:TCEA2	87	20	20	62681189	62703700
ENSG00000163618:ILMN_1665547:CADPS	87	23	3	62384021	62861064
ENSG00000157911:ILMN_1665679:PEX10	88	13	1	2336236	2344010
ENSG00000184221:ILMN_1666089:OLIG1	90	23	21	34442450	34444726
ENSG00000167863:ILMN_1666372:ATP5H	92	12	17	73034955	73043074
ENSG00000133121:ILMN_1666380:STARD13	92	15	13	33677270	33859892
ENSG00000128915:ILMN_1666610:NARG2	94	1	15	60711808	60771344
ENSG00000230989:ILMN_1667030:HSBP1	96	21	16	83841593	83846594
ENSG00000154678:ILMN_1667225:PDE1C	98	1	7	31790793	32338941
ENSG00000117118:ILMN_1667257:SDHB	98	5	1	17345217	17380665
ENSG00000178537:ILMN_1667429:SLC25A20	99	4	3	48894369	48936426
ENSG00000072210:ILMN_1667564:ALDH3A2	99	21	17	19551459	19580909
ENSG00000188677:ILMN_1667592:PARVB	100	0	22	44395091	44565106
ENSG00000004864:ILMN_1668012:SLC25A13	101	24	7	95749532	95951448
ENSG00000159140:ILMN_1668463:SON	104	6	21	34914924	34949812
ENSG00000144230:ILMN_1668779:GPR17	105	24	2	128403569	128412554
ENSG00000135250:ILMN_1669215:SRPK2	108	15	7	104751151	105039755
ENSG00000149547:ILMN_1669394:EI24	109	24	11	125442371	125453578
ENSG00000183044:ILMN_1670117:ABAT	114	15	16	8768422	8878432
ENSG00000124784:ILMN_1670318:RIOK1	115	21	6	7389729	7418270
ENSG00000163285:ILMN_1670606:GABRG1	117	15	4	46037786	46126098
ENSG00000138814:ILMN_1670970:PPP3CA	120	7	4	101944587	102268637
ENSG00000170276:ILMN_1671046:HSPB2	120	15	11	111782966	111784816
ENSG00000138759:ILMN_1671318:FRAS1	122	9	4	78978724	79465423
ENSG00000135900:ILMN_1671452:MRPL44	123	4	2	224822121	224832431
ENSG00000103168:ILMN_1671839:TAF1C	125	8	16	84211461	84220662
ENSG00000197619:ILMN_1672135:ZNF432	126	22	19	52467594	52627345
ENSG00000138759:ILMN_1672151:FRAS1	127	0	4	78978724	79465423
ENSG00000117298:ILMN_1672174:ECE1	127	3	1	21543740	21671997
ENSG00000114279:ILMN_1672229:FGF12	127	9	3	191859684	192485553
ENSG00000080503:ILMN_1672419:SMARCA2	128	9	9	2015342	2193624
ENSG00000050820:ILMN_1672596:BCAR1	129	6	16	75262928	75301951
ENSG00000109929:ILMN_1672680:SC5DL	129	19	11	121163388	121184119
ENSG00000148690:ILMN_1672711:C10orf4	129	22	10	95427640	95462329
ENSG00000205726:ILMN_1672741:ITSN1	130	1	21	35014706	35272165
ENSG00000141298:ILMN_1672834:SSH2	130	16	17	27952956	28257170
ENSG00000169564:ILMN_1673215:PCBP1	132	15	2	70314585	70316332
ENSG00000223802:ILMN_1673232:LASS1	132	18	19	18981386	19006953
ENSG00000118564:ILMN_1673370:FBXL5	133	20	4	15606154	15657013
ENSG00000021461:ILMN_1673591:CYP3A43	135	7	7	99425636	99464173
ENSG00000048052:ILMN_1673708:HDAC9	135	22	7	18126572	19036993
ENSG00000038274:ILMN_1673960:MAT2B	137	15	5	162930230	162946342
ENSG00000137878:ILMN_1674151:GRINL1A	138	17	15	57884106	58074960
ENSG00000136717:ILMN_1674160:BIN1	138	19	2	127805603	127864931
ENSG00000095370:ILMN_1674440:SH2D3C	140	12	9	130500596	130541020
ENSG00000111554:ILMN_1674508:MDM1	140	15	12	68688346	68726161
ENSG00000175416:ILMN_1674609:CLTB	141	5	5	175819456	175843570
ENSG00000137878:ILMN_1675188:GRINL1A	144	6	15	57884106	58074960
ENSG00000004399:ILMN_1675222:PLXND1	144	15	3	129274018	129325661
ENSG00000108854:ILMN_1675429:SMURF2	145	23	17	62540735	62658386
ENSG00000185650:ILMN_1675448:ZFP36L1	146	2	14	69254375	69261453
ENSG00000244509:ILMN_1675684:APOBEC3C	147	11	22	39378441	39414931
ENSG00000159674:ILMN_1676099:SPON2	149	9	4	1160720	1166980
ENSG00000188677:ILMN_1676173:PARVB	149	13	22	44395091	44565106
ENSG00000141485:ILMN_1676192:SLC13A5	149	16	17	6588032	6616740
ENSG00000112276:ILMN_1676294:BVES	150	9	6	105544697	105584560
ENSG00000163032:ILMN_1676413:VSNL1	151	5	2	17720393	17838285
ENSG00000174547:ILMN_1676458:MRPL11	151	15	11	66202551	66206310
ENSG00000184402:ILMN_1676625:SS18L1	152	11	20	60718822	60757540
ENSG00000070718:ILMN_1676946:AP3M2	154	7	8	42010464	42028701
ENSG00000188529:ILMN_1677162:FUSIP1	155	12	1	24291294	24307417
ENSG00000120948:ILMN_1677532:TARDBP	157	11	1	11072414	11085796
ENSG00000109929:ILMN_1677607:SC5DL	157	22	11	121163388	121184119
ENSG00000114279:ILMN_1677680:FGF12	158	8	3	191859684	192485553
ENSG00000188321:ILMN_1677785:ZNF559	158	21	19	9434873	9454519
ENSG00000083454:ILMN_1677793:P2RX5	158	22	17	3575748	3599649
ENSG00000118849:ILMN_1677851:RARRES1	159	9	3	158414681	158450485
ENSG00000149929:ILMN_1678037:HIRIP3	160	8	16	30004311	30007387
ENSG00000111348:ILMN_1678143:ARHGDIB	160	24	12	15094950	15114562
ENSG00000131779:ILMN_1678546:PEX11B	163	2	1	145516252	145523730
ENSG00000100024:ILMN_1678690:UPB1	163	21	22	24890075	24924358
ENSG00000120725:ILMN_1678729:SIL1	164	4	5	138282409	138534087
ENSG00000186340:ILMN_1678842:THBS2	165	0	6	169615875	169654139
ENSG00000112303:ILMN_1678939:VNN2	165	11	6	133065009	133084598
ENSG00000038274:ILMN_1680246:MAT2B	173	16	5	162930230	162946342
ENSG00000084072:ILMN_1680341:PPIE	174	5	1	40157854	40229586
ENSG00000074211:ILMN_1680507:PPP2R2C	175	11	4	6322308	6474173
ENSG00000100083:ILMN_1681668:GGA1	181	15	22	38004482	38029571
ENSG00000198055:ILMN_1681802:GRK6	182	12	5	176853687	176869850
ENSG00000148690:ILMN_1681967:C10orf4	183	8	10	95427640	95462329
ENSG00000041357:ILMN_1682098:PSMA4	184	0	15	78832747	78841604
ENSG00000176222:ILMN_1682227:ZNF404	184	23	19	44376519	44384291
ENSG00000111731:ILMN_1682572:KIAA0528	187	0	12	22601541	22697452
ENSG00000183161:ILMN_1682724:FANCF	187	18	11	22644079	22647387
ENSG00000160221:ILMN_1682812:C21orf33	188	9	21	45553487	45565605
ENSG00000088832:ILMN_1683658:FKBP1A	193	15	20	1349622	1373806
ENSG00000161955:ILMN_1683700:TNFSF13	194	1	17	7461609	7464925
ENSG00000106852:ILMN_1683752:LHX6	194	4	9	124964856	124991220
ENSG00000100577:ILMN_1684168:GSTZ1	196	21	14	77787230	77797939
ENSG00000171703:ILMN_1684742:TCEA2	200	5	20	62681189	62703700
ENSG00000162989:ILMN_1684945:KCNJ3	201	7	2	155554811	155714863
ENSG00000126522:ILMN_1685037:ASL	201	20	7	65540785	65617228
ENSG00000168495:ILMN_1685109:POLR3D	202	15	8	22102619	22108679
ENSG00000126522:ILMN_1685142:ASL	202	21	7	65540785	65617228
ENSG00000076706:ILMN_1685275:MCAM	203	11	11	119179234	119187840
ENSG00000223802:ILMN_1685319:LASS1	203	20	19	18981386	19006953
ENSG00000159140:ILMN_1685327:SON	203	21	21	34914924	34949812
ENSG00000106236:ILMN_1685608:NPTX2	205	13	7	98246609	98259180
ENSG00000175567:ILMN_1685625:UCP2	205	17	11	73685716	73693889
ENSG00000096395:ILMN_1685858:MLN	207	12	6	33762449	33771793
ENSG00000006468:ILMN_1685891:ETV1	207	16	7	13930853	14031050
ENSG00000161270:ILMN_1686259:NPHS1	209	8	19	36290892	36342739
ENSG00000149639:ILMN_1687073:C20orf117	213	10	20	35405845	35492089
ENSG00000184611:ILMN_1687219:KCNH7	213	24	2	163227917	163695240
ENSG00000186350:ILMN_1687315:RXRA	214	15	9	137208944	137332431
ENSG00000174437:ILMN_1687375:ATP2A2	214	24	12	110719032	110788893
ENSG00000187764:ILMN_1687533:SEMA4D	216	0	9	91975706	92112888
ENSG00000179918:ILMN_1687824:SEPHS2	217	9	16	30454952	30457195
ENSG00000164610:ILMN_1687922:RP9	218	2	7	33134409	33149013
ENSG00000170367:ILMN_1688022:CST5	218	18	20	23856572	23860387
ENSG00000136111:ILMN_1688098:TBC1D4	219	7	13	75858808	76056250
ENSG00000163618:ILMN_1688188:CADPS	219	24	3	62384021	62861064
ENSG00000172403:ILMN_1688220:SYNPO2	220	2	4	119809996	119982393
ENSG00000173868:ILMN_1688240:PHOSPHO1	220	6	17	47300732	47308128
ENSG00000153558:ILMN_1688639:FBXL2	222	17	3	33318517	33445154
ENSG00000156471:ILMN_1688753:PTDSS1	223	5	8	97274164	97346774
ENSG00000006327:ILMN_1689004:TNFRSF12A	224	12	16	3070313	3072384
ENSG00000112276:ILMN_1689237:BVES	225	21	6	105544697	105584560
ENSG00000163882:ILMN_1689445:POLR2H	226	21	3	184079506	184086384
ENSG00000052802:ILMN_1689842:SC4MOL	228	20	4	166248818	166264224
ENSG00000144589:ILMN_1690085:STK11IP	230	0	2	220462582	220481173
ENSG00000131771:ILMN_1690096:PPP1R1B	230	1	17	37783179	37792879
ENSG00000174547:ILMN_1690371:MRPL11	231	22	11	66202551	66206310
ENSG00000064995:ILMN_1690545:TAF11	232	21	6	34845555	34855866
ENSG00000197563:ILMN_1691112:PIGN	236	6	18	59711460	59854289
ENSG00000087111:ILMN_1691291:PIGS	237	6	17	26880405	26898542
ENSG00000158290:ILMN_1691535:CUL4B	238	24	23	119658464	119709649
ENSG00000125931:ILMN_1691641:CITED1	239	14	23	71521490	71527037
ENSG00000179168:ILMN_1691719:GGN	239	24	19	38874905	38878668
ENSG00000183155:ILMN_1691862:RABIF	241	1	1	202848085	202858263
ENSG00000064726:ILMN_1691927:BTBD1	241	8	15	83685174	83736106
ENSG00000118816:ILMN_1691942:CCNI	241	11	4	77968308	77997156
ENSG00000128513:ILMN_1692041:POT1	241	22	7	124462440	124570037
ENSG00000197653:ILMN_1692281:DNAH10	243	7	12	124247042	124420265
ENSG00000129315:ILMN_1692390:CCNT1	243	20	12	49086752	49110781
ENSG00000169330:ILMN_1692394:KIAA1024	243	21	15	79724858	79764632
ENSG00000102103:ILMN_1692429:PQBP1	244	0	23	48755195	48760420
ENSG00000112303:ILMN_1692546:VNN2	244	14	6	133065009	133084598
ENSG00000167085:ILMN_1692651:PHB	244	24	17	47481414	47492233
ENSG00000107731:ILMN_1692665:UNC5B	245	2	10	72972327	73062621
ENSG00000149639:ILMN_1693004:C20orf117	247	0	20	35405845	35492089
ENSG00000119684:ILMN_1693107:MLH3	247	10	14	75480467	75518235
ENSG00000107897:ILMN_1693250:ACBD5	248	6	10	27484144	27531068
ENSG00000115310:ILMN_1693598:RTN4	250	12	2	55199325	55339757
ENSG00000115661:ILMN_1693679:STK16	250	23	2	220110177	220115059
ENSG00000137878:ILMN_1693716:GRINL1A	251	6	15	57884106	58074960
ENSG00000197619:ILMN_1693788:ZNF432	251	16	19	52467594	52627345
ENSG00000149212:ILMN_1694027:SESN3	252	22	11	94906133	94964246
ENSG00000075340:ILMN_1694133:ADD2	253	18	2	70834750	70995357
ENSG00000185186:ILMN_1694182:C21orf84	253	24	21	44881974	44899414
ENSG00000169032:ILMN_1694240:MAP2K1	254	7	15	66679155	66783882
ENSG00000169071:ILMN_1694426:ROR2	255	6	9	94325373	94712444
ENSG00000062725:ILMN_1694875:APPBP2	257	23	17	58520520	58603580
ENSG00000165568:ILMN_1694985:AKR1CL2	258	17	10	4828820	4890254
ENSG00000125851:ILMN_1695003:PCSK2	258	21	20	17206752	17465223
ENSG00000103168:ILMN_1695119:TAF1C	259	14	16	84211461	84220662
ENSG00000135250:ILMN_1695468:SRPK2	261	8	7	104751151	105039755
ENSG00000102572:ILMN_1695773:STK24	262	17	13	99102455	99230194
ENSG00000198646:ILMN_1695797:NCOA6	262	19	20	33302578	33413452
ENSG00000138964:ILMN_1695851:PARVG	263	3	22	44568836	44615413
ENSG00000160179:ILMN_1695968:ABCG1	264	5	21	43619799	43720714
ENSG00000160712:ILMN_1696394:IL6R	267	4	1	154377669	154441926
ENSG00000178538:ILMN_1696615:CA8	268	18	8	61101423	61193954
ENSG00000241595:ILMN_1696738:KRTAP9-4	269	17	17	39405939	39406904
ENSG00000075089:ILMN_1697585:ACTR6	273	19	12	100593865	100618201
ENSG00000100138:ILMN_1697614:NHP2L1	273	22	22	42069934	42086508
ENSG00000104522:ILMN_1697777:TSTA3	275	6	8	144694788	144699732
ENSG00000135299:ILMN_1698159:ANKRD6	277	3	6	90142897	90343553
ENSG00000188379:ILMN_1698186:IFNA2	277	9	9	21384254	21385396
ENSG00000126698:ILMN_1698258:DNAJC8	277	24	1	28527068	28559536
ENSG00000164597:ILMN_1698621:COG5	279	22	7	106842189	107204959
ENSG00000143970:ILMN_1698968:ASXL2	281	16	2	25960557	26101385
ENSG00000223959:ILMN_1699172:AFG3L1	282	12	16	90038988	90068569
ENSG00000054690:ILMN_1699254:PLEKHH1	283	1	14	68000008	68056255
ENSG00000167635:ILMN_1699423:ZNF146	283	16	19	36705504	36729673
ENSG00000095139:ILMN_1699703:ARCN1	285	8	11	118443102	118473743
ENSG00000073417:ILMN_1699767:PDE8A	285	19	15	85523671	85682376
ENSG00000136783:ILMN_1700159:NIPSNAP3A	287	21	9	107509969	107522403
ENSG00000168530:ILMN_1700860:MYL1	291	21	2	211154874	211179914
ENSG00000164105:ILMN_1700896:SAP30	292	0	4	174292093	174298682
ENSG00000168283:ILMN_1700915:BMI1	292	1	10	22605381	22620413
ENSG00000186298:ILMN_1701855:PPP1CC	296	22	12	111157615	111180757
ENSG00000171659:ILMN_1701947:GPR34	297	14	23	41548226	41556526
ENSG00000112276:ILMN_1702107:BVES	298	14	6	105544697	105584560
ENSG00000149084:ILMN_1702168:HSD17B12	298	22	11	43702143	43878160
ENSG00000088832:ILMN_1702237:FKBP1A	299	12	20	1349622	1373806
ENSG00000144642:ILMN_1702681:RBMS3	301	21	3	28880558	30046620
ENSG00000102572:ILMN_1702723:STK24	302	6	13	99102455	99230194
ENSG00000131171:ILMN_1702835:SH3BGRL	303	3	23	80457442	80554046
ENSG00000173692:ILMN_1702837:PSMD1	303	4	2	231921578	232037541
ENSG00000186660:ILMN_1703053:ZFP91	304	10	11	58346584	58392110
ENSG00000159140:ILMN_1703427:SON	306	14	21	34914924	34949812
ENSG00000115365:ILMN_1703697:LANCL1	308	0	2	211295973	211342376
ENSG00000057149:ILMN_1703855:SERPINB3	308	19	18	61322431	61329197
ENSG00000046604:ILMN_1704196:DSG2	310	13	18	29078027	29128813
ENSG00000157181:ILMN_1704222:C1orf27	310	16	1	186344970	186390507
ENSG00000111237:ILMN_1704619:VPS29	313	0	12	110929330	110939916
ENSG00000169118:ILMN_1704713:CSNK1G1	313	14	15	64457716	64648442
ENSG00000075413:ILMN_1704795:MARK3	313	23	14	103851701	103970164
ENSG00000111229:ILMN_1704943:ARPC3	314	11	12	110872695	110891802
ENSG00000100285:ILMN_1705153:NEFH	315	15	22	29876219	29887379
ENSG00000150540:ILMN_1705984:HNMT	320	7	2	138721590	138773930
ENSG00000103253:ILMN_1706262:HAGHL	321	12	16	776958	797295
ENSG00000183439:ILMN_1706265:TRIM61	321	13	4	165875600	165898818
ENSG00000125868:ILMN_1706426:DSTN	322	11	20	17550508	17588887
ENSG00000149591:ILMN_1706783:TAGLN	324	14	11	117070040	117075507
ENSG00000120742:ILMN_1706817:SERP1	324	17	3	150259781	150321015
ENSG00000205809:ILMN_1707328:KLRC2	327	7	12	10583210	10588592
ENSG00000186297:ILMN_1707571:GABRA5	328	11	15	27112058	27194349
ENSG00000185745:ILMN_1707695:IFIT1	329	2	10	91152303	91163745
ENSG00000132434:ILMN_1708009:LANCL2	330	15	7	55433141	55501435
ENSG00000125779:ILMN_1708095:PANK2	331	1	20	3869486	3907605
ENSG00000093000:ILMN_1708132:NUP50	331	10	22	45559722	45583892
ENSG00000100083:ILMN_1708174:GGA1	331	18	22	38004482	38029571
ENSG00000182621:ILMN_1708432:PLCB1	333	4	20	8112824	8949003
ENSG00000205030:ILMN_1708583:OR5L2	333	22	11	55594695	55595630
ENSG00000173175:ILMN_1708588:ADCY5	333	23	3	123001143	123168605
ENSG00000111332:ILMN_1708728:H2AFJ	334	9	12	14927349	14928345
ENSG00000118707:ILMN_1709044:TGIF2	336	7	20	35201891	35222353
ENSG00000175416:ILMN_1709346:CLTB	338	1	5	175819456	175843570
ENSG00000017427:ILMN_1709613:IGF1	339	3	12	102789645	102874423
ENSG00000145740:ILMN_1709728:SLC30A5	339	21	5	68389788	68426896
ENSG00000100138:ILMN_1709809:NHP2L1	340	8	22	42069934	42086508
ENSG00000157827:ILMN_1710116:FMNL2	341	13	2	153191751	153506348
ENSG00000148498:ILMN_1710524:PARD3	343	5	10	34398489	35104249
ENSG00000151338:ILMN_1710684:MIPOL1	343	23	14	37667155	38021566
ENSG00000101391:ILMN_1711023:CDK5RAP1	345	17	20	31946645	31989367
ENSG00000116213:ILMN_1711166:WDR8	346	17	1	3547331	3569325
ENSG00000150625:ILMN_1711312:GPM6A	347	15	4	176554089	176923648
ENSG00000113048:ILMN_1711414:MRPS27	348	8	5	71515236	71616088
ENSG00000114573:ILMN_1711516:ATP6V1A	349	0	3	113465866	113530903
ENSG00000153283:ILMN_1711573:CD96	349	7	3	111260926	111384597
ENSG00000100577:ILMN_1711642:GSTZ1	349	14	14	77787230	77797939
ENSG00000159352:ILMN_1711765:PSMD4	350	3	1	151227179	151239955
ENSG00000106078:ILMN_1711888:COBL	350	23	7	51083909	51384515
ENSG00000107625:ILMN_1712320:DDX50	353	7	10	70661034	70706603
ENSG00000124570:ILMN_1712400:SERPINB6	353	17	6	2948393	2972399
ENSG00000157343:ILMN_1712616:C6orf81	355	2	6	35704809	35716856
ENSG00000135525:ILMN_1712719:MAP7	355	21	6	136663875	136871792
ENSG00000187778:ILMN_1713147:MCRS1	358	14	12	49952088	49961911
ENSG00000119718:ILMN_1713380:EIF2B2	359	16	14	75469612	75476292
ENSG00000141458:ILMN_1713505:NPC1	360	9	18	21111401	21166470
ENSG00000092421:ILMN_1713529:SEMA6A	360	12	5	115779251	115910551
ENSG00000150540:ILMN_1713685:HNMT	361	5	2	138721590	138773930
ENSG00000132581:ILMN_1713978:SDF2	362	17	17	26975374	26989203
ENSG00000143801:ILMN_1714417:PSEN2	364	21	1	227058264	227083806
ENSG00000089472:ILMN_1714523:HEPH	365	13	23	65382391	65488709
ENSG00000102225:ILMN_1714569:PCTK1	365	19	23	47077528	47089396
ENSG00000114013:ILMN_1714602:CD86	366	0	3	121774213	121839983
ENSG00000100216:ILMN_1714623:TOMM22	366	2	22	39077953	39080818
ENSG00000131876:ILMN_1715179:SNRPA1	368	23	15	101821715	101835487
ENSG00000106852:ILMN_1715189:LHX6	369	1	9	124964856	124991220
ENSG00000048052:ILMN_1715241:HDAC9	369	9	7	18126572	19036993
ENSG00000083290:ILMN_1715482:ULK2	370	11	17	19674143	19771249
ENSG00000184402:ILMN_1715500:SS18L1	370	13	20	60718822	60757540
ENSG00000181778:ILMN_1715653:C9orf71	371	11	9	71151496	71155783
ENSG00000115756:ILMN_1715672:HPCAL1	371	16	2	10443015	10567743
ENSG00000154328:ILMN_1715680:NEIL2	371	18	8	11627172	11644854
ENSG00000176274:ILMN_1715745:MCART6	372	4	23	103343898	103401708
ENSG00000068793:ILMN_1715815:CYFIP1	372	13	15	22892663	23006016
ENSG00000162998:ILMN_1716246:FRZB	374	20	2	183698002	183731890
ENSG00000135917:ILMN_1716359:SLC19A3	375	12	2	228549926	228582728
ENSG00000150625:ILMN_1716869:GPM6A	378	14	4	176554089	176923648
ENSG00000169862:ILMN_1716875:CTNND2	378	15	5	10971952	11904110
ENSG00000144182:ILMN_1717524:LIPT1	381	23	2	99771418	99779620
ENSG00000102893:ILMN_1718001:PHKB	384	9	16	47495210	47735434
ENSG00000107798:ILMN_1718063:LIPA	384	18	10	90973326	91174314
ENSG00000205726:ILMN_1718769:ITSN1	388	5	21	35014706	35272165
ENSG00000128915:ILMN_1718830:NARG2	388	16	15	60711808	60771344
ENSG00000197619:ILMN_1719219:ZNF432	391	9	19	52467594	52627345
ENSG00000162923:ILMN_1719343:WDR26	391	23	1	224572845	224624735
ENSG00000148572:ILMN_1719344:NRBF2	391	24	10	64893050	64914783
ENSG00000173171:ILMN_1719403:MTX1	392	4	1	155178490	155183614
ENSG00000153827:ILMN_1720241:TRIP12	396	0	2	230631930	230787955
ENSG00000139684:ILMN_1720285:ESD	396	8	13	47345391	47371367
ENSG00000114503:ILMN_1720442:NCBP2	396	23	3	196662273	196669468
ENSG00000158161:ILMN_1720529:EYA3	397	14	1	28296855	28415207
ENSG00000169271:ILMN_1720710:HSPB3	398	12	5	53751445	53752207
ENSG00000052802:ILMN_1720889:SC4MOL	399	6	4	166248818	166264224
ENSG00000164284:ILMN_1721138:GRPEL2	401	5	5	148724993	148734146
ENSG00000164597:ILMN_1721535:COG5	403	0	7	106842189	107204959
ENSG00000089820:ILMN_1721977:ARHGAP4	405	11	23	153172821	153200452
ENSG00000198934:ILMN_1722022:MAGEE1	405	17	23	75648117	75651744
ENSG00000165192:ILMN_1722024:ASB11	405	18	23	15299819	15333778
ENSG00000161013:ILMN_1722438:MGAT4B	407	22	5	179224105	179233952
ENSG00000173867:ILMN_1722838:MRPL46	410	13	15	89002707	89010650
ENSG00000113575:ILMN_1722858:PPP2CA	410	18	5	133530025	133561833
ENSG00000173391:ILMN_1723035:OLR1	411	16	12	10310904	10324790
ENSG00000158234:ILMN_1723268:FAIM	412	22	3	138327448	138352218
ENSG00000034053:ILMN_1723626:APBA2	414	17	15	29213840	29447484
ENSG00000149639:ILMN_1723735:C20orf117	415	5	20	35405845	35492089
ENSG00000243927:ILMN_1723874:MRPS6	415	17	21	35445524	35515334
ENSG00000182621:ILMN_1723969:PLCB1	416	5	20	8112824	8949003
ENSG00000179388:ILMN_1724280:EGR3	417	21	8	22545172	22550815
ENSG00000138835:ILMN_1724349:RGS3	418	8	9	116207011	116360018
ENSG00000109189:ILMN_1724410:USP46	418	21	4	53457131	53525502
ENSG00000188340:ILMN_1724427:OR6N2	418	24	1	158746472	158747425
ENSG00000163918:ILMN_1724489:RFC4	419	8	3	186507669	186524847
ENSG00000121390:ILMN_1724490:PSPC1	419	9	13	20248896	20357142
ENSG00000085063:ILMN_1724789:CD59	421	5	11	33724558	33758025
ENSG00000124802:ILMN_1725105:EEF1E1	422	19	6	8073593	8102828
ENSG00000166710:ILMN_1725427:B2M	424	8	15	45003675	45010359
ENSG00000197653:ILMN_1725571:DNAH10	425	0	12	124247042	124420265
ENSG00000079277:ILMN_1725738:MKNK1	426	1	1	47023090	47069966
ENSG00000154719:ILMN_1726391:MRPL39	429	0	21	26957968	26979829
ENSG00000156194:ILMN_1726602:PPEF2	430	13	4	76781028	76823681
ENSG00000092010:ILMN_1726698:PSME1	431	1	14	24605367	24608176
ENSG00000101445:ILMN_1727098:PPP1R16B	433	15	20	37434348	37551667
ENSG00000109929:ILMN_1727236:SC5DL	434	13	11	121163388	121184119
ENSG00000167685:ILMN_1727300:ZNF444	435	2	19	56652556	56672261
ENSG00000108826:ILMN_1727558:MRPL27	436	15	17	48445231	48450562
ENSG00000148377:ILMN_1727756:IDI2	437	22	10	1064847	1071799
ENSG00000149639:ILMN_1727920:C20orf117	438	17	20	35405845	35492089
ENSG00000188643:ILMN_1728049:S100A16	439	6	1	153579362	153585644
ENSG00000158161:ILMN_1728353:EYA3	441	2	1	28296855	28415207
ENSG00000164961:ILMN_1728676:KIAA0196	442	20	8	126036505	126104061
ENSG00000138835:ILMN_1728711:RGS3	443	1	9	116207011	116360018
ENSG00000215301:ILMN_1728870:DDX3X	443	21	23	41192651	41223725
ENSG00000120798:ILMN_1728983:NR2C1	444	11	12	95414062	95467404
ENSG00000147654:ILMN_1729144:EBAG9	445	3	8	110551929	110577387
ENSG00000165841:ILMN_1729191:CYP2C19	445	11	10	96447911	96613017
ENSG00000187555:ILMN_1729319:USP7	446	3	16	8985951	9057341
ENSG00000172403:ILMN_1730218:SYNPO2	450	11	4	119809996	119982393
ENSG00000172115:ILMN_1730416:CYCS	451	4	7	25159710	25164980
ENSG00000157827:ILMN_1730491:FMNL2	451	13	2	153191751	153506348
ENSG00000115310:ILMN_1730611:RTN4	452	5	2	55199325	55339757
ENSG00000164118:ILMN_1731453:KIAA1712	457	12	4	175205056	175254531
ENSG00000133794:ILMN_1731476:ARNTL	457	13	11	13299325	13408813
ENSG00000138835:ILMN_1731478:RGS3	457	14	9	116207011	116360018
ENSG00000159958:ILMN_1731742:TNFRSF13C	459	3	22	42321045	42322822
ENSG00000145740:ILMN_1732079:SLC30A5	460	15	5	68389788	68426896
ENSG00000134440:ILMN_1732216:NARS	461	8	18	55267896	55289177
ENSG00000188827:ILMN_1732885:BTBD12	464	10	16	3631182	3661599
ENSG00000187764:ILMN_1733221:SEMA4D	465	19	9	91975706	92112888
ENSG00000099341:ILMN_1733256:PSMD8	466	1	19	38865176	38874464
ENSG00000156194:ILMN_1733294:PPEF2	466	7	4	76781028	76823681
ENSG00000069943:ILMN_1733311:PIGB	466	11	15	55611133	55647845
ENSG00000185437:ILMN_1733346:SH3BGR	466	14	21	40817781	40887433
ENSG00000151576:ILMN_1733407:QTRTD1	466	24	3	113724680	113807269
ENSG00000126860:ILMN_1733579:EVI2A	467	21	17	29644578	29648767
ENSG00000101452:ILMN_1733667:DHX35	468	7	20	37590942	37668366
ENSG00000130830:ILMN_1733675:MPP1	468	9	23	154006959	154049282
ENSG00000108960:ILMN_1733937:MMD	469	18	17	53469974	53499341
ENSG00000113734:ILMN_1734410:BNIP1	471	16	5	172571445	172591390
ENSG00000170606:ILMN_1734814:HSPA4	474	1	5	132387654	132442141
ENSG00000120798:ILMN_1734867:NR2C1	474	9	12	95414062	95467404
ENSG00000130775:ILMN_1735143:C1orf38	475	17	1	28199055	28213196
ENSG00000122687:ILMN_1735918:FTSJ2	479	14	7	2273866	2281848
ENSG00000121897:ILMN_1736077:LIAS	480	9	4	39460620	39479273
ENSG00000115112:ILMN_1736527:TFCP2L1	482	15	2	121974163	122042783
ENSG00000107242:ILMN_1736654:PIP5K1B	483	10	9	71320616	71624092
ENSG00000100271:ILMN_1737073:TTLL1	485	22	22	43414609	43485434
ENSG00000160221:ILMN_1737588:C21orf33	488	19	21	45553487	45565605
ENSG00000106355:ILMN_1737947:LSM5	490	19	7	32524951	32534895
ENSG00000065361:ILMN_1737993:ERBB3	491	2	12	56473892	56497128
ENSG00000197894:ILMN_1738604:ADH5	494	14	4	99992129	100009931
ENSG00000114520:ILMN_1738736:SNX4	495	15	3	125165495	125239041
ENSG00000135457:ILMN_1738750:TFCP2	495	18	12	51488624	51566664
ENSG00000107242:ILMN_1738757:PIP5K1B	495	19	9	71320616	71624092
ENSG00000153936:ILMN_1738987:HS2ST1	497	4	1	87380331	87634887
ENSG00000126861:ILMN_1739235:OMG	498	9	17	29621665	29624349
ENSG00000124356:ILMN_1739253:STAMBP	498	13	2	74056086	74100786
ENSG00000115947:ILMN_1740083:ORC4L	503	0	2	148691732	148779136
ENSG00000144048:ILMN_1740171:DUSP11	503	11	2	73989311	74007284
ENSG00000111012:ILMN_1740418:CYP27B1	505	6	12	58156118	58160976
ENSG00000169118:ILMN_1740549:CSNK1G1	505	23	15	64457716	64648442
ENSG00000136099:ILMN_1740623:PCDH8	506	11	13	53418109	53422775
ENSG00000138641:ILMN_1741032:HERC3	508	17	4	89513574	89629693
ENSG00000131480:ILMN_1741431:AOC2	510	15	17	40996609	41002722
ENSG00000105127:ILMN_1741572:AKAP8	511	8	19	15464341	15490603
ENSG00000124222:ILMN_1741942:STX16	512	19	20	57226328	57267262
ENSG00000165633:ILMN_1742473:C10orf72	515	24	10	50226490	50323554
ENSG00000115661:ILMN_1742520:STK16	516	0	2	220110177	220115059
ENSG00000148690:ILMN_1742604:C10orf4	516	14	10	95427640	95462329
ENSG00000133195:ILMN_1742705:SLC39A11	517	1	17	70642089	71088832
ENSG00000163131:ILMN_1743032:CTSS	518	21	1	150702551	150738433
ENSG00000154227:ILMN_1743142:LASS3	519	12	15	100940600	101084925
ENSG00000114956:ILMN_1743432:DGUOK	521	2	2	74153953	74186088
ENSG00000160179:ILMN_1743638:ABCG1	521	23	21	43619799	43720714
ENSG00000182858:ILMN_1743995:ALG12	523	11	22	50296867	50312106
ENSG00000111653:ILMN_1744126:ING4	524	3	12	6759446	6772308
ENSG00000115816:ILMN_1744147:CEBPZ	524	8	2	37428755	37458856
ENSG00000080815:ILMN_1744267:PSEN1	524	23	14	73603155	73687109
ENSG00000100804:ILMN_1744649:PSMB5	526	12	14	23495060	23504429
ENSG00000100393:ILMN_1744665:EP300	526	15	22	41487790	41576081
ENSG00000127540:ILMN_1745049:UQCR	528	16	19	1597180	1605431
ENSG00000143621:ILMN_1745172:ILF2	529	15	1	153634512	153643524
ENSG00000010818:ILMN_1745447:HIVEP2	530	19	6	143072604	143266338
ENSG00000117632:ILMN_1745593:STMN1	531	13	1	26212214	26233482
ENSG00000175899:ILMN_1745607:A2M	531	14	12	9220308	9268825
ENSG00000166987:ILMN_1746012:MBD6	533	23	12	57916625	57923931
ENSG00000198625:ILMN_1746020:MDM4	534	0	1	204485511	204596130
ENSG00000137878:ILMN_1746635:GRINL1A	537	4	15	57884106	58074960
ENSG00000141504:ILMN_1746883:SAT2	538	19	17	7529552	7531187
ENSG00000108294:ILMN_1748651:PSMB3	546	10	17	36909003	36920483
ENSG00000115310:ILMN_1748983:RTN4	548	9	2	55199325	55339757
ENSG00000154269:ILMN_1749131:ENPP3	549	10	6	131949582	132068553
ENSG00000197579:ILMN_1749218:TOPORS	549	20	9	32540542	32552551
ENSG00000141424:ILMN_1750394:SLC39A6	555	23	18	33688495	33709357
ENSG00000079277:ILMN_1750429:MKNK1	556	5	1	47023090	47069966
ENSG00000178473:ILMN_1750469:UCN3	556	9	10	5406972	5416169
ENSG00000117632:ILMN_1750508:STMN1	556	14	1	26212214	26233482
ENSG00000151743:ILMN_1750880:AMN1	558	8	12	31824073	31882108
ENSG00000065361:ILMN_1751346:ERBB3	560	17	12	56473892	56497128
ENSG00000113643:ILMN_1751378:RARS	560	21	5	167913450	167946306
ENSG00000172828:ILMN_1751757:CES3	563	1	16	66995138	67008999
ENSG00000116752:ILMN_1751760:BCAS2	563	2	1	115110178	115124260
ENSG00000150540:ILMN_1751789:HNMT	563	8	2	138721590	138773930
ENSG00000232119:ILMN_1751816:MCTS1	563	12	23	119727865	119746334
ENSG00000068793:ILMN_1752432:CYFIP1	566	9	15	22892663	23006016
ENSG00000104660:ILMN_1752591:LEPROTL1	567	7	8	29952922	29995222
ENSG00000132313:ILMN_1753016:MRPL35	569	11	2	86426580	86440917
ENSG00000131941:ILMN_1753143:RHPN2	570	1	19	33469499	33555794
ENSG00000178105:ILMN_1753249:DDX10	570	12	11	108535804	108811656
ENSG00000106004:ILMN_1753613:HOXA5	572	19	7	27180671	27183463
ENSG00000129596:ILMN_1753931:CDO1	574	12	5	115140430	115152637
ENSG00000108826:ILMN_1753976:MRPL27	574	18	17	48445231	48450562
ENSG00000057608:ILMN_1754178:GDI2	575	17	10	5807186	5884095
ENSG00000160712:ILMN_1754753:IL6R	578	18	1	154377669	154441926
ENSG00000096093:ILMN_1755051:EFHC1	580	8	6	52284994	52357344
ENSG00000170606:ILMN_1755134:HSPA4	580	19	5	132387654	132442141
ENSG00000095587:ILMN_1755158:TLL2	580	21	10	98124363	98273675
ENSG00000102387:ILMN_1755638:TAF7L	582	19	23	100523241	100548045
ENSG00000071073:ILMN_1755643:MGAT4A	582	20	2	99235569	99347589
ENSG00000107864:ILMN_1755954:CPEB3	584	8	10	93808399	94050844
ENSG00000158417:ILMN_1756767:EIF5B	588	5	2	99953816	100016728
ENSG00000172469:ILMN_1757026:MANEA	589	21	6	96025419	96057333
ENSG00000157152:ILMN_1757081:SYN2	590	2	3	12045862	12232907
ENSG00000128564:ILMN_1757497:VGF	592	13	7	100805790	100808874
ENSG00000101911:ILMN_1758104:PRPS2	595	7	23	12809474	12842341
ENSG00000174607:ILMN_1758816:UGT8	598	21	4	115519611	115599381
ENSG00000112303:ILMN_1758864:VNN2	599	4	6	133065009	133084598
ENSG00000100836:ILMN_1759154:PABPN1	600	12	14	23790498	23795394
ENSG00000105135:ILMN_1759419:ILVBL	601	23	19	15225789	15236577
ENSG00000178913:ILMN_1759460:TAF7	602	3	5	140698058	140700351
ENSG00000197870:ILMN_1759690:PRB3	603	9	12	11418857	11422641
ENSG00000137642:ILMN_1759818:SORL1	603	24	11	121322961	121504471
ENSG00000128609:ILMN_1759973:NDUFA5	604	20	7	123177051	123198309
ENSG00000188243:ILMN_1759997:COMMD6	605	1	13	76099350	76123575
ENSG00000130700:ILMN_1760153:GATA5	605	22	20	61038553	61051026
ENSG00000146276:ILMN_1760431:GABRR1	607	9	6	89887220	89940997
ENSG00000221937:ILMN_1760732:TAS2R40	609	4	7	142919130	142920162
ENSG00000157911:ILMN_1760933:PEX10	610	1	1	2336236	2344010
ENSG00000139726:ILMN_1760954:DENR	610	4	12	123237371	123255953
ENSG00000126070:ILMN_1761049:EIF2C3	610	17	1	36396319	36522063
ENSG00000145708:ILMN_1761312:CRHBP	612	8	5	76248680	76265299
ENSG00000117533:ILMN_1761363:VAMP4	612	15	1	171669300	171711214
ENSG00000185437:ILMN_1761875:SH3BGR	615	9	21	40817781	40887433
ENSG00000088727:ILMN_1762192:KIF9	617	12	3	47269516	47324941
ENSG00000115598:ILMN_1762810:IL1RL2	620	8	2	102803433	102856462
ENSG00000138835:ILMN_1763371:RGS3	622	22	9	116207011	116360018
ENSG00000100138:ILMN_1763460:NHP2L1	623	15	22	42069934	42086508
ENSG00000197619:ILMN_1763641:ZNF432	624	19	19	52467594	52627345
ENSG00000114999:ILMN_1764043:TTL	626	23	2	113239731	113290227
ENSG00000113600:ILMN_1764228:C9	627	22	5	39284364	39388954
ENSG00000104635:ILMN_1764629:SLC39A14	629	21	8	22224800	22291642
ENSG00000204103:ILMN_1764709:MAFB	630	3	20	39314488	39317880
ENSG00000126067:ILMN_1764794:PSMB2	630	17	1	36042938	36107445
ENSG00000115756:ILMN_1764850:HPCAL1	630	23	2	10443015	10567743
ENSG00000159128:ILMN_1764964:IFNGR2	631	8	21	34757299	34851655
ENSG00000148690:ILMN_1765480:C10orf4	634	2	10	95427640	95462329
ENSG00000078902:ILMN_1765523:TOLLIP	634	8	11	1295601	1330852
ENSG00000169019:ILMN_1765644:COMMD8	635	1	4	47446002	47465736
ENSG00000089199:ILMN_1765966:CHGB	636	3	20	5892076	5906007
ENSG00000185414:ILMN_1766154:MRPL30	636	24	2	99771461	99814089
ENSG00000072952:ILMN_1766157:MRVI1	637	0	11	10594638	10715535
ENSG00000115446:ILMN_1766981:UNC50	641	1	2	99225042	99234978
ENSG00000149269:ILMN_1767365:PAK1	643	1	11	77033061	77185108
ENSG00000113600:ILMN_1767831:C9	645	14	5	39284364	39388954
ENSG00000181638:ILMN_1767839:GLI4	645	16	8	144329109	144359099
ENSG00000153012:ILMN_1767900:LGI2	645	21	4	25000469	25032501
ENSG00000117395:ILMN_1768127:EBNA1BP2	647	0	1	43629855	43727589
ENSG00000110330:ILMN_1768194:BIRC2	647	6	11	102217966	102249394
ENSG00000011465:ILMN_1768227:DCN	647	10	12	91539036	91576806
ENSG00000164144:ILMN_1768399:ARFIP1	648	4	4	153701112	153833064
ENSG00000091513:ILMN_1768425:TF	648	5	3	133419211	133497850
ENSG00000161542:ILMN_1768449:PRPSAP1	648	10	17	74306868	74380602
ENSG00000161057:ILMN_1768784:PSMC2	650	12	7	102984701	103009842
ENSG00000139278:ILMN_1769245:GLIPR1	653	15	12	75874513	75895715
ENSG00000186787:ILMN_1769458:SPIN2B	654	17	23	57144984	57147980
ENSG00000166086:ILMN_1769575:JAM3	655	10	11	133938820	134021636
ENSG00000179409:ILMN_1770206:GEMIN4	659	5	17	647661	655501
ENSG00000100949:ILMN_1770329:RABGGTA	659	23	14	24734746	24740803
ENSG00000136153:ILMN_1770479:LMO7	660	21	13	76194570	76434004
ENSG00000112406:ILMN_1770667:HECA	661	21	6	139456249	139501939
ENSG00000141030:ILMN_1770732:COPS3	662	8	17	17150134	17184607
ENSG00000140299:ILMN_1770803:BNIP2	662	19	15	59951345	59981733
ENSG00000152684:ILMN_1770811:PELO	662	20	5	52083774	52099880
ENSG00000101349:ILMN_1770938:PAK7	663	10	20	9518036	9819689
ENSG00000088035:ILMN_1771411:ALG6	665	22	1	63833261	63904233
ENSG00000105053:ILMN_1771697:VRK3	667	0	19	50479726	50528805
ENSG00000198597:ILMN_1772155:ZNF536	668	21	19	30863328	31048965
ENSG00000131828:ILMN_1772369:PDHA1	670	4	23	19362040	19379803
ENSG00000136859:ILMN_1772612:ANGPTL2	671	10	9	129849611	129885162
ENSG00000063854:ILMN_1772731:HAGH	672	10	16	1859104	1877162
ENSG00000123728:ILMN_1773561:RAP2C	676	10	23	131337053	131353471
ENSG00000132286:ILMN_1773850:FXC1	677	14	11	6502690	6530208
ENSG00000117758:ILMN_1773901:STX12	677	20	1	28099694	28150963
ENSG00000122565:ILMN_1774086:CBX3	678	16	7	26240782	26252976
ENSG00000066926:ILMN_1774091:FECH	678	18	18	55215515	55254004
ENSG00000173153:ILMN_1774272:ESRRA	679	16	11	64073044	64084215
ENSG00000173141:ILMN_1774312:MRP63	679	19	13	21750784	21753223
ENSG00000164591:ILMN_1774350:MYOZ3	680	0	5	150040404	150058927
ENSG00000138028:ILMN_1774722:CGREF1	681	20	2	27321757	27341983
ENSG00000113712:ILMN_1775058:CSNK1A1	683	16	5	148874845	148931007
ENSG00000100916:ILMN_1775943:BRMS1L	688	3	14	36295597	36341168
ENSG00000115484:ILMN_1776073:CCT4	688	16	2	62095224	62115939
ENSG00000124574:ILMN_1776119:ABCC10	689	4	6	43395292	43418164
ENSG00000115652:ILMN_1776334:UXS1	690	1	2	106709759	106810795
ENSG00000162613:ILMN_1776552:FUBP1	691	1	1	78400603	78444794
ENSG00000135775:ILMN_1776993:COG2	693	2	1	230778235	230829728
ENSG00000188243:ILMN_1777378:COMMD6	695	0	13	76099350	76123575
ENSG00000167755:ILMN_1777541:KLK6	695	17	19	51461888	51472929
ENSG00000132964:ILMN_1777913:CDK8	697	7	13	26828276	26979375
ENSG00000117054:ILMN_1778104:ACADM	698	7	1	76190036	76229364
ENSG00000120327:ILMN_1778327:PCDHB14	699	17	5	140602946	140605869
ENSG00000164978:ILMN_1778347:NUDT2	699	21	9	34329504	34343709
ENSG00000175497:ILMN_1778425:DPP10	700	9	2	115199876	116603328
ENSG00000166483:ILMN_1778561:WEE1	701	1	11	9595430	9611531
ENSG00000146729:ILMN_1778611:GBAS	701	8	7	56019486	56067874
ENSG00000149591:ILMN_1778668:TAGLN	701	16	11	117070040	117075507
ENSG00000147533:ILMN_1778673:GOLGA7	701	17	8	41348081	41368493
ENSG00000134058:ILMN_1778917:CDK7	702	22	5	68530700	68573250
ENSG00000065665:ILMN_1779381:SEC61A2	705	16	10	12171636	12211960
ENSG00000198825:ILMN_1779917:INPP5F	708	16	10	121485569	121588652
ENSG00000118620:ILMN_1780026:ZNF430	709	3	19	21203497	21241653
ENSG00000167755:ILMN_1780255:KLK6	710	1	19	51461888	51472929
ENSG00000112149:ILMN_1780582:CD83	711	8	6	14117872	14137149
ENSG00000168453:ILMN_1780625:HR	711	16	8	21971928	21989381
ENSG00000143258:ILMN_1780887:USP21	712	21	1	161129240	161135513
ENSG00000157152:ILMN_1781060:SYN2	713	18	3	12045862	12232907
ENSG00000115145:ILMN_1781135:STAM2	714	6	2	152973315	153032506
ENSG00000048052:ILMN_1781173:HDAC9	714	13	7	18126572	19036993
ENSG00000120129:ILMN_1781285:DUSP1	715	5	5	172195093	172198198
ENSG00000184792:ILMN_1781966:OSBP2	718	13	22	31089769	31303811
ENSG00000122565:ILMN_1782173:CBX3	719	16	7	26240782	26252976
ENSG00000170561:ILMN_1782412:IRX2	720	16	5	2745959	2751774
ENSG00000206073:ILMN_1782716:SERPINB4	722	2	18	61304493	61311560
ENSG00000184922:ILMN_1782748:FMNL1	722	8	17	43299292	43324681
ENSG00000181638:ILMN_1782751:GLI4	722	11	8	144329109	144359099
ENSG00000163479:ILMN_1783226:SSR2	724	11	1	155978839	155990758
ENSG00000135535:ILMN_1783852:CD164	727	1	6	109687717	109703762
ENSG00000136280:ILMN_1784352:CCM2	729	14	7	45039074	45116068
ENSG00000170852:ILMN_1784540:KBTBD2	730	16	7	32907784	32933743
ENSG00000113552:ILMN_1784709:GNPDA1	731	14	5	141380234	141392620
ENSG00000146085:ILMN_1785113:MUT	733	8	6	49398073	49430904
ENSG00000138378:ILMN_1785202:STAT4	733	24	2	191894302	192016322
ENSG00000149634:ILMN_1785476:C20orf165	735	7	20	44515128	44516274
ENSG00000129559:ILMN_1785711:NEDD8	736	10	14	24686058	24701660
ENSG00000125304:ILMN_1785765:TM9SF2	736	17	13	100153671	100215645
ENSG00000113712:ILMN_1785988:CSNK1A1	737	13	5	148874845	148931007
ENSG00000133121:ILMN_1786498:STARD13	740	10	13	33677270	33859892
ENSG00000187955:ILMN_1786598:COL14A1	740	17	8	121072019	121384275
ENSG00000126003:ILMN_1786601:PLAGL2	740	18	20	30780306	30795594
ENSG00000124209:ILMN_1786976:RAB22A	742	8	20	56884752	56942563
ENSG00000186723:ILMN_1787434:OR10H1	744	5	19	15917817	15918936
ENSG00000188677:ILMN_1787919:PARVB	746	8	22	44395091	44565106
ENSG00000115840:ILMN_1788053:SLC25A12	747	3	2	172640880	172864766
ENSG00000130520:ILMN_1788099:LSM4	747	9	19	18417720	18434001
ENSG00000164683:ILMN_1788203:HEY1	748	2	8	80676246	80680098
ENSG00000184611:ILMN_1788664:KCNH7	750	3	2	163227917	163695240
ENSG00000221914:ILMN_1788961:PPP2R2A	751	15	8	26149034	26228645
ENSG00000130208:ILMN_1789007:APOC1	751	18	19	45417921	45422606
ENSG00000184056:ILMN_1789243:VPS33B	753	0	15	91541646	91565833
ENSG00000175294:ILMN_1789394:CATSPER1	753	15	11	65784224	65793988
ENSG00000150995:ILMN_1789505:ITPR1	754	9	3	4535034	4889286
ENSG00000060718:ILMN_1789507:COL11A1	754	10	1	103342023	103574052
ENSG00000158161:ILMN_1790562:EYA3	759	16	1	28296855	28415207
ENSG00000122565:ILMN_1790625:CBX3	759	22	7	26240782	26252976
ENSG00000150540:ILMN_1790881:HNMT	761	3	2	138721590	138773930
ENSG00000188517:ILMN_1791112:COL25A1	762	3	4	109731877	110223799
ENSG00000131873:ILMN_1791576:CHSY1	764	21	15	101715928	101792137
ENSG00000198650:ILMN_1791678:TAT	765	5	16	71599563	71611033
ENSG00000080503:ILMN_1791702:SMARCA2	765	9	9	2015342	2193624
ENSG00000078237:ILMN_1791792:C12orf5	765	20	12	4430359	4469188
ENSG00000132698:ILMN_1791826:RAB25	765	24	1	156030951	156040295
ENSG00000147654:ILMN_1791896:EBAG9	766	7	8	110551929	110577387
ENSG00000137338:ILMN_1791949:PGBD1	766	16	6	28249349	28270326
ENSG00000151893:ILMN_1792270:C10orf46	768	7	10	120440494	120514761
ENSG00000177479:ILMN_1792825:ARIH2	771	8	3	48956254	49023815
ENSG00000144021:ILMN_1792837:CIAO1	771	11	2	96931870	96939087
ENSG00000106331:ILMN_1793101:PAX4	772	13	7	127250346	127255982
ENSG00000106052:ILMN_1793118:TAX1BP1	772	14	7	27778950	27880938
ENSG00000103253:ILMN_1793201:HAGHL	772	21	16	776958	797295
ENSG00000111344:ILMN_1793517:RASAL1	774	2	12	113537318	113574021
ENSG00000175040:ILMN_1794011:CHST2	776	14	3	142838173	142841800
ENSG00000128654:ILMN_1794046:MTX2	776	19	2	177134123	177202753
ENSG00000048028:ILMN_1794306:USP28	778	1	11	113668598	113746256
ENSG00000215301:ILMN_1794392:DDX3X	778	15	23	41192651	41223725
ENSG00000172020:ILMN_1794552:GAP43	779	6	3	115342171	115440337
ENSG00000124334:ILMN_1794686:IL9R	779	24	23	155227246	155251689
ENSG00000160179:ILMN_1794782:ABCG1	780	12	21	43619799	43720714
ENSG00000072210:ILMN_1794825:ALDH3A2	780	18	17	19551459	19580909
ENSG00000137878:ILMN_1795702:GRINL1A	785	3	15	57884106	58074960
ENSG00000132383:ILMN_1795719:RPA1	785	9	17	1733266	1802848
ENSG00000119919:ILMN_1796089:NKX2-3	787	7	10	101292710	101296281
ENSG00000173369:ILMN_1796409:C1QB	789	2	1	22979474	22988031
ENSG00000082074:ILMN_1796537:FYB	790	2	5	39105358	39219667
ENSG00000141338:ILMN_1796801:ABCA8	791	10	17	66863433	66951533
ENSG00000130313:ILMN_1797005:PGLS	792	8	19	17622432	17632095
ENSG00000084731:ILMN_1797277:KIF3C	793	14	2	26149471	26205618
ENSG00000100554:ILMN_1797310:ATP6V1D	793	21	14	67804806	67826966
ENSG00000124784:ILMN_1797534:RIOK1	795	3	6	7389729	7418270
ENSG00000003400:ILMN_1797578:CASP10	795	11	2	202047604	202094129
ENSG00000186810:ILMN_1797975:CXCR3	797	16	23	70835766	70838367
ENSG00000136504:ILMN_1798187:MYST2	798	18	17	47866058	47906456
ENSG00000182591:ILMN_1798206:KRTAP11-1	798	21	21	32252966	32253874
ENSG00000134444:ILMN_1798346:KIAA1468	799	11	18	59854507	59974355
ENSG00000171195:ILMN_1798931:MUC7	802	9	4	71296209	71348714
ENSG00000203993:ILMN_1799320:C9orf37	804	15	9	140509784	140513358
ENSG00000128654:ILMN_1799466:MTX2	805	1	2	177134123	177202753
ENSG00000094880:ILMN_1799688:CDC23	806	6	5	137523339	137549032
ENSG00000054983:ILMN_1799744:GALC	806	16	14	88399360	88459907
ENSG00000131480:ILMN_1799863:AOC2	807	4	17	40996609	41002722
ENSG00000147614:ILMN_1799889:ATP6V0D2	807	7	8	87111133	87166457
ENSG00000118849:ILMN_1800091:RARRES1	808	0	3	158414681	158450485
ENSG00000102893:ILMN_1800447:PHKB	809	18	16	47495210	47735434
ENSG00000184992:ILMN_1800619:BRI3BP	810	11	12	125478251	125511045
ENSG00000175582:ILMN_1800871:RAB6A	811	15	11	73386683	73472166
ENSG00000158748:ILMN_1800989:HTR6	812	6	1	19991780	20006055
ENSG00000067221:ILMN_1801130:STOML1	813	2	15	74275547	74284689
ENSG00000132423:ILMN_1801378:COQ3	814	11	6	99817276	99842080
ENSG00000157106:ILMN_1801383:SMG1	814	12	16	18816175	18937726
ENSG00000186081:ILMN_1801632:KRT5	815	19	12	52908363	52914243
ENSG00000101132:ILMN_1801762:PFDN4	816	6	20	52824386	52844591
ENSG00000106123:ILMN_1802646:EPHB6	820	16	7	142552792	142568847
ENSG00000107758:ILMN_1802669:PPP3CB	820	20	10	75196186	75255782
ENSG00000234906:ILMN_1802923:APOC2	821	22	19	45449243	45452814
ENSG00000180938:ILMN_1802974:ZNF572	822	2	8	125985539	125991631
ENSG00000189091:ILMN_1803110:SF3B3	822	15	16	70557691	70608820
ENSG00000140107:ILMN_1803300:C14orf68	823	14	14	100789679	100796715
ENSG00000048052:ILMN_1803563:HDAC9	825	4	7	18126572	19036993
ENSG00000184992:ILMN_1803570:BRI3BP	825	6	12	125478251	125511045
ENSG00000124222:ILMN_1803698:STX16	825	23	20	57226328	57267262
ENSG00000115661:ILMN_1803774:STK16	826	10	2	220110177	220115059
ENSG00000102225:ILMN_1803870:PCTK1	827	2	23	47077528	47089396
ENSG00000148935:ILMN_1804569:GAS2	830	4	11	22688160	22834537
ENSG00000196511:ILMN_1804629:TPK1	830	10	7	144149034	144533146
ENSG00000123415:ILMN_1804642:SMUG1	830	14	12	54575252	54582757
ENSG00000117533:ILMN_1804676:VAMP4	830	22	1	171669300	171711214
ENSG00000165943:ILMN_1804988:MOAP1	832	6	14	93648542	93651249
ENSG00000175497:ILMN_1805039:DPP10	832	14	2	115199876	116603328
ENSG00000183044:ILMN_1805104:ABAT	832	18	16	8768422	8878432
ENSG00000147533:ILMN_1805221:GOLGA7	833	7	8	41348081	41368493
ENSG00000105053:ILMN_1805535:VRK3	834	12	19	50479726	50528805
ENSG00000203872:ILMN_1805932:C6orf163	836	10	6	88054600	88075181
ENSG00000138698:ILMN_1806266:RAP1GDS1	838	3	4	99182527	99365008
ENSG00000197279:ILMN_1806502:ZNF165	839	16	6	28046572	28057341
ENSG00000138759:ILMN_1806667:FRAS1	840	7	4	78978724	79465423
ENSG00000132382:ILMN_1806757:MYBBP1A	840	21	17	4442192	4458681
ENSG00000165630:ILMN_1807243:PRPF18	843	7	10	13628927	13672868
ENSG00000107745:ILMN_1807540:CBARA1	844	14	10	74127098	74385869
ENSG00000165006:ILMN_1807596:UBAP1	844	19	9	34179011	34252521
ENSG00000188883:ILMN_1807691:KLRG2	845	8	7	139137436	139168458
ENSG00000064692:ILMN_1807969:SNCAIP	846	17	5	121647764	121799914
ENSG00000166959:ILMN_1808249:MS4A8B	848	3	11	60467047	60483282
ENSG00000177427:ILMN_1808295:SMCR7	848	8	17	18163869	18169095
ENSG00000095917:ILMN_1808512:TPSD1	849	17	16	1306060	1308609
ENSG00000080815:ILMN_1808548:PSEN1	849	21	14	73603155	73687109
ENSG00000151665:ILMN_1808938:PIGF	852	0	2	46808076	46844258
ENSG00000111653:ILMN_1809141:ING4	852	23	12	6759446	6772308
ENSG00000080815:ILMN_1809193:PSEN1	853	2	14	73603155	73687109
ENSG00000161013:ILMN_1809272:MGAT4B	853	8	5	179224105	179233952
ENSG00000137878:ILMN_1809511:GRINL1A	854	21	15	57884106	58074960
ENSG00000108179:ILMN_1809607:PPIF	855	13	10	81107225	81115093
ENSG00000126070:ILMN_1809751:EIF2C3	856	2	1	36396319	36522063
ENSG00000042753:ILMN_1809957:AP2S1	857	6	19	47341423	47354203
ENSG00000163618:ILMN_1809972:CADPS	857	11	3	62384021	62861064
ENSG00000189203:ILMN_1810092:TMEM179	858	0	14	105059816	105071097
ENSG00000135341:ILMN_1810176:MAP3K7	858	12	6	91223292	91296764
ENSG00000114279:ILMN_1810283:FGF12	859	4	3	191859684	192485553
ENSG00000137720:ILMN_1811082:C11orf1	863	8	11	111750265	111756564
ENSG00000108826:ILMN_1811327:MRPL27	864	16	17	48445231	48450562
ENSG00000116199:ILMN_1811373:FAM20B	864	24	1	178994939	179045697
ENSG00000116863:ILMN_1811480:ADPRHL2	865	16	1	36554476	36559533
ENSG00000082458:ILMN_1811515:DLG3	865	23	23	69664711	69725337
ENSG00000198315:ILMN_1811755:ZNF192	867	11	6	28109716	28124089
ENSG00000170881:ILMN_1811787:RNF139	867	18	8	125487008	125500846
ENSG00000085563:ILMN_1812070:ABCB1	868	21	7	87133175	87342611
ENSG00000197711:ILMN_1812433:HP	870	11	16	72088508	72094953
ENSG00000197879:ILMN_1812616:MYO1C	871	18	17	1367480	1395995
ENSG00000140398:ILMN_1812622:NEIL1	871	20	15	75639331	75647592
ENSG00000132313:ILMN_1812777:MRPL35	872	13	2	86426580	86440917
ENSG00000175065:ILMN_1812799:DSG4	872	15	18	28956740	28993880
ENSG00000128683:ILMN_1812859:GAD1	872	20	2	171669723	171717661
ENSG00000166265:ILMN_1812902:CYYR1	873	0	21	27838528	27945603
ENSG00000198825:ILMN_1813650:INPP5F	876	19	10	121485569	121588652
ENSG00000204822:ILMN_1813682:MRPL53	877	1	2	74699085	74700449
ENSG00000178394:ILMN_1813690:HTR1A	877	3	5	63256278	63257546
ENSG00000163528:ILMN_1813938:CHCHD4	878	9	3	14153580	14166370
ENSG00000196655:ILMN_1814650:TRAPPC4	880	23	11	118889241	118894382
ENSG00000174437:ILMN_1815666:ATP2A2	885	18	12	110719032	110788893
ENSG00000177427:ILMN_1815923:SMCR7	886	24	17	18163869	18169095
ENSG00000122687:ILMN_1815933:FTSJ2	887	1	7	2273866	2281848
