ENSG00000104450:ILMN_1652314:SPAG1	7	15	8	101170263	101254130
ENSG00000177189:ILMN_1652736:RPS6KA3	10	5	23	20168029	20285218
ENSG00000134508:ILMN_1653001:CABLES1	12	0	18	20715727	20840434
ENSG00000152795:ILMN_1653432:HNRPDL	14	14	4	83343717	83351019
ENSG00000108433:ILMN_1656293:GOSR2	31	15	17	45000486	45022263
ENSG00000174448:ILMN_1657044:STARD6	36	11	18	51850964	51880943
ENSG00000100664:ILMN_1657769:EIF5	40	24	14	103800493	103811359
ENSG00000087053:ILMN_1659952:MTMR2	54	18	11	95566046	95658479
ENSG00000111269:ILMN_1660223:CREBL2	56	5	12	12764831	12798041
ENSG00000132334:ILMN_1660907:PTPRE	60	11	10	129705325	129884119
ENSG00000182199:ILMN_1661264:SHMT2	62	1	12	57623519	57628714
ENSG00000124440:ILMN_1663015:HIF3A	73	0	19	46800303	46846690
ENSG00000119048:ILMN_1663099:UBE2B	73	12	5	133706870	133727683
ENSG00000148842:ILMN_1663975:CNNM2	78	13	10	104678071	104838344
ENSG00000171109:ILMN_1664186:MFN1	80	2	3	179065480	179112719
ENSG00000042980:ILMN_1664236:ADAM28	80	5	8	24151580	24212726
ENSG00000042980:ILMN_1664631:ADAM28	82	11	8	24151580	24212726
ENSG00000130649:ILMN_1665437:CYP2E1	87	6	10	135340876	135374724
ENSG00000112146:ILMN_1667120:FBXO9	97	12	6	52916789	52965671
ENSG00000196562:ILMN_1667460:SULF2	99	11	20	46285092	46415360
ENSG00000188536:ILMN_1667796:HBA2	101	0	16	222846	223709
ENSG00000123505:ILMN_1667994:AMD1	101	22	6	111195973	111216916
ENSG00000113580:ILMN_1668525:NR3C1	104	14	5	142657496	142815077
ENSG00000153233:ILMN_1669172:PTPRR	108	4	12	71031862	71314586
ENSG00000164924:ILMN_1669286:YWHAZ	109	0	8	101930804	101965616
ENSG00000129351:ILMN_1669584:ILF3	111	3	19	10764937	10803093
ENSG00000109738:ILMN_1669631:GLRB	111	14	4	157997277	158093242
ENSG00000143727:ILMN_1669633:ACP1	111	15	2	264140	278283
ENSG00000010244:ILMN_1670895:ZNF207	119	21	17	30677150	30708905
ENSG00000160087:ILMN_1671362:UBE2J2	122	16	1	1189289	1209265
ENSG00000120265:ILMN_1671621:PCMT1	124	4	6	150070579	150132556
ENSG00000162407:ILMN_1672608:PPAP2B	129	9	1	56960419	57110974
ENSG00000116171:ILMN_1674955:SCP2	142	23	1	53392948	53517282
ENSG00000183337:ILMN_1676241:BCOR	149	24	23	39909068	40036582
ENSG00000139318:ILMN_1677466:DUSP6	157	1	12	89741839	89746296
ENSG00000144227:ILMN_1677624:NXPH2	158	0	2	139428342	139537918
ENSG00000153233:ILMN_1679051:PTPRR	166	2	12	71031862	71314586
ENSG00000104341:ILMN_1680196:LAPTM4B	173	9	8	98787809	98864826
ENSG00000203663:ILMN_1680225:OR2L2	173	13	1	248201474	248202607
ENSG00000034152:ILMN_1680777:MAP2K3	177	1	17	21187984	21218552
ENSG00000077721:ILMN_1681603:UBE2A	181	4	23	118708501	118718381
ENSG00000170364:ILMN_1682404:SETMAR	185	24	3	4344988	4359251
ENSG00000136247:ILMN_1683544:ZDHHC4	193	1	7	6617065	6629005
ENSG00000174780:ILMN_1683888:SRP72	195	3	4	57333502	57369273
ENSG00000165629:ILMN_1685774:ATP5C1	206	20	10	7830092	7849778
ENSG00000196562:ILMN_1686981:SULF2	212	19	20	46285092	46415360
ENSG00000124440:ILMN_1687481:HIF3A	215	17	19	46800303	46846690
ENSG00000079931:ILMN_1687501:MOXD1	215	20	6	132617194	132722684
ENSG00000204003:ILMN_1688646:LCN6	222	19	9	139632619	139642980
ENSG00000107551:ILMN_1690566:RASSF4	233	0	10	45454855	45490172
ENSG00000189252:ILMN_1691953:SPANXN3	241	14	23	142596564	142605303
ENSG00000152904:ILMN_1692276:GGPS1	243	5	1	235490665	235507847
ENSG00000170248:ILMN_1693259:PDCD6IP	248	7	3	33839557	33911194
ENSG00000076554:ILMN_1693367:TPD52	249	1	8	80947107	81083836
ENSG00000163482:ILMN_1693538:STK36	250	4	2	219536749	219567439
ENSG00000160087:ILMN_1693991:UBE2J2	252	17	1	1189289	1209265
ENSG00000116171:ILMN_1694776:SCP2	257	8	1	53392948	53517282
ENSG00000100678:ILMN_1696056:SLC8A3	265	1	14	70510934	70655787
ENSG00000017260:ILMN_1696568:ATP2C1	268	6	3	130613434	130735553
ENSG00000160789:ILMN_1696749:LMNA	269	19	1	156052369	156109880
ENSG00000129351:ILMN_1698463:ILF3	279	1	19	10764937	10803093
ENSG00000166411:ILMN_1698533:IDH3A	279	13	15	78441663	78464291
ENSG00000124275:ILMN_1702684:MTRR	301	23	5	7869217	7901237
ENSG00000112146:ILMN_1702928:FBXO9	303	15	6	52916789	52965671
ENSG00000171951:ILMN_1703178:SCG2	305	4	2	224461658	224467221
ENSG00000156804:ILMN_1703955:FBXO32	309	8	8	124515359	124553446
ENSG00000170185:ILMN_1704876:USP38	314	5	4	144106070	144143141
ENSG00000178031:ILMN_1705250:ADAMTSL1	316	4	9	18473892	18910948
ENSG00000180479:ILMN_1706709:ZNF571	324	6	19	38053294	38085691
ENSG00000178031:ILMN_1706992:ADAMTSL1	325	18	9	18473892	18910948
ENSG00000107551:ILMN_1708890:RASSF4	335	4	10	45454855	45490172
ENSG00000171109:ILMN_1708959:MFN1	335	17	3	179065480	179112719
ENSG00000074266:ILMN_1710150:EED	341	16	11	85955815	85989778
ENSG00000160202:ILMN_1711015:CRYAA	345	16	21	44589118	44592915
ENSG00000100678:ILMN_1712023:SLC8A3	351	12	14	70510934	70655787
ENSG00000183337:ILMN_1712161:BCOR	352	11	23	39909068	40036582
ENSG00000104450:ILMN_1712773:SPAG1	356	8	8	101170263	101254130
ENSG00000013561:ILMN_1714461:RNF14	365	6	5	141346437	141369856
ENSG00000106399:ILMN_1716895:RPA3	378	17	7	7676149	7758238
ENSG00000112146:ILMN_1717063:FBXO9	379	18	6	52916789	52965671
ENSG00000121742:ILMN_1718671:GJB6	387	17	13	20796110	20806534
ENSG00000135750:ILMN_1718863:KCNK1	388	22	1	233749750	233808258
ENSG00000124275:ILMN_1718932:MTRR	389	7	5	7869217	7901237
ENSG00000099860:ILMN_1718977:GADD45B	389	19	19	2476135	2478257
ENSG00000074410:ILMN_1720998:CA12	400	3	15	63613577	63674360
ENSG00000101365:ILMN_1721669:IDH3B	404	0	20	2639041	2644865
ENSG00000178031:ILMN_1722621:ADAMTSL1	408	22	9	18473892	18910948
ENSG00000119523:ILMN_1722688:ALG2	409	9	9	101978708	101984238
ENSG00000108433:ILMN_1722812:GOSR2	410	4	17	45000486	45022263
ENSG00000136240:ILMN_1724293:KDELR2	417	23	7	6485584	6523873
ENSG00000109762:ILMN_1725108:SNX25	422	20	4	186131284	186290948
ENSG00000178031:ILMN_1727084:ADAMTSL1	433	11	9	18473892	18910948
ENSG00000111716:ILMN_1728132:LDHB	439	22	12	21788276	21810776
ENSG00000101134:ILMN_1728572:DOK5	442	7	20	53092136	53267710
ENSG00000001084:ILMN_1730575:GCLC	452	3	6	53362139	53409831
ENSG00000171840:ILMN_1731745:NINJ2	459	4	12	673462	772907
ENSG00000132334:ILMN_1734543:PTPRE	472	8	10	129705325	129884119
ENSG00000080493:ILMN_1734897:SLC4A4	474	13	4	72053003	72437804
ENSG00000160789:ILMN_1737394:LMNA	487	18	1	156052369	156109880
ENSG00000159377:ILMN_1737862:PSMB4	490	12	1	151372010	151374420
ENSG00000119523:ILMN_1737945:ALG2	490	18	9	101978708	101984238
ENSG00000108946:ILMN_1738632:PRKAR1A	494	17	17	66508110	66528908
ENSG00000112335:ILMN_1740180:SNX3	503	12	6	108532426	108582464
ENSG00000168329:ILMN_1745788:CX3CR1	532	15	3	39304985	39323186
ENSG00000135297:ILMN_1748147:MTO1	544	3	6	74171301	74218959
ENSG00000072415:ILMN_1750689:MPP5	557	9	14	67708021	67802535
ENSG00000092094:ILMN_1753393:OSGEP	571	9	14	20915207	20923226
ENSG00000148842:ILMN_1754752:CNNM2	578	17	10	104678071	104838344
ENSG00000102144:ILMN_1755749:PGK1	583	12	23	77320685	77384793
ENSG00000088205:ILMN_1756220:DDX18	585	12	2	118572226	118589955
ENSG00000115486:ILMN_1758232:GGCX	596	0	2	85774743	85788670
ENSG00000198373:ILMN_1759173:WWP2	600	15	16	69796209	69975644
ENSG00000117505:ILMN_1759983:DR1	604	21	1	93811445	93828149
ENSG00000112245:ILMN_1760575:PTP4A1	608	8	6	64231666	64293492
ENSG00000143420:ILMN_1760779:ENSA	609	10	1	150573327	150602098
ENSG00000156804:ILMN_1760830:FBXO32	609	15	8	124515359	124553446
ENSG00000147155:ILMN_1761112:EBP	611	3	23	48379546	48387104
ENSG00000079931:ILMN_1761788:MOXD1	614	15	6	132617194	132722684
ENSG00000161920:ILMN_1762639:MED11	619	9	17	4634708	4636888
ENSG00000148832:ILMN_1765116:PAOX	632	4	10	135192695	135205198
ENSG00000147251:ILMN_1765860:DOCK11	635	21	23	117629861	117820126
ENSG00000211460:ILMN_1768913:TSN	651	8	2	122494679	122525429
ENSG00000087460:ILMN_1769191:GNAS	653	7	20	57414750	57486247
ENSG00000154518:ILMN_1770466:ATP5G3	660	19	2	176040986	176049335
ENSG00000163539:ILMN_1770548:CLASP2	661	3	3	33537737	33759848
ENSG00000100678:ILMN_1770987:SLC8A3	663	16	14	70510934	70655787
ENSG00000115364:ILMN_1771149:MRPL19	664	14	2	75873909	75917977
ENSG00000166275:ILMN_1772706:C10orf32	672	5	10	104613967	104632990
ENSG00000183337:ILMN_1773117:BCOR	674	13	23	39909068	40036582
ENSG00000128590:ILMN_1773742:DNAJB9	677	2	7	108210012	108215294
ENSG00000184156:ILMN_1775004:KCNQ3	683	7	8	133139193	133493200
ENSG00000123096:ILMN_1775486:SSPN	685	16	12	26348269	26387706
ENSG00000112146:ILMN_1777180:FBXO9	693	23	6	52916789	52965671
ENSG00000147853:ILMN_1778173:AK3	698	18	9	4711155	4742043
ENSG00000010244:ILMN_1778177:ZNF207	698	19	17	30677150	30708905
ENSG00000137727:ILMN_1782761:ARHGAP20	722	13	11	110447766	110583451
ENSG00000112763:ILMN_1783392:BTN2A1	725	1	6	26458150	26476849
ENSG00000049769:ILMN_1784822:PPP1R3F	732	4	23	49126306	49157929
ENSG00000110436:ILMN_1785380:SLC1A2	734	21	11	35272753	35441610
ENSG00000087460:ILMN_1785637:GNAS	735	24	20	57414750	57486247
ENSG00000100664:ILMN_1786734:EIF5	741	8	14	103800493	103811359
ENSG00000015520:ILMN_1787556:NPC1L1	744	16	7	44552134	44580914
ENSG00000138039:ILMN_1788098:LHCGR	747	8	2	48859428	48982880
ENSG00000123505:ILMN_1788462:AMD1	749	7	6	111195973	111216916
ENSG00000232382:ILMN_1790988:OR5K1	761	14	3	98188324	98189420
ENSG00000124440:ILMN_1792799:HIF3A	771	3	19	46800303	46846690
ENSG00000177889:ILMN_1793651:UBE2N	774	24	12	93802090	93836026
ENSG00000112335:ILMN_1795557:SNX3	784	12	6	108532426	108582464
ENSG00000074266:ILMN_1796813:EED	791	11	11	85955815	85989778
ENSG00000128641:ILMN_1797585:MYO1B	795	13	2	192109911	192290115
ENSG00000125409:ILMN_1799099:TEKT3	803	9	17	15207128	15244958
ENSG00000131467:ILMN_1800975:PSME3	812	4	17	40985423	40995775
ENSG00000164924:ILMN_1801928:YWHAZ	817	9	8	101930804	101965616
ENSG00000114626:ILMN_1802096:ABTB1	818	2	3	127391778	127399763
ENSG00000042980:ILMN_1802100:ADAM28	818	3	8	24151580	24212726
ENSG00000038002:ILMN_1802631:AGA	820	13	4	178351924	178363591
ENSG00000116793:ILMN_1803464:PHTF1	824	15	1	114239453	114302111
ENSG00000087460:ILMN_1804283:GNAS	828	19	20	57414750	57486247
ENSG00000124743:ILMN_1805522:KLHL31	834	9	6	53512699	53530506
ENSG00000177189:ILMN_1806294:RPS6KA3	838	7	23	20168029	20285218
ENSG00000108433:ILMN_1807072:GOSR2	842	10	17	45000486	45022263
ENSG00000196476:ILMN_1808633:C20orf96	850	7	20	251504	271390
ENSG00000175054:ILMN_1810385:ATR	859	14	3	142168080	142297668
ENSG00000109113:ILMN_1810486:RAB34	860	0	17	27041299	27045447
ENSG00000066136:ILMN_1810488:NFYC	860	1	1	41157242	41237277
ENSG00000167283:ILMN_1812638:ATP5L	871	21	11	118272104	118280559
ENSG00000123064:ILMN_1812976:DDX54	873	10	12	113594986	113623284
ENSG00000100664:ILMN_1815733:EIF5	886	6	14	103800493	103811359
