ENSG00000233476:ILMN_1343291:	0	0	7	22550093	22551675
ENSG00000198832:ILMN_1651429:	1	21	22	31500758	31516055
ENSG00000182698:ILMN_1651708:	3	22	2	220192131	220197899
ENSG00000102401:ILMN_1651741:ARMCX3	4	4	23	100878118	100882833
ENSG00000203355:ILMN_1651752:	4	6	23	30572318	30729247
ENSG00000177453:ILMN_1652072:	6	6	5	43192327	43280952
ENSG00000225637:ILMN_1652178:	6	21	21	44783212	44786446
ENSG00000104388:ILMN_1652394:RAB2A	8	1	8	61429559	61536186
ENSG00000221290:ILMN_1652677:	9	17	1	231155574	231155670
ENSG00000222036:ILMN_1653355:	14	1	14	19553365	19589682
ENSG00000237624:ILMN_1653730:	16	8	1	39980628	39982162
ENSG00000129682:ILMN_1653826:FGF13	17	1	23	137713735	138304939
ENSG00000165995:ILMN_1653878:CACNB2	17	9	10	18429606	18830798
ENSG00000135968:ILMN_1654195:GCC2	18	14	2	109065017	109125871
ENSG00000234885:ILMN_1654365:	19	9	1	244227632	244231211
ENSG00000216133:ILMN_1654545:	20	21	8	145619364	145619445
ENSG00000146067:ILMN_1654630:	21	15	5	176946791	176981538
ENSG00000242885:ILMN_1654786:	22	11	11	5617884	5665628
ENSG00000241116:ILMN_1655230:	24	21	1	156566965	156569210
ENSG00000186838:ILMN_1655374:	25	18	19	40005753	40011326
ENSG00000141696:ILMN_1655663:	27	20	17	39958199	39968855
ENSG00000236534:ILMN_1656082:	30	8	13	72249199	72249601
ENSG00000120053:ILMN_1656145:GOT1	30	17	10	101156627	101190381
ENSG00000229475:ILMN_1656218:	31	5	14	105186686	105187815
ENSG00000068781:ILMN_1656409:	32	18	2	48757064	49003638
ENSG00000189152:ILMN_1656472:	33	6	17	19030782	19062148
ENSG00000169116:ILMN_1656560:	33	20	4	75858298	75975323
ENSG00000235065:ILMN_1656662:	34	8	20	21095364	21095838
ENSG00000155096:ILMN_1656682:AZIN1	34	11	8	103838536	103876397
ENSG00000157837:ILMN_1657405:	38	12	12	121201036	121342151
ENSG00000170545:ILMN_1657429:	38	14	12	51639133	51664202
ENSG00000117632:ILMN_1657796:STMN1	41	3	1	26212214	26233482
ENSG00000172500:ILMN_1657797:FIBP	41	4	11	65651211	65656010
ENSG00000077080:ILMN_1657855:ACTL6B	41	13	7	100240720	100254084
ENSG00000242114:ILMN_1657898:	42	1	22	30821518	30825045
ENSG00000229927:ILMN_1657949:	42	3	10	46914088	46914795
ENSG00000138311:ILMN_1658094:ZNF365	42	22	10	64133916	64431771
ENSG00000189337:ILMN_1658187:	43	14	1	14925200	15444539
ENSG00000205863:ILMN_1658480:	45	17	13	24462240	24476794
ENSG00000235471:ILMN_1658586:	46	7	1	168048781	168054469
ENSG00000141858:ILMN_1658821:	48	0	19	14198676	14201299
ENSG00000106688:ILMN_1658917:SLC1A1	48	13	9	4490444	4587469
ENSG00000147669:ILMN_1659026:	49	5	8	101162839	101166230
ENSG00000072041:ILMN_1659166:SLC6A15	50	4	12	85253267	85306606
ENSG00000183527:ILMN_1659285:PSMG1	50	18	21	40546695	40555777
ENSG00000180178:ILMN_1659290:	50	19	2	130748029	130808704
ENSG00000197085:ILMN_1659452:	51	15	7	34386124	34911194
ENSG00000138430:ILMN_1659820:OLA1	53	19	2	174937175	175113426
ENSG00000212913:ILMN_1659851:	53	24	21	10605174	10607057
ENSG00000142686:ILMN_1659975:C1orf216	54	22	1	36179476	36185073
ENSG00000207367:ILMN_1660199:	56	1	23	48635380	48635486
ENSG00000166206:ILMN_1660608:GABRB3	58	10	15	26788693	27018924
ENSG00000136928:ILMN_1660718:GABBR2	58	23	9	101050391	101471479
ENSG00000067842:ILMN_1660741:ATP2B3	59	6	23	152783134	152848397
ENSG00000167459:ILMN_1661004:	61	0	19	16144564	16152945
ENSG00000084463:ILMN_1661051:WBP11	61	4	12	14939414	14956401
ENSG00000197041:ILMN_1661366:	62	20	12	104424506	104426218
ENSG00000107295:ILMN_1661491:SH3GL2	63	14	9	17578953	17797127
ENSG00000171735:ILMN_1661940:CAMTA1	66	9	1	6845384	7829764
ENSG00000188722:ILMN_1662123:	67	10	10	129534323	129534969
ENSG00000138095:ILMN_1662417:LRPPRC	69	6	2	44113647	44223144
ENSG00000117600:ILMN_1662482:	69	17	1	99729509	99775146
ENSG00000170476:ILMN_1662878:	71	21	5	138723195	138725605
ENSG00000011052:ILMN_1662905:	72	6	17	49230951	49249105
ENSG00000235615:ILMN_1663052:	73	5	2	132722304	132737446
ENSG00000222033:ILMN_1663081:	73	10	2	171568961	171571077
ENSG00000164442:ILMN_1663092:CITED2	73	11	6	139693393	139695757
ENSG00000207547:ILMN_1663195:	74	7	7	99691183	99691266
ENSG00000183317:ILMN_1663263:	74	12	1	38179560	38230824
ENSG00000089169:ILMN_1663356:RPH3A	74	23	12	113229549	113336679
ENSG00000105889:ILMN_1663575:	76	9	7	22459063	22672544
ENSG00000187607:ILMN_1663858:	77	24	17	15602891	15648092
ENSG00000203951:ILMN_1664351:	80	20	20	60807016	60811355
ENSG00000183470:ILMN_1664364:	80	22	7	132333553	132413528
ENSG00000235364:ILMN_1664563:	81	24	5	6310554	6337405
ENSG00000091140:ILMN_1664577:DLD	82	1	7	107531415	107572175
ENSG00000183822:ILMN_1664926:	84	8	22	37243415	37266483
ENSG00000119185:ILMN_1665107:ITGB1BP1	85	6	2	9543604	9563676
ENSG00000233207:ILMN_1665210:	85	19	9	42363048	42367092
ENSG00000224652:ILMN_1665260:	86	2	3	195869507	195887761
ENSG00000204393:ILMN_1665740:	88	24	20	31152794	31196695
ENSG00000124208:ILMN_1665862:	89	16	20	48697661	48770174
ENSG00000187984:ILMN_1666221:	91	20	9	95571670	95650975
ENSG00000160014:ILMN_1666385:CALM3	92	16	19	47104566	47114039
ENSG00000224837:ILMN_1666403:	92	19	1	168025139	168025660
ENSG00000104375:ILMN_1666453:	93	1	8	99466861	99895984
ENSG00000225917:ILMN_1666633:	94	8	4	16228286	16230207
ENSG00000147224:ILMN_1667050:PRPS1	96	24	23	106871654	106894256
ENSG00000212228:ILMN_1667101:	97	8	16	11367970	11368093
ENSG00000236675:ILMN_1667222:	97	24	1	155200766	155204116
ENSG00000205293:ILMN_1667314:	98	12	8	58891011	58896681
ENSG00000105520:ILMN_1667319:	98	14	19	11466107	11476372
ENSG00000142396:ILMN_1667330:	98	16	19	58816715	58827023
ENSG00000225264:ILMN_1667452:	99	10	7	29638411	29724871
ENSG00000115641:ILMN_1668411:FHL2	103	21	2	105974169	106054960
ENSG00000152503:ILMN_1668453:TRIM36	104	4	5	114460459	114516243
ENSG00000216560:ILMN_1668671:	105	12	4	3578596	3592712
ENSG00000244041:ILMN_1668825:	106	4	6	2988201	2991400
ENSG00000231469:ILMN_1669123:	107	24	1	11782187	11785372
ENSG00000153233:ILMN_1669172:PTPRR	108	4	12	71031862	71314586
ENSG00000164924:ILMN_1669286:YWHAZ	109	0	8	101930804	101965616
ENSG00000224861:ILMN_1669424:	110	4	14	66479548	66480507
ENSG00000109738:ILMN_1669631:GLRB	111	14	4	157997277	158093242
ENSG00000188211:ILMN_1669972:	113	20	11	17373309	17398867
ENSG00000196979:ILMN_1670215:	115	6	9	132902889	132906498
ENSG00000239466:ILMN_1670518:	116	24	4	85608879	85609168
ENSG00000054277:ILMN_1670844:OPN3	119	15	1	241753404	241840678
ENSG00000135298:ILMN_1671076:BAI3	120	23	6	69345259	70099403
ENSG00000185897:ILMN_1671276:	122	2	19	35849488	35851387
ENSG00000216863:ILMN_1671366:	122	18	6	6346698	6622977
ENSG00000120265:ILMN_1671621:PCMT1	124	4	6	150070579	150132556
ENSG00000134779:ILMN_1671693:C18orf10	124	10	18	34376035	34409158
ENSG00000129682:ILMN_1671777:FGF13	125	1	23	137713735	138304939
ENSG00000172995:ILMN_1672161:	127	2	3	35680437	35835988
ENSG00000116459:ILMN_1672191:ATP5F1	127	6	1	111991486	112005395
ENSG00000114279:ILMN_1672229:FGF12	127	9	3	191859684	192485553
ENSG00000110429:ILMN_1672415:FBXO3	128	7	11	33762490	33796071
ENSG00000080503:ILMN_1672419:SMARCA2	128	9	9	2015342	2193624
ENSG00000005206:ILMN_1672461:	128	12	19	2328629	2353207
ENSG00000067225:ILMN_1672650:PKM2	129	12	15	72491370	72523684
ENSG00000144136:ILMN_1672662:SLC20A1	129	18	2	113403434	113421404
ENSG00000133678:ILMN_1672717:	129	23	10	81838402	81852313
ENSG00000214242:ILMN_1672800:	130	10	7	102120428	102319855
ENSG00000179915:ILMN_1673152:NRXN1	132	6	2	50145643	51259674
ENSG00000234062:ILMN_1673270:	133	0	23	135990435	136103789
ENSG00000119862:ILMN_1673548:	135	0	2	64681103	64688515
ENSG00000180336:ILMN_1673642:	135	13	17	42733772	42767676
ENSG00000197085:ILMN_1673870:	136	24	7	34386124	34911194
ENSG00000188525:ILMN_1674057:	138	7	2	10143286	10146158
ENSG00000234722:ILMN_1674060:	138	8	7	153083014	153111048
ENSG00000178722:ILMN_1674116:	138	13	5	60981903	61002351
ENSG00000226623:ILMN_1674343:	139	20	23	102142757	102496629
ENSG00000152503:ILMN_1674580:TRIM36	141	1	5	114460459	114516243
ENSG00000221125:ILMN_1674593:	141	3	19	50452574	50452784
ENSG00000207617:ILMN_1674629:	141	8	9	97848303	97848370
ENSG00000234432:ILMN_1674926:	142	21	19	2204272	2363822
ENSG00000181666:ILMN_1675150:	144	1	19	37825568	37855355
ENSG00000197085:ILMN_1675204:	144	11	7	34386124	34911194
ENSG00000141194:ILMN_1675425:	145	20	17	56232494	56233517
ENSG00000175967:ILMN_1675437:	146	0	6	114225302	114242806
ENSG00000138311:ILMN_1675762:ZNF365	147	21	10	64133916	64431771
ENSG00000117153:ILMN_1676075:KLHL12	149	5	1	202860228	202897764
ENSG00000197253:ILMN_1676256:	150	3	16	1277272	1280185
ENSG00000163032:ILMN_1676413:VSNL1	151	5	2	17720393	17838285
ENSG00000112237:ILMN_1676423:CCNC	151	7	6	99990263	100016690
ENSG00000221988:ILMN_1676689:	152	23	6	32121218	32139755
ENSG00000200403:ILMN_1677043:	154	23	1	19631570	19631676
ENSG00000182220:ILMN_1677440:ATP6AP2	156	21	23	40440160	40465889
ENSG00000124208:ILMN_1677446:	156	22	20	48697661	48770174
ENSG00000139318:ILMN_1677466:DUSP6	157	1	12	89741839	89746296
ENSG00000114279:ILMN_1677680:FGF12	158	8	3	191859684	192485553
ENSG00000240352:ILMN_1677684:	158	9	10	124094396	124097677
ENSG00000180178:ILMN_1677764:	158	17	2	130748029	130808704
ENSG00000237282:ILMN_1678234:	161	13	20	18359693	18362128
ENSG00000243064:ILMN_1678409:	162	5	21	15646120	15735075
ENSG00000145911:ILMN_1678531:	162	23	5	177540556	177553107
ENSG00000131779:ILMN_1678546:PEX11B	163	2	1	145516252	145523730
ENSG00000115641:ILMN_1678643:FHL2	163	13	2	105974169	106054960
ENSG00000230486:ILMN_1678705:	163	24	17	78410799	78411281
ENSG00000135968:ILMN_1678831:GCC2	164	22	2	109065017	109125871
ENSG00000167279:ILMN_1679003:	165	19	11	118308183	118309027
ENSG00000153233:ILMN_1679051:PTPRR	166	2	12	71031862	71314586
ENSG00000103723:ILMN_1679256:AP3B2	167	8	15	83328034	83378635
ENSG00000225953:ILMN_1679719:	170	0	2	200322423	200341658
ENSG00000197308:ILMN_1679767:	170	11	10	8092413	8095447
ENSG00000131711:ILMN_1680154:MAP1B	173	3	5	71403118	71502853
ENSG00000073969:ILMN_1680353:NSF	174	11	17	44668075	44834833
ENSG00000234810:ILMN_1680388:	174	18	1	56046710	56200675
ENSG00000189337:ILMN_1680399:	174	20	1	14925200	15444539
ENSG00000134986:ILMN_1680738:C5orf13	176	19	5	111064509	111312436
ENSG00000197959:ILMN_1680928:DNM3	177	18	1	171810621	172387606
ENSG00000105364:ILMN_1681230:MRPL4	179	7	19	10362640	10370736
ENSG00000225861:ILMN_1681356:	179	22	11	72175413	72436383
ENSG00000068781:ILMN_1681616:	181	7	2	48757064	49003638
ENSG00000151729:ILMN_1681670:SLC25A4	181	16	4	186064395	186068425
ENSG00000199121:ILMN_1681678:	181	18	2	219267369	219267445
ENSG00000226435:ILMN_1681751:	182	3	3	197780393	197807591
ENSG00000167674:ILMN_1681927:	183	3	19	4472255	4502213
ENSG00000165995:ILMN_1682208:CACNB2	184	18	10	18429606	18830798
ENSG00000168260:ILMN_1682255:	185	5	14	50550369	50559361
ENSG00000183715:ILMN_1682301:	185	11	11	132290087	133402219
ENSG00000183036:ILMN_1682326:PCP4	185	18	21	41239243	41301322
ENSG00000207338:ILMN_1682616:	187	7	7	123098042	123098148
ENSG00000206082:ILMN_1682912:	188	22	19	197844	202173
ENSG00000165995:ILMN_1683107:CACNB2	190	7	10	18429606	18830798
ENSG00000164933:ILMN_1683212:SLC25A32	190	22	8	104410869	104427468
ENSG00000228922:ILMN_1683761:	194	6	23	134335662	134349163
ENSG00000181368:ILMN_1684368:	198	4	5	150157867	150176297
ENSG00000081803:ILMN_1684461:CADPS2	198	17	7	121958481	122526554
ENSG00000187905:ILMN_1684704:	200	0	22	21400249	21418457
ENSG00000101856:ILMN_1684771:PGRMC1	200	11	23	118370216	118378429
ENSG00000005249:ILMN_1684850:PRKAR2B	200	17	7	106685094	106802256
ENSG00000137210:ILMN_1685258:TMEM14B	203	8	6	10747973	10930656
ENSG00000182901:ILMN_1685496:RGS7	204	22	1	240938815	241520530
ENSG00000186487:ILMN_1685582:MYT1L	205	9	2	1792885	2335045
ENSG00000106236:ILMN_1685608:NPTX2	205	13	7	98246609	98259180
ENSG00000078053:ILMN_1685834:AMPH	207	7	7	38423305	38671167
ENSG00000200893:ILMN_1685952:	208	0	16	20795831	20795937
ENSG00000130770:ILMN_1685978:ATPIF1	208	5	1	28562611	28573410
ENSG00000200879:ILMN_1686367:	209	18	11	122928785	122928869
ENSG00000239712:ILMN_1686929:	212	12	1	27218269	27219052
ENSG00000164815:ILMN_1686987:ORC5L	212	21	7	103766788	103848495
ENSG00000203393:ILMN_1687098:	213	14	15	93749295	93751277
ENSG00000163075:ILMN_1688126:	219	14	2	120302008	120419827
ENSG00000139675:ILMN_1688230:	220	3	13	53191605	53217919
ENSG00000105409:ILMN_1689098:ATP1A3	225	1	19	42470734	42498384
ENSG00000090316:ILMN_1689257:MAEA	225	23	4	1283672	1333924
ENSG00000047249:ILMN_1689473:ATP6V1H	227	1	8	54628116	54755850
ENSG00000226712:ILMN_1689807:	228	13	5	171723723	171724157
ENSG00000198566:ILMN_1689901:	229	2	9	41588823	41609544
ENSG00000198752:ILMN_1689989:	229	13	14	103398717	103523799
ENSG00000119185:ILMN_1690099:ITGB1BP1	230	2	2	9543604	9563676
ENSG00000103316:ILMN_1690179:CRYM	230	16	16	21269842	21314372
ENSG00000103034:ILMN_1690283:NDRG4	231	8	16	58497606	58547523
ENSG00000158560:ILMN_1690397:DYNC1I1	232	1	7	95401818	95727736
ENSG00000235552:ILMN_1690494:	232	15	18	6462110	6463026
ENSG00000244269:ILMN_1690595:	233	3	23	1746639	1755356
ENSG00000135002:ILMN_1690780:RFK	234	3	9	79000433	79009444
ENSG00000129682:ILMN_1690984:FGF13	235	15	23	137713735	138304939
ENSG00000138311:ILMN_1691022:ZNF365	235	20	10	64133916	64431771
ENSG00000176771:ILMN_1691212:	236	20	2	133429373	134326034
ENSG00000112186:ILMN_1691237:CAP2	236	23	6	17393447	17558023
ENSG00000204872:ILMN_1691264:	237	0	2	73927754	73928432
ENSG00000227367:ILMN_1691336:	237	12	22	16909690	16957613
ENSG00000173517:ILMN_1691501:	238	20	15	77400471	77544873
ENSG00000183741:ILMN_1691930:CBX6	241	9	22	39257455	39268319
ENSG00000220161:ILMN_1691966:	241	17	17	18314473	18317694
ENSG00000177946:ILMN_1692072:	242	0	16	90036206	90038942
ENSG00000184613:ILMN_1692260:NELL2	243	2	12	44902058	45278334
ENSG00000059145:ILMN_1692826:	246	4	16	1413206	1464700
ENSG00000226942:ILMN_1692893:	246	10	16	79336	88321
ENSG00000076554:ILMN_1693367:TPD52	249	1	8	80947107	81083836
ENSG00000067842:ILMN_1693481:ATP2B3	249	18	23	152783134	152848397
ENSG00000132932:ILMN_1693896:ATP8A2	252	4	13	25946209	26599989
ENSG00000169032:ILMN_1694240:MAP2K1	254	7	15	66679155	66783882
ENSG00000166913:ILMN_1694385:YWHAB	254	24	20	43514317	43537173
ENSG00000214242:ILMN_1694404:	255	3	7	102120428	102319855
ENSG00000239875:ILMN_1694466:	255	10	23	2405023	2407012
ENSG00000147804:ILMN_1694801:	257	14	8	145637799	145642273
ENSG00000125851:ILMN_1695003:PCSK2	258	21	20	17206752	17465223
ENSG00000244485:ILMN_1695598:	261	21	16	76268953	76269521
ENSG00000166869:ILMN_1695631:	262	1	16	23765948	23770272
ENSG00000131462:ILMN_1695731:TUBG1	262	12	17	40761694	40767247
ENSG00000243797:ILMN_1696029:	264	18	7	106012697	106372895
ENSG00000238449:ILMN_1696120:	265	10	4	99851074	99851138
ENSG00000138018:ILMN_1696133:	265	15	2	26531415	26618759
ENSG00000169282:ILMN_1696189:KCNAB1	265	23	3	155755490	156256927
ENSG00000235137:ILMN_1696289:	266	11	13	97536096	97542067
ENSG00000236972:ILMN_1696302:	266	14	13	73674713	73675123
ENSG00000203688:ILMN_1696600:	268	16	6	168080306	168096970
ENSG00000234014:ILMN_1696814:	270	0	4	25042869	25177466
ENSG00000187012:ILMN_1697373:	272	12	22	44965219	44968090
ENSG00000184277:ILMN_1697472:TM2D3	273	0	15	102173880	102192594
ENSG00000115762:ILMN_1697652:PLEKHB2	274	7	2	131862420	132111282
ENSG00000221411:ILMN_1697701:	274	14	19	2234061	2234148
ENSG00000136267:ILMN_1697914:DGKB	275	23	7	14184674	15014402
ENSG00000184730:ILMN_1697925:	276	1	16	28505993	28510242
ENSG00000197535:ILMN_1698225:MYO5A	277	16	15	52599480	52821247
ENSG00000115762:ILMN_1698323:PLEKHB2	278	7	2	131862420	132111282
ENSG00000069966:ILMN_1698395:GNB5	278	15	15	52413117	52483566
ENSG00000166411:ILMN_1698533:IDH3A	279	13	15	78441663	78464291
ENSG00000214929:ILMN_1698769:	280	21	9	84603687	84610171
ENSG00000091436:ILMN_1698803:	281	1	2	173940442	174132738
ENSG00000213380:ILMN_1698912:PDF	281	9	16	69360816	69373513
ENSG00000205830:ILMN_1699216:	282	20	4	27209127	27220026
ENSG00000161203:ILMN_1699598:AP2M1	284	14	3	183892477	183901879
ENSG00000239521:ILMN_1699631:	284	20	7	99799836	99869810
ENSG00000023330:ILMN_1700047:ALAS1	287	13	3	52232102	52248343
ENSG00000230775:ILMN_1700068:	287	15	19	7005884	7006129
ENSG00000166257:ILMN_1700328:SCN3B	288	17	11	123499897	123525315
ENSG00000241106:ILMN_1700428:	289	9	6	32780540	32784825
ENSG00000167945:ILMN_1700889:	291	24	16	855443	863861
ENSG00000037042:ILMN_1701052:TUBG2	292	15	17	40811266	40819021
ENSG00000125772:ILMN_1701111:	292	20	20	5525081	5591672
ENSG00000225492:ILMN_1701114:	292	22	1	89875878	89891802
ENSG00000223468:ILMN_1701195:	293	7	6	46583761	46712198
ENSG00000166130:ILMN_1701402:	294	10	12	99007183	99038732
ENSG00000102003:ILMN_1701483:SYP	295	0	23	49044269	49056718
ENSG00000196614:ILMN_1701629:	295	16	19	644371	647309
ENSG00000138311:ILMN_1701881:ZNF365	297	2	10	64133916	64431771
ENSG00000145335:ILMN_1701933:SNCA	297	11	4	90646705	90759466
ENSG00000159082:ILMN_1701991:SYNJ1	297	22	21	33997269	34100359
ENSG00000196593:ILMN_1702164:	298	21	13	24481423	24523454
ENSG00000187095:ILMN_1702385:	300	9	19	54820182	54848439
ENSG00000226623:ILMN_1702637:	301	16	23	102142757	102496629
ENSG00000125827:ILMN_1702759:TMX4	302	10	20	7957995	8000476
ENSG00000235766:ILMN_1702797:	302	17	19	38795091	38795519
ENSG00000196161:ILMN_1702809:	302	20	16	29395955	29510719
ENSG00000204092:ILMN_1702812:	302	21	6	40312083	40313890
ENSG00000171951:ILMN_1703178:SCG2	305	4	2	224461658	224467221
ENSG00000104290:ILMN_1703408:FZD3	306	11	8	28351773	28431788
ENSG00000236588:ILMN_1703531:	307	2	9	91620687	91624209
ENSG00000186462:ILMN_1703684:NAP1L2	307	21	23	72432178	72434684
ENSG00000115365:ILMN_1703697:LANCL1	308	0	2	211295973	211342376
ENSG00000125863:ILMN_1703916:MKKS	309	4	20	10385428	10414870
ENSG00000188933:ILMN_1704295:	311	3	17	16689803	16719854
ENSG00000198555:ILMN_1704446:	311	24	16	33778228	33786534
ENSG00000155096:ILMN_1704550:AZIN1	312	13	8	103838536	103876397
ENSG00000205444:ILMN_1704916:	314	9	6	4610846	4612152
ENSG00000164815:ILMN_1705093:ORC5L	315	7	7	103766788	103848495
ENSG00000117598:ILMN_1705187:	315	18	1	99355803	99470588
ENSG00000167281:ILMN_1705324:	316	15	17	77085427	77478680
ENSG00000172915:ILMN_1705346:NBEA	316	18	13	35516456	36247159
ENSG00000201405:ILMN_1705419:	317	3	1	23696747	23696839
ENSG00000147256:ILMN_1705466:	317	9	23	130192216	130223857
ENSG00000184909:ILMN_1705677:	318	12	1	178482210	178517734
ENSG00000165801:ILMN_1705743:	318	23	14	21538527	21558036
ENSG00000231579:ILMN_1705908:	320	0	5	142712170	142712804
ENSG00000213132:ILMN_1705921:	320	1	3	187896943	187897989
ENSG00000182208:ILMN_1706273:	321	16	11	1490688	1507786
ENSG00000091972:ILMN_1706722:CD200	324	8	3	112051915	112081659
ENSG00000241165:ILMN_1707464:	327	22	3	49721913	49722416
ENSG00000231348:ILMN_1707685:	329	1	7	65112081	65113280
ENSG00000185745:ILMN_1707695:IFIT1	329	2	10	91152303	91163745
ENSG00000157064:ILMN_1707881:NMNAT2	330	1	1	183217372	183387737
ENSG00000198908:ILMN_1708131:BHLHB9	331	9	23	101975616	102008468
ENSG00000215046:ILMN_1708327:	332	10	23	101470280	101581634
ENSG00000175175:ILMN_1708508:PPM1E	333	12	17	56833232	57062532
ENSG00000185409:ILMN_1708535:	333	18	11	125365110	125369424
ENSG00000120437:ILMN_1708672:ACAT2	334	5	6	160181360	160200087
ENSG00000243086:ILMN_1708714:	334	7	1	26210672	26219098
ENSG00000232044:ILMN_1709006:	335	23	2	6072819	6141407
ENSG00000213790:ILMN_1709075:	336	12	22	42503769	42504957
ENSG00000243064:ILMN_1709092:	336	16	21	15646120	15735075
ENSG00000154162:ILMN_1709269:CDH12	337	19	5	21750973	22853731
ENSG00000231560:ILMN_1709314:	337	23	12	10100736	10105935
ENSG00000229055:ILMN_1709607:	339	1	18	74401986	74405592
ENSG00000166206:ILMN_1709681:GABRB3	339	15	15	26788693	27018924
ENSG00000183760:ILMN_1709725:	339	20	19	39574945	39601478
ENSG00000231219:ILMN_1709731:	339	22	1	13379149	13381237
ENSG00000204581:ILMN_1709900:	340	22	2	111855922	111873165
ENSG00000162630:ILMN_1709907:B3GALT2	340	23	1	193148175	193155784
ENSG00000081803:ILMN_1710026:CADPS2	341	6	7	121958481	122526554
ENSG00000151690:ILMN_1710209:MFSD6	341	22	2	191273081	191373931
ENSG00000175426:ILMN_1710859:PCSK1	344	22	5	95726119	95768984
ENSG00000167524:ILMN_1711060:	346	0	17	26930488	26941215
ENSG00000232674:ILMN_1711092:	346	6	20	47942293	48100122
ENSG00000183317:ILMN_1711328:	347	18	1	38179560	38230824
ENSG00000197065:ILMN_1711339:	347	20	8	95444175	95449165
ENSG00000179915:ILMN_1711504:NRXN1	348	22	2	50145643	51259674
ENSG00000114573:ILMN_1711516:ATP6V1A	349	0	3	113465866	113530903
ENSG00000197147:ILMN_1712128:LRRC8B	352	8	1	89990395	90063423
ENSG00000186106:ILMN_1712298:ANKRD46	353	1	8	101522805	101571987
ENSG00000177822:ILMN_1712916:	357	6	4	183062803	183065619
ENSG00000187094:ILMN_1712943:CCK	357	11	3	42299317	42307699
ENSG00000104324:ILMN_1713031:	357	24	8	97657499	98155718
ENSG00000205861:ILMN_1713038:	358	2	13	24463028	24471402
ENSG00000114686:ILMN_1713143:MRPL3	358	13	3	131181046	131221829
ENSG00000134121:ILMN_1713347:CHL1	359	12	3	238279	451090
ENSG00000125869:ILMN_1713561:C20orf103	360	17	20	9495008	9511171
ENSG00000166501:ILMN_1713603:PRKCB	360	21	16	23847322	24231932
ENSG00000198833:ILMN_1713759:	361	21	6	90036344	90039278
ENSG00000011052:ILMN_1713875:	362	6	17	49230951	49249105
ENSG00000111726:ILMN_1714082:CMAS	363	5	12	22199159	22218602
ENSG00000111218:ILMN_1714121:PRMT8	363	10	12	3600402	3703139
ENSG00000128626:ILMN_1714515:MRPS12	365	11	19	39421348	39423657
ENSG00000145817:ILMN_1714756:YIPF5	366	17	5	143537723	143550278
ENSG00000147804:ILMN_1715668:	371	15	8	145637799	145642273
ENSG00000224807:ILMN_1715902:	373	0	4	190942696	190943820
ENSG00000135070:ILMN_1715931:ISCA1	373	6	9	88879461	88897514
ENSG00000239899:ILMN_1715984:	373	10	2	11724899	11725098
ENSG00000233870:ILMN_1716547:	376	18	2	71405717	71405903
ENSG00000237198:ILMN_1716555:	376	21	9	46385691	46387031
ENSG00000166501:ILMN_1716563:PRKCB	376	22	16	23847322	24231932
ENSG00000131094:ILMN_1716957:	379	0	17	43037062	43045644
ENSG00000054277:ILMN_1716988:OPN3	379	6	1	241753404	241840678
ENSG00000177679:ILMN_1717265:	380	19	7	75831216	75916605
ENSG00000145632:ILMN_1717706:PLK2	382	17	5	57749809	57756087
ENSG00000145912:ILMN_1718672:NHP2	387	18	5	177576461	177580968
ENSG00000125863:ILMN_1718718:MKKS	387	24	20	10385428	10414870
ENSG00000135750:ILMN_1718863:KCNK1	388	22	1	233749750	233808258
ENSG00000132388:ILMN_1719039:	390	4	17	4172512	4269969
ENSG00000097021:ILMN_1719178:ACOT7	390	23	1	6324333	6454451
ENSG00000213373:ILMN_1719209:	391	8	17	41026687	41050751
ENSG00000198305:ILMN_1719237:	391	12	7	72490441	72500313
ENSG00000233281:ILMN_1719256:	391	15	5	61808070	61808309
ENSG00000230222:ILMN_1719755:	393	17	19	8018161	8198049
ENSG00000233274:ILMN_1719826:	394	0	21	15051621	15053459
ENSG00000212859:ILMN_1719851:	394	4	17	81081887	81083623
ENSG00000143674:ILMN_1719876:	394	9	1	233463514	233520894
ENSG00000151490:ILMN_1720113:PTPRO	395	14	12	15475451	15750335
ENSG00000188014:ILMN_1720266:	396	3	4	113460492	113509022
ENSG00000164209:ILMN_1720311:SLC25A46	396	12	5	110074701	110100861
ENSG00000138757:ILMN_1720422:G3BP2	396	18	4	76567966	76598624
ENSG00000235043:ILMN_1720799:	398	22	4	87870818	87871276
ENSG00000196208:ILMN_1721170:	401	11	2	11674242	11782914
ENSG00000117410:ILMN_1721391:ATP6V0B	402	8	1	44440602	44443971
ENSG00000165995:ILMN_1721601:CACNB2	403	12	10	18429606	18830798
ENSG00000162783:ILMN_1721833:IER5	404	23	1	181057638	181059977
ENSG00000184814:ILMN_1721916:	405	4	3	138737873	138739768
ENSG00000241820:ILMN_1721967:	405	8	7	143956190	143984059
ENSG00000116459:ILMN_1721989:ATP5F1	405	13	1	111991486	112005395
ENSG00000104442:ILMN_1722066:ARMC1	406	1	8	66515076	66546432
ENSG00000225151:ILMN_1722178:	406	17	15	84868064	84898890
ENSG00000007168:ILMN_1722276:PAFAH1B1	407	2	17	2496923	2588909
ENSG00000235367:ILMN_1722537:	408	15	17	26603608	26634017
ENSG00000134909:ILMN_1722726:	409	15	11	128834955	129062093
ENSG00000108924:ILMN_1722829:HLF	410	9	17	53342321	53402426
ENSG00000179028:ILMN_1722851:	410	16	23	51942963	51946358
ENSG00000225914:ILMN_1722966:	411	8	6	32223488	32233615
ENSG00000179388:ILMN_1724280:EGR3	417	21	8	22545172	22550815
ENSG00000152503:ILMN_1724350:TRIM36	418	9	5	114460459	114516243
ENSG00000222636:ILMN_1724375:	418	15	7	100701580	100701899
ENSG00000215153:ILMN_1724822:	421	11	10	38737202	38740933
ENSG00000124802:ILMN_1725105:EEF1E1	422	19	6	8073593	8102828
ENSG00000235204:ILMN_1725157:	423	0	9	127021529	127023435
ENSG00000213380:ILMN_1725246:PDF	423	14	16	69360816	69373513
ENSG00000145715:ILMN_1725312:RASA1	423	23	5	86564151	86687732
ENSG00000176305:ILMN_1725338:	424	2	8	8559909	8560787
ENSG00000184613:ILMN_1725417:NELL2	424	7	12	44902058	45278334
ENSG00000116133:ILMN_1725510:DHCR24	424	14	1	55315306	55352891
ENSG00000206029:ILMN_1725528:	424	18	18	72260074	72265060
ENSG00000238163:ILMN_1725612:	425	3	14	65067761	65068363
ENSG00000124208:ILMN_1726107:	427	15	20	48697661	48770174
ENSG00000089818:ILMN_1726359:NECAP1	428	21	12	8234807	8250373
ENSG00000172421:ILMN_1726437:	429	9	17	60447579	60493840
ENSG00000221770:ILMN_1726505:	429	18	12	100551034	100551116
ENSG00000214242:ILMN_1726678:	430	21	7	102120428	102319855
ENSG00000138663:ILMN_1726755:COPS4	431	10	4	83956243	83996971
ENSG00000236125:ILMN_1726758:	431	12	8	7194637	7196229
ENSG00000244378:ILMN_1726952:	432	13	16	69067578	69069945
ENSG00000189419:ILMN_1727065:	433	6	15	100884663	100890434
ENSG00000163098:ILMN_1727144:	433	22	19	53792856	53794875
ENSG00000207991:ILMN_1727315:	435	5	9	126164804	126164882
ENSG00000130770:ILMN_1727332:ATPIF1	435	6	1	28562611	28573410
ENSG00000212962:ILMN_1727670:	437	9	16	49383479	49384000
ENSG00000143158:ILMN_1727813:BRP44	438	5	1	167885967	167906278
ENSG00000176533:ILMN_1728107:	439	19	19	2511218	2702746
ENSG00000108848:ILMN_1728180:	440	1	17	48796964	48830070
ENSG00000023330:ILMN_1728309:ALAS1	440	19	3	52232102	52248343
ENSG00000188897:ILMN_1728338:	440	24	16	11536047	11585611
ENSG00000073464:ILMN_1728369:CLCN4	441	5	23	10125024	10205700
ENSG00000128245:ILMN_1728512:YWHAH	441	23	22	32340447	32353590
ENSG00000006007:ILMN_1728698:GDE1	442	23	16	19513015	19533450
ENSG00000170091:ILMN_1728803:	443	15	5	173472663	173536189
ENSG00000155093:ILMN_1728844:PTPRN2	443	18	7	157331750	158380480
ENSG00000097021:ILMN_1728883:ACOT7	443	23	1	6324333	6454451
ENSG00000241820:ILMN_1729060:	444	19	7	143956190	143984059
ENSG00000110429:ILMN_1729175:FBXO3	445	7	11	33762490	33796071
ENSG00000175182:ILMN_1729217:FAM131A	445	16	3	184053714	184064063
ENSG00000241697:ILMN_1729498:TMEFF1	446	22	9	103204560	103339918
ENSG00000222750:ILMN_1730117:	450	2	16	19509932	19510069
ENSG00000216119:ILMN_1730304:	450	19	12	34180203	34180297
ENSG00000213767:ILMN_1730658:	452	15	14	39684266	39685539
ENSG00000235172:ILMN_1730828:	453	19	5	169760390	169760859
ENSG00000115514:ILMN_1731137:TXNDC9	455	15	2	99935445	99957165
ENSG00000233701:ILMN_1731326:	456	20	3	138760944	138763734
ENSG00000078328:ILMN_1731507:	457	19	16	7382751	7763340
ENSG00000133083:ILMN_1731616:DCLK1	458	10	13	36343122	36705443
ENSG00000232996:ILMN_1732127:	460	17	2	27998851	28009186
ENSG00000219201:ILMN_1732278:	461	14	1	78276546	78277466
ENSG00000160584:ILMN_1732343:	461	22	11	116714118	116969137
ENSG00000118276:ILMN_1732555:B4GALT6	462	22	18	29202209	29264686
ENSG00000204666:ILMN_1732860:	464	8	19	50553846	50570050
ENSG00000102466:ILMN_1732976:FGF14	464	21	13	102375035	103054124
ENSG00000099341:ILMN_1733256:PSMD8	466	1	19	38865176	38874464
ENSG00000239907:ILMN_1733559:	467	19	23	108297325	108297834
ENSG00000065609:ILMN_1733648:SNAP91	468	3	6	84262604	84419127
ENSG00000230426:ILMN_1733658:	468	5	1	187610358	187612992
ENSG00000177971:ILMN_1733696:IMP3	468	13	15	75931426	75941047
ENSG00000068615:ILMN_1733746:REEP1	468	17	2	86441116	86565206
ENSG00000225663:ILMN_1733799:	468	24	17	79780293	79791167
ENSG00000211581:ILMN_1733861:	469	7	1	156905923	156906036
ENSG00000108960:ILMN_1733937:MMD	469	18	17	53469974	53499341
ENSG00000196305:ILMN_1733956:IARS	469	21	9	94972489	95056038
ENSG00000138600:ILMN_1734229:	470	18	15	50999506	51057910
ENSG00000117242:ILMN_1734231:	470	19	1	20969150	20978686
ENSG00000162878:ILMN_1734445:	471	21	2	42275160	42285668
ENSG00000204460:ILMN_1735172:	475	22	2	129999746	130031421
ENSG00000198301:ILMN_1735360:SDAD1	476	22	4	76871059	76912113
ENSG00000227202:ILMN_1735534:	477	22	16	81161530	81214929
ENSG00000088899:ILMN_1736154:	480	23	20	3143263	3154192
ENSG00000164794:ILMN_1736303:KCNV1	481	18	8	110979235	110986959
ENSG00000107242:ILMN_1736654:PIP5K1B	483	10	9	71320616	71624092
ENSG00000196208:ILMN_1736956:	485	3	2	11674242	11782914
ENSG00000121871:ILMN_1736969:SLITRK3	485	5	3	164904508	164914897
ENSG00000154822:ILMN_1737025:PLCL2	485	15	3	16844159	17132094
ENSG00000145715:ILMN_1737576:RASA1	488	16	5	86564151	86687732
ENSG00000139190:ILMN_1737611:VAMP1	488	22	12	6571406	6580065
ENSG00000157895:ILMN_1737818:C12orf43	490	7	12	121440848	121454300
ENSG00000215196:ILMN_1737878:	490	13	5	17130137	17217156
ENSG00000180543:ILMN_1737972:	490	24	8	98285717	98290176
ENSG00000153815:ILMN_1738075:	491	11	16	81640553	81745367
ENSG00000230294:ILMN_1738631:	494	16	12	131850564	131851064
ENSG00000108946:ILMN_1738632:PRKAR1A	494	17	17	66508110	66528908
ENSG00000167699:ILMN_1738656:GLOD4	494	22	17	662550	686505
ENSG00000119042:ILMN_1738657:SATB2	494	23	2	200134223	200335989
ENSG00000107242:ILMN_1738757:PIP5K1B	495	19	9	71320616	71624092
ENSG00000182108:ILMN_1738866:	496	14	16	11022748	11036317
ENSG00000147642:ILMN_1738989:	497	5	8	110586417	110704020
ENSG00000234882:ILMN_1739257:	498	15	6	74001685	74003000
ENSG00000097021:ILMN_1740265:ACOT7	504	6	1	6324333	6454451
ENSG00000172878:ILMN_1740294:	504	11	2	172864490	172947158
ENSG00000081842:ILMN_1740494:PCDHA12	505	19	5	140207650	140391929
ENSG00000132639:ILMN_1740555:SNAP25	505	24	20	10199478	10288066
ENSG00000136099:ILMN_1740623:PCDH8	506	11	13	53418109	53422775
ENSG00000200831:ILMN_1740749:	507	1	9	136216950	136217022
ENSG00000224112:ILMN_1740923:	508	0	20	704028	801195
ENSG00000240771:ILMN_1741027:	508	16	12	58003963	58017959
ENSG00000165516:ILMN_1741204:KLHDC2	509	15	14	50234326	50249909
ENSG00000227953:ILMN_1741506:	511	1	1	246939315	246955687
ENSG00000104941:ILMN_1741563:	511	5	19	46298969	46318577
ENSG00000185420:ILMN_1741954:SMYD3	512	20	1	245912644	246670614
ENSG00000134480:ILMN_1742250:CCNH	514	19	5	86690082	86708836
ENSG00000178729:ILMN_1742467:	515	23	6	47845764	48036425
ENSG00000081189:ILMN_1742544:MEF2C	516	6	5	88014058	88199869
ENSG00000232329:ILMN_1742788:	517	14	16	81134485	81151148
ENSG00000165023:ILMN_1742846:DIRAS2	518	0	9	93372114	93405386
ENSG00000067715:ILMN_1742881:SYT1	518	4	12	79257773	79845787
ENSG00000157064:ILMN_1742968:NMNAT2	518	15	1	183217372	183387737
ENSG00000214111:ILMN_1743319:	520	9	23	25047662	25048352
ENSG00000240629:ILMN_1743635:	521	22	1	95448745	95492759
ENSG00000205456:ILMN_1744252:	524	22	16	32264040	32267240
ENSG00000169282:ILMN_1744968:KCNAB1	528	6	3	155755490	156256927
ENSG00000205584:ILMN_1745071:	528	19	7	72440192	72443647
ENSG00000151572:ILMN_1745134:	529	8	12	101188374	101522419
ENSG00000010818:ILMN_1745447:HIVEP2	530	19	6	143072604	143266338
ENSG00000204754:ILMN_1745554:	531	7	5	174346085	174422734
ENSG00000117632:ILMN_1745593:STMN1	531	13	1	26212214	26233482
ENSG00000198954:ILMN_1745813:KIAA1279	532	21	10	70748487	70776738
ENSG00000165973:ILMN_1745817:NELL1	532	22	11	20691117	21597227
ENSG00000228775:ILMN_1745860:	533	2	7	141404138	141438146
ENSG00000204990:ILMN_1745884:	533	4	7	141112379	141116190
ENSG00000232850:ILMN_1746309:	535	11	9	130890612	130891481
ENSG00000198843:ILMN_1746368:	535	18	3	150320662	150348222
ENSG00000145832:ILMN_1746952:	539	3	5	135170338	135224326
ENSG00000054277:ILMN_1747697:OPN3	542	9	1	241753404	241840678
ENSG00000090316:ILMN_1747771:MAEA	542	14	4	1283672	1333924
ENSG00000236816:ILMN_1747839:	542	20	9	44076368	44118444
ENSG00000205047:ILMN_1748034:	543	16	16	87731749	87739290
ENSG00000143786:ILMN_1749071:CNIH3	548	23	1	224622362	224928251
ENSG00000124208:ILMN_1749212:	549	18	20	48697661	48770174
ENSG00000055130:ILMN_1749629:CUL1	551	19	7	148395006	148498201
ENSG00000110429:ILMN_1749641:FBXO3	551	23	11	33762490	33796071
ENSG00000244109:ILMN_1749867:	552	22	19	12490560	12494501
ENSG00000187811:ILMN_1749989:	553	12	11	71292956	71318487
ENSG00000234014:ILMN_1750092:	554	2	4	25042869	25177466
ENSG00000127589:ILMN_1750100:	554	4	4	190903678	190906026
ENSG00000223804:ILMN_1750288:	555	6	1	143647638	143745417
ENSG00000186198:ILMN_1750312:	555	11	15	65337708	65345734
ENSG00000117632:ILMN_1750508:STMN1	556	14	1	26212214	26233482
ENSG00000221988:ILMN_1750664:	557	6	6	32121218	32139755
ENSG00000242520:ILMN_1750777:	557	19	23	151283071	151284012
ENSG00000232060:ILMN_1750876:	558	7	9	30558878	30559563
ENSG00000244338:ILMN_1751149:	559	22	21	30723955	30734215
ENSG00000189043:ILMN_1751258:NDUFA4	560	7	7	10971578	10979883
ENSG00000131507:ILMN_1751452:NDFIP1	561	11	5	141488070	141534008
ENSG00000102466:ILMN_1751495:FGF14	561	22	13	102375035	103054124
ENSG00000116752:ILMN_1751760:BCAS2	563	2	1	115110178	115124260
ENSG00000203999:ILMN_1752144:	564	22	20	48909257	48931459
ENSG00000107902:ILMN_1752199:	565	0	10	126150403	126306457
ENSG00000243207:ILMN_1752226:	565	5	19	10217071	10225414
ENSG00000004059:ILMN_1752340:ARF5	565	23	7	127228399	127231759
ENSG00000227483:ILMN_1752802:	568	5	5	1212030	1411020
ENSG00000031081:ILMN_1752914:	568	15	3	119013220	119139561
ENSG00000223244:ILMN_1753008:	569	8	19	1816158	1816237
ENSG00000148123:ILMN_1753026:	569	12	9	103790991	104087417
ENSG00000198794:ILMN_1753345:SCAMP5	571	2	15	75287901	75313836
ENSG00000163950:ILMN_1753353:SLBP	571	4	4	1694527	1714282
ENSG00000156642:ILMN_1753975:NPTN	574	17	15	73852355	73925756
ENSG00000157445:ILMN_1754076:CACNA2D3	575	5	3	54156574	55108584
ENSG00000204283:ILMN_1754132:	575	11	17	75875109	75880169
ENSG00000128626:ILMN_1754860:MRPS12	579	7	19	39421348	39423657
ENSG00000201579:ILMN_1755411:	581	24	12	56982302	56982405
ENSG00000145063:ILMN_1755635:	582	18	2	11239126	11272896
ENSG00000102144:ILMN_1755749:PGK1	583	12	23	77320685	77384793
ENSG00000214174:ILMN_1756918:	589	3	17	62962668	62971694
ENSG00000157152:ILMN_1757081:SYN2	590	2	3	12045862	12232907
ENSG00000179611:ILMN_1757143:	590	14	13	44542560	44545335
ENSG00000178055:ILMN_1757294:	591	9	3	46871032	46875585
ENSG00000154277:ILMN_1757387:UCHL1	592	2	4	41258850	41270446
ENSG00000113811:ILMN_1758056:	594	22	3	53918437	53926015
ENSG00000117152:ILMN_1758067:RGS4	595	0	1	163038396	163046592
ENSG00000214854:ILMN_1758543:	597	10	14	54868896	54899022
ENSG00000241489:ILMN_1758626:	597	21	23	148564621	148614621
ENSG00000175901:ILMN_1758642:	598	0	17	79002933	79008519
ENSG00000047597:ILMN_1759117:XK	600	11	23	37545012	37591383
ENSG00000185904:ILMN_1759186:	600	18	10	42970939	42990784
ENSG00000175352:ILMN_1759563:NRIP3	602	18	11	9001274	9025596
ENSG00000235961:ILMN_1759613:	602	24	23	152240802	152243401
ENSG00000138757:ILMN_1759622:G3BP2	603	2	4	76567966	76598624
ENSG00000231160:ILMN_1759691:	603	10	4	38614322	38666249
ENSG00000197744:ILMN_1759954:	604	17	5	118309491	118309820
ENSG00000128609:ILMN_1759973:NDUFA5	604	20	7	123177051	123198309
ENSG00000226025:ILMN_1759989:	604	24	19	40170014	40185217
ENSG00000110148:ILMN_1760088:CCKBR	605	15	11	6280966	6293357
ENSG00000104327:ILMN_1760199:CALB1	606	0	8	91070836	91095107
ENSG00000164061:ILMN_1760246:BSN	606	8	3	49591922	49708978
ENSG00000244487:ILMN_1760506:	607	19	10	38645308	38667433
ENSG00000100058:ILMN_1760708:	608	24	22	25844072	25907595
ENSG00000171208:ILMN_1760849:NETO2	609	16	16	47115548	47177908
ENSG00000227127:ILMN_1761044:	610	16	22	19611791	19780676
ENSG00000184277:ILMN_1761120:TM2D3	611	6	15	102173880	102192594
ENSG00000134775:ILMN_1761322:FHOD3	612	11	18	33877702	34360018
ENSG00000232456:ILMN_1761527:	613	9	1	16361673	16366524
ENSG00000197261:ILMN_1761762:	614	9	6	49518379	49529620
ENSG00000206990:ILMN_1761804:	614	20	1	165631822	165631924
ENSG00000233274:ILMN_1762170:	617	10	21	15051621	15053459
ENSG00000102678:ILMN_1762531:FGF9	618	18	13	22245522	22278637
ENSG00000234390:ILMN_1762545:	618	21	23	49641892	49643844
ENSG00000103197:ILMN_1762631:TSC2	619	6	16	2097466	2138721
ENSG00000081803:ILMN_1763184:CADPS2	621	22	7	121958481	122526554
ENSG00000141433:ILMN_1763344:ADCYAP1	622	18	18	904944	912173
ENSG00000171246:ILMN_1763750:NPTX1	625	12	17	78440633	78450404
ENSG00000179954:ILMN_1763891:	626	9	19	55999870	56030466
ENSG00000137821:ILMN_1763941:LRRC49	626	14	15	71174891	71342434
ENSG00000182376:ILMN_1764029:	626	19	16	88809175	88812156
ENSG00000078018:ILMN_1764201:MAP2	627	19	2	210288782	210598842
ENSG00000235706:ILMN_1764619:	629	19	14	95624015	95646262
ENSG00000176227:ILMN_1764697:	630	2	7	143268819	143271478
ENSG00000130173:ILMN_1764714:	630	4	19	11348126	11352618
ENSG00000240897:ILMN_1765021:	631	17	22	22312271	22337213
ENSG00000242086:ILMN_1765032:	631	18	3	195415518	195451630
ENSG00000100865:ILMN_1765257:	633	1	14	102814623	102829253
ENSG00000233680:ILMN_1765355:	633	13	23	100110585	100143617
ENSG00000136738:ILMN_1765409:STAM	633	18	10	17686124	17757913
ENSG00000078902:ILMN_1765523:TOLLIP	634	8	11	1295601	1330852
ENSG00000135932:ILMN_1765858:CAB39	635	20	2	231577560	231685790
ENSG00000089199:ILMN_1765966:CHGB	636	3	20	5892076	5906007
ENSG00000145335:ILMN_1766165:SNCA	637	3	4	90646705	90759466
ENSG00000140945:ILMN_1766925:CDH13	640	20	16	82882260	83830204
ENSG00000145242:ILMN_1767342:EPHA5	642	20	4	66185281	66536061
ENSG00000149269:ILMN_1767365:PAK1	643	1	11	77033061	77185108
ENSG00000197085:ILMN_1767388:	643	2	7	34386124	34911194
ENSG00000172292:ILMN_1767662:LASS6	644	15	2	169312759	169631644
ENSG00000091436:ILMN_1768110:	646	21	2	173940442	174132738
ENSG00000117395:ILMN_1768127:EBNA1BP2	647	0	1	43629855	43727589
ENSG00000188042:ILMN_1768391:ARL4C	648	1	2	235401685	235405697
ENSG00000167088:ILMN_1768393:	648	2	18	19192260	19210204
ENSG00000181791:ILMN_1768646:	649	15	16	1115299	1116349
ENSG00000225494:ILMN_1768756:	650	3	19	35033424	35125829
ENSG00000006116:ILMN_1768758:CACNG3	650	4	16	24266874	24374122
ENSG00000172575:ILMN_1768958:RASGRP1	651	18	15	38780308	38857007
ENSG00000187672:ILMN_1769195:ERC2	653	8	3	55542336	56502391
ENSG00000239790:ILMN_1769201:	653	9	1	201980498	201984785
ENSG00000107105:ILMN_1769369:ELAVL2	654	1	9	23690102	23826335
ENSG00000189136:ILMN_1769540:	655	3	15	85070012	85114335
ENSG00000145348:ILMN_1769601:	655	13	4	106967237	107237795
ENSG00000226481:ILMN_1769703:	656	1	2	92128694	92130496
ENSG00000073169:ILMN_1769787:	656	20	22	50639408	50656045
ENSG00000200174:ILMN_1769839:	656	24	1	62677229	62677338
ENSG00000069345:ILMN_1770127:DNAJA2	658	21	16	46989274	47007625
ENSG00000205011:ILMN_1770385:	660	7	2	48756525	48759056
ENSG00000154518:ILMN_1770466:ATP5G3	660	19	2	176040986	176049335
ENSG00000169139:ILMN_1770515:UBE2V2	661	1	8	48920995	48974450
ENSG00000163539:ILMN_1770548:CLASP2	661	3	3	33537737	33759848
ENSG00000234801:ILMN_1770553:	661	4	4	174537087	174538057
ENSG00000104888:ILMN_1770629:SLC17A7	661	13	19	49932656	49944808
ENSG00000224295:ILMN_1770701:	662	5	11	5539671	5576542
ENSG00000141030:ILMN_1770732:COPS3	662	8	17	17150134	17184607
ENSG00000189337:ILMN_1770927:	663	8	1	14925200	15444539
ENSG00000243752:ILMN_1770936:	663	9	12	120942376	120942462
ENSG00000130643:ILMN_1771622:CALY	666	16	10	135138927	135150475
ENSG00000170899:ILMN_1771964:GSTA4	668	1	6	52842751	52860176
ENSG00000225861:ILMN_1772233:	669	10	11	72175413	72436383
ENSG00000230031:ILMN_1772582:	671	7	15	21040701	21071662
ENSG00000168824:ILMN_1772627:	671	12	4	4387983	4420784
ENSG00000128989:ILMN_1772798:ARPP19	672	20	15	52839432	52861213
ENSG00000087095:ILMN_1772814:NLK	672	22	17	26369182	26523407
ENSG00000211517:ILMN_1772991:	673	19	7	150935507	150935624
ENSG00000114790:ILMN_1773042:	673	24	3	153838792	153975616
ENSG00000180229:ILMN_1773095:	674	9	15	20587869	20711433
ENSG00000103540:ILMN_1773200:	674	20	16	19535208	19564730
ENSG00000221767:ILMN_1773313:	675	11	10	105154010	105154158
ENSG00000198547:ILMN_1773383:	675	20	20	31220661	31239680
ENSG00000225471:ILMN_1773735:	677	0	23	71364034	71381599
ENSG00000117069:ILMN_1773959:ST6GALNAC5	678	1	1	77333126	77531396
ENSG00000227065:ILMN_1774071:	678	11	19	43865327	43866472
ENSG00000205325:ILMN_1774335:	679	23	17	14670900	14683520
ENSG00000244120:ILMN_1774369:	680	3	2	73867998	73912676
ENSG00000125835:ILMN_1774661:SNRPB	681	12	20	2442280	2451499
ENSG00000104723:ILMN_1774689:TUSC3	681	15	8	15397730	15624158
ENSG00000231752:ILMN_1774779:	682	1	1	121261143	121310591
ENSG00000154548:ILMN_1775345:	684	24	6	89805679	89827800
ENSG00000163399:ILMN_1775566:ATP1A1	685	23	1	116915290	116952883
ENSG00000225471:ILMN_1775570:	686	0	23	71364034	71381599
ENSG00000206549:ILMN_1775615:	686	5	3	46753605	46854064
ENSG00000207605:ILMN_1776054:	688	15	3	49058051	49058142
ENSG00000221667:ILMN_1776076:	688	17	20	30825598	30825650
ENSG00000215998:ILMN_1776079:	688	19	19	54485561	54485651
ENSG00000127445:ILMN_1776375:PIN1	690	7	19	9945999	9960358
ENSG00000106608:ILMN_1777811:	697	0	7	43915493	43966010
ENSG00000243155:ILMN_1777915:	697	8	1	180913178	180945618
ENSG00000176834:ILMN_1778318:	699	14	12	118501398	118541810
ENSG00000216560:ILMN_1778408:	700	7	4	3578596	3592712
ENSG00000185057:ILMN_1778617:	701	9	5	68646811	68665840
ENSG00000179038:ILMN_1778657:	701	13	16	21807427	21820137
ENSG00000176734:ILMN_1778755:	702	6	7	28992974	28997934
ENSG00000035687:ILMN_1778796:ADSS	702	11	1	244571796	244615436
ENSG00000237247:ILMN_1779195:	704	16	19	7030588	7033053
ENSG00000103316:ILMN_1779241:CRYM	704	22	16	21269842	21314372
ENSG00000183527:ILMN_1779264:PSMG1	705	1	21	40546695	40555777
ENSG00000065665:ILMN_1779381:SEC61A2	705	16	10	12171636	12211960
ENSG00000187446:ILMN_1779401:	705	18	15	41523342	41574088
ENSG00000187730:ILMN_1779742:GABRD	707	19	1	1950780	1962192
ENSG00000242309:ILMN_1779785:	708	0	6	167563444	167610235
ENSG00000148123:ILMN_1780576:	711	7	9	103790991	104087417
ENSG00000157152:ILMN_1781060:SYN2	713	18	3	12045862	12232907
ENSG00000244542:ILMN_1781256:	714	24	1	226124111	226125257
ENSG00000179915:ILMN_1781398:NRXN1	715	20	2	50145643	51259674
ENSG00000184076:ILMN_1781986:	718	16	22	30163358	30166402
ENSG00000181097:ILMN_1782021:	718	21	8	144778324	144780584
ENSG00000221141:ILMN_1782381:	720	13	15	62535565	62535647
ENSG00000061918:ILMN_1782567:GUCY1B3	721	9	4	156680126	156728782
ENSG00000132305:ILMN_1782579:IMMT	721	10	2	86371055	86422893
ENSG00000203878:ILMN_1782691:	721	24	1	111822681	111828738
ENSG00000184378:ILMN_1782810:	722	19	3	169484713	169487683
ENSG00000166503:ILMN_1784256:	728	22	15	83806930	83876770
ENSG00000106524:ILMN_1784292:ANKMY2	729	5	7	16639401	16685442
ENSG00000127824:ILMN_1784300:TUBA4A	729	7	2	220114433	220142892
ENSG00000147799:ILMN_1784436:	730	0	8	145754563	145831084
ENSG00000205959:ILMN_1784492:	730	8	4	8508555	8514337
ENSG00000097021:ILMN_1784756:ACOT7	731	18	1	6324333	6454451
ENSG00000238605:ILMN_1784783:	731	23	5	137450891	137450993
ENSG00000162947:ILMN_1784879:	732	12	2	150624020	150715705
ENSG00000184867:ILMN_1785170:ARMCX2	733	15	23	100910267	100914876
ENSG00000096092:ILMN_1785191:TMEM14A	733	21	6	52535907	52551386
ENSG00000148229:ILMN_1785198:POLE3	733	23	9	116169515	116172952
ENSG00000138378:ILMN_1785202:STAT4	733	24	2	191894302	192016322
ENSG00000125304:ILMN_1785765:TM9SF2	736	17	13	100153671	100215645
ENSG00000225861:ILMN_1786357:	739	20	11	72175413	72436383
ENSG00000214854:ILMN_1786532:	740	11	14	54868896	54899022
ENSG00000205673:ILMN_1786559:	740	13	21	35321230	35336260
ENSG00000230445:ILMN_1786771:	741	14	10	27535279	27540722
ENSG00000107518:ILMN_1786966:ATRNL1	742	7	10	116853124	117708503
ENSG00000130589:ILMN_1787509:	744	8	20	62189439	62205592
ENSG00000198932:ILMN_1787627:GPRASP1	744	24	23	101906294	101914008
ENSG00000131871:ILMN_1787680:	745	6	15	101812396	101817652
ENSG00000147416:ILMN_1787705:ATP6V1B2	745	9	8	20054878	20079212
ENSG00000091972:ILMN_1787750:CD200	745	13	3	112051915	112081659
ENSG00000183566:ILMN_1787830:	745	21	20	31781411	31798268
ENSG00000188073:ILMN_1787931:	746	11	7	74914763	74928928
ENSG00000115840:ILMN_1788053:SLC25A12	747	3	2	172640880	172864766
ENSG00000097021:ILMN_1788078:ACOT7	747	7	1	6324333	6454451
ENSG00000130520:ILMN_1788099:LSM4	747	9	19	18417720	18434001
ENSG00000165300:ILMN_1789040:SLITRK5	751	23	13	88324870	88331868
ENSG00000204843:ILMN_1789089:DCTN1	752	5	2	74588281	74619214
ENSG00000163959:ILMN_1789096:	752	8	3	195938358	195970049
ENSG00000150995:ILMN_1789505:ITPR1	754	9	3	4535034	4889286
ENSG00000172900:ILMN_1789531:	754	16	11	71093647	71134400
ENSG00000124208:ILMN_1789732:	755	20	20	48697661	48770174
ENSG00000227266:ILMN_1789744:	755	22	4	3271983	3272229
ENSG00000212939:ILMN_1789902:	756	17	22	49942329	49950121
ENSG00000176834:ILMN_1790197:	758	2	12	118501398	118541810
ENSG00000226054:ILMN_1790819:	760	23	21	37502669	37504208
ENSG00000182574:ILMN_1790985:	761	12	23	100211594	100212528
ENSG00000199886:ILMN_1791093:	762	0	12	42792352	42792453
ENSG00000196208:ILMN_1791188:	762	12	2	11674242	11782914
ENSG00000198648:ILMN_1791328:STK39	763	6	2	168810530	169104651
ENSG00000214456:ILMN_1791467:	764	0	19	4522546	4535208
ENSG00000080503:ILMN_1791702:SMARCA2	765	9	9	2015342	2193624
ENSG00000081842:ILMN_1791833:PCDHA12	766	0	5	140207650	140391929
ENSG00000137822:ILMN_1792173:TUBGCP4	767	20	15	43663293	43698238
ENSG00000156642:ILMN_1792997:NPTN	772	3	15	73852355	73925756
ENSG00000169282:ILMN_1793236:KCNAB1	773	0	3	155755490	156256927
ENSG00000204843:ILMN_1793563:DCTN1	774	10	2	74588281	74619214
ENSG00000151376:ILMN_1793615:ME3	774	16	11	86152150	86383528
ENSG00000128654:ILMN_1794046:MTX2	776	19	2	177134123	177202753
ENSG00000206100:ILMN_1794131:	777	6	8	607527	609962
ENSG00000182013:ILMN_1794490:PNMAL1	778	22	19	46969750	46974820
ENSG00000204282:ILMN_1794677:	779	23	17	76103485	76107880
ENSG00000137628:ILMN_1795181:	782	12	4	169137443	169239958
ENSG00000221585:ILMN_1795218:	782	14	3	47891045	47891119
ENSG00000183111:ILMN_1795300:	783	2	5	148961135	149014527
ENSG00000197768:ILMN_1795673:	784	24	9	140145713	140147934
ENSG00000104435:ILMN_1795679:STMN2	785	1	8	80523361	80578313
ENSG00000149970:ILMN_1795756:CNKSR2	785	13	23	21392560	21672813
ENSG00000159720:ILMN_1795826:ATP6V0D1	785	22	16	67471922	67515140
ENSG00000221394:ILMN_1796106:	787	10	5	179225278	179225346
ENSG00000070669:ILMN_1796417:ASNS	789	4	7	97481440	97501854
ENSG00000152214:ILMN_1796673:RIT2	790	15	18	40323192	40695657
ENSG00000213753:ILMN_1796793:	791	9	19	59084870	59111168
ENSG00000005189:ILMN_1796923:	791	22	16	20817767	20860990
ENSG00000234220:ILMN_1797046:	792	15	16	86544060	86717666
ENSG00000221930:ILMN_1797116:	792	23	23	129629133	129630206
ENSG00000237388:ILMN_1797169:	793	3	11	48510269	48511332
ENSG00000170846:ILMN_1797181:	793	5	4	6675178	6677774
ENSG00000084731:ILMN_1797277:KIF3C	793	14	2	26149471	26205618
ENSG00000205611:ILMN_1797431:	794	15	20	29513582	29521213
ENSG00000237198:ILMN_1797579:	795	12	9	46385691	46387031
ENSG00000239194:ILMN_1797744:	796	8	16	67424596	67424753
ENSG00000150687:ILMN_1797776:	796	11	11	86511491	86522275
ENSG00000237795:ILMN_1797822:	796	21	4	25677683	25865045
ENSG00000139617:ILMN_1797893:	797	5	13	33006554	33112936
ENSG00000241489:ILMN_1798448:	799	19	23	148564621	148614621
ENSG00000189337:ILMN_1798458:	799	21	1	14925200	15444539
ENSG00000177565:ILMN_1798657:TBL1XR1	800	24	3	176737143	176915261
ENSG00000171147:ILMN_1799067:	803	3	7	141951963	141957878
ENSG00000125835:ILMN_1799103:SNRPB	803	11	20	2442280	2451499
ENSG00000014824:ILMN_1799128:SLC30A9	803	18	4	41992523	42089538
ENSG00000081842:ILMN_1799335:PCDHA12	804	18	5	140207650	140391929
ENSG00000128654:ILMN_1799466:MTX2	805	1	2	177134123	177202753
ENSG00000231269:ILMN_1800246:	808	19	1	98453556	98515161
ENSG00000113327:ILMN_1800270:GABRG2	808	23	5	161494546	161582545
ENSG00000214455:ILMN_1800276:	808	24	13	45964488	45965402
ENSG00000177788:ILMN_1800315:	809	1	1	229394028	229407346
ENSG00000176205:ILMN_1800387:	809	8	11	59245008	59245754
ENSG00000169744:ILMN_1800697:LDB2	810	18	4	16503164	16900424
ENSG00000167642:ILMN_1800739:	811	2	19	38755202	38783108
ENSG00000177369:ILMN_1800914:	811	23	17	47325601	47333811
ENSG00000081803:ILMN_1801370:CADPS2	814	8	7	121958481	122526554
ENSG00000108848:ILMN_1801456:	814	23	17	48796964	48830070
ENSG00000215512:ILMN_1801641:	815	20	18	15313555	15330114
ENSG00000161980:ILMN_1801664:POLR3K	815	23	16	96407	103628
ENSG00000164924:ILMN_1801928:YWHAZ	817	9	8	101930804	101965616
ENSG00000235694:ILMN_1802053:	817	22	19	23505843	23651286
ENSG00000157087:ILMN_1802223:ATP2B2	818	17	3	10365707	10749716
ENSG00000005206:ILMN_1802315:	818	24	19	2328629	2353207
ENSG00000241750:ILMN_1802523:	820	1	6	114379259	114549804
ENSG00000022355:ILMN_1802633:GABRA1	820	14	5	161274197	161326965
ENSG00000215163:ILMN_1802831:	821	11	5	32209770	32238757
ENSG00000206197:ILMN_1803559:	825	3	14	19684782	19687529
ENSG00000131871:ILMN_1803744:	826	5	15	101812396	101817652
ENSG00000157064:ILMN_1803818:NMNAT2	826	18	1	183217372	183387737
ENSG00000207571:ILMN_1803907:	827	8	12	54427734	54427829
ENSG00000105364:ILMN_1804207:MRPL4	828	11	19	10362640	10370736
ENSG00000214328:ILMN_1804213:	828	12	22	36023040	36031181
ENSG00000170545:ILMN_1804415:	829	5	12	51639133	51664202
ENSG00000232347:ILMN_1804455:	829	13	1	247373993	247405125
ENSG00000165943:ILMN_1804988:MOAP1	832	6	14	93648542	93651249
ENSG00000111684:ILMN_1805225:	833	8	12	7085347	7125842
ENSG00000211519:ILMN_1805410:	833	22	15	45725248	45725327
ENSG00000199886:ILMN_1805788:	835	18	12	42792352	42792453
ENSG00000115194:ILMN_1805807:SLC30A3	835	22	2	27476552	27498685
ENSG00000118898:ILMN_1806030:PPL	837	1	16	4932508	4987136
ENSG00000162188:ILMN_1806147:GNG3	837	16	11	62475114	62476675
ENSG00000225217:ILMN_1806165:	837	19	1	161576081	161578007
ENSG00000138698:ILMN_1806266:RAP1GDS1	838	3	4	99182527	99365008
ENSG00000185900:ILMN_1806305:	838	10	8	42948657	42978323
ENSG00000207395:ILMN_1806434:	839	7	15	69698780	69698891
ENSG00000112992:ILMN_1806634:NNT	840	2	5	43602825	43707507
ENSG00000115934:ILMN_1806828:	841	8	19	13883373	13887836
ENSG00000166501:ILMN_1806908:PRKCB	841	14	16	23847322	24231932
ENSG00000225399:ILMN_1807244:	843	8	3	49297518	49298744
ENSG00000189099:ILMN_1807272:	843	12	4	152198325	152212605
ENSG00000205622:ILMN_1807464:	844	4	21	40249215	40328392
ENSG00000204661:ILMN_1807579:	844	17	5	179068560	179072047
ENSG00000144711:ILMN_1808299:IQSEC1	848	9	3	12938719	13114617
ENSG00000111780:ILMN_1809034:	852	12	12	120884284	120897762
ENSG00000188185:ILMN_1809173:	853	0	7	39773231	39833881
ENSG00000236613:ILMN_1809212:	853	3	16	72097111	72111144
ENSG00000165152:ILMN_1809323:C9orf125	853	17	9	104235453	104295819
ENSG00000170035:ILMN_1809652:UBE2E3	855	20	2	181831975	181941312
ENSG00000128536:ILMN_1809817:	856	10	7	105517242	105676877
ENSG00000091592:ILMN_1810045:	857	17	17	5404719	5487832
ENSG00000172901:ILMN_1810159:	858	9	5	115298151	115363299
ENSG00000235157:ILMN_1810181:	858	13	19	22321358	22321783
ENSG00000114279:ILMN_1810283:FGF12	859	4	3	191859684	192485553
ENSG00000122043:ILMN_1810330:	859	8	13	30510042	30524625
ENSG00000072041:ILMN_1810533:SLC6A15	860	5	12	85253267	85306606
ENSG00000145817:ILMN_1810738:YIPF5	861	14	5	143537723	143550278
ENSG00000221622:ILMN_1810810:	861	21	9	135894934	135895021
ENSG00000128626:ILMN_1810866:MRPS12	862	8	19	39421348	39423657
ENSG00000169282:ILMN_1811072:KCNAB1	863	6	3	155755490	156256927
ENSG00000237780:ILMN_1811114:	863	14	12	113790046	113834438
ENSG00000174501:ILMN_1811117:	863	15	2	96504520	96657607
ENSG00000170161:ILMN_1811181:	863	21	9	66553273	66555928
ENSG00000177596:ILMN_1811227:	864	0	13	74987094	74993252
ENSG00000241159:ILMN_1812073:	868	22	2	71192701	71192997
ENSG00000003137:ILMN_1812297:CYP26B1	869	23	2	72356367	72375167
ENSG00000151376:ILMN_1812362:ME3	870	5	11	86152150	86383528
ENSG00000108278:ILMN_1812478:ZNHIT3	870	21	17	34842479	34851667
ENSG00000157005:ILMN_1812824:SST	872	16	3	187386694	187388187
ENSG00000239644:ILMN_1813240:	874	8	1	17007487	17018804
ENSG00000228493:ILMN_1813427:	875	13	2	242968807	242971316
ENSG00000083720:ILMN_1813544:OXCT1	876	2	5	41730167	41870603
ENSG00000189337:ILMN_1813590:	876	8	1	14925200	15444539
ENSG00000143318:ILMN_1813949:CASQ1	878	11	1	160160346	160171676
ENSG00000226942:ILMN_1814153:	879	3	16	79336	88321
ENSG00000171246:ILMN_1814221:NPTX1	879	14	17	78440633	78450404
ENSG00000163536:ILMN_1814333:SERPINI1	879	24	3	167453031	167543356
ENSG00000132388:ILMN_1814465:	880	5	17	4172512	4269969
ENSG00000138207:ILMN_1814719:RBP4	881	6	10	95351444	95361501
ENSG00000197182:ILMN_1815114:	883	0	22	46449741	46509808
ENSG00000227525:ILMN_1815292:	883	23	12	19242085	19242825
ENSG00000241489:ILMN_1815445:	884	18	23	148564621	148614621
ENSG00000163818:ILMN_1815705:LZTFL1	886	0	3	45864808	45957534
ENSG00000241181:ILMN_1815937:	887	2	7	1583450	1585885
ENSG00000221622:ILMN_2038774:	887	6	9	135894934	135895021
