ENSG00000118785:ILMN_1651354:SPP1	1	7	4	88896802	88904563
ENSG00000116688:ILMN_1651385:MFN2	1	14	1	12040238	12073571
ENSG00000168036:ILMN_1651617:CTNNB1	3	6	3	41236328	41301587
ENSG00000133318:ILMN_1651652:RTN3	3	12	11	63448922	63527337
ENSG00000176788:ILMN_1651826:BASP1	4	20	5	17217669	17276951
ENSG00000151150:ILMN_1651943:ANK3	5	11	10	61788159	62149488
ENSG00000123080:ILMN_1652171:CDKN2C	6	20	1	51426417	51440305
ENSG00000183691:ILMN_1652287:NOG	7	11	17	54671060	54672951
ENSG00000145794:ILMN_1652306:MEGF10	7	13	5	126626456	126796914
ENSG00000136238:ILMN_1652445:RAC1	8	12	7	6414126	6443608
ENSG00000164690:ILMN_1652693:SHH	9	19	7	155592680	155604967
ENSG00000145362:ILMN_1652729:ANK2	10	2	4	113970785	114304896
ENSG00000100146:ILMN_1653750:SOX10	16	11	22	38366693	38383429
ENSG00000126351:ILMN_1654613:THRA	21	11	17	38219063	38250120
ENSG00000147044:ILMN_1654773:CASK	22	9	23	41374187	41782716
ENSG00000135919:ILMN_1655595:SERPINE2	27	3	2	224839765	224904036
ENSG00000165731:ILMN_1655610:RET	27	5	10	43572475	43625799
ENSG00000123080:ILMN_1656415:CDKN2C	32	21	1	51426417	51440305
ENSG00000171560:ILMN_1656487:FGA	33	10	4	155504278	155511918
ENSG00000163531:ILMN_1657199:NFASC	37	12	1	204797779	204991950
ENSG00000117632:ILMN_1657796:STMN1	41	3	1	26212214	26233482
ENSG00000187098:ILMN_1657854:MITF	41	12	3	69788586	70017487
ENSG00000101444:ILMN_1657862:AHCY	41	16	20	32868074	32891154
ENSG00000139793:ILMN_1658015:MBNL2	42	11	13	97873688	98046374
ENSG00000159251:ILMN_1658660:ACTC1	46	19	15	35080296	35087911
ENSG00000184916:ILMN_1658925:JAG2	48	15	14	105607319	105635161
ENSG00000104725:ILMN_1659086:NEFL	49	17	8	24808468	24814624
ENSG00000110492:ILMN_1659142:MDK	49	24	11	46402306	46405375
ENSG00000131759:ILMN_1659206:RARA	50	9	17	38465436	38513895
ENSG00000109099:ILMN_1659312:PMP22	50	22	17	15133095	15168644
ENSG00000171560:ILMN_1659947:FGA	54	15	4	155504278	155511918
ENSG00000087053:ILMN_1659952:MTMR2	54	18	11	95566046	95658479
ENSG00000132334:ILMN_1660907:PTPRE	60	11	10	129705325	129884119
ENSG00000006756:ILMN_1661624:ARSD	64	13	23	2822011	2847392
ENSG00000126351:ILMN_1661683:THRA	65	0	17	38219063	38250120
ENSG00000151150:ILMN_1661875:ANK3	66	2	10	61788159	62149488
ENSG00000067606:ILMN_1662155:PRKCZ	67	20	1	1981909	2116834
ENSG00000168621:ILMN_1662492:GDNF	69	22	5	37812779	37839782
ENSG00000163464:ILMN_1662524:IL8RA	70	0	2	219027568	219031718
ENSG00000110693:ILMN_1663327:SOX6	74	18	11	15987995	16497918
ENSG00000126231:ILMN_1664565:PROZ	82	0	13	113812968	113826694
ENSG00000119139:ILMN_1664978:TJP2	84	16	9	71766562	71870120
ENSG00000187323:ILMN_1665748:DCC	89	0	18	49867158	51062269
ENSG00000108684:ILMN_1665932:ACCN1	90	3	17	31340105	32483551
ENSG00000184221:ILMN_1666089:OLIG1	90	23	21	34442450	34444726
ENSG00000197430:ILMN_1666090:OPALIN	90	24	10	98102973	98119092
ENSG00000165731:ILMN_1666314:RET	92	5	10	43572475	43625799
ENSG00000173546:ILMN_1666894:CSPG4	96	0	15	75966663	76005189
ENSG00000072210:ILMN_1667564:ALDH3A2	99	21	17	19551459	19580909
ENSG00000125798:ILMN_1668052:FOXA2	102	4	20	22561643	22566101
ENSG00000169136:ILMN_1669113:ATF5	107	21	19	50431974	50437192
ENSG00000140262:ILMN_1669832:TCF12	113	0	15	57210823	57582051
ENSG00000077147:ILMN_1669931:TM9SF3	113	16	10	98277866	98347209
ENSG00000198914:ILMN_1670274:POU3F3	115	14	2	105471969	105473471
ENSG00000046653:ILMN_1670308:GPM6B	115	20	23	13789150	13956757
ENSG00000164736:ILMN_1671092:SOX17	121	0	8	55370495	55373456
ENSG00000186575:ILMN_1671267:NF2	121	24	22	29999545	30094587
ENSG00000107796:ILMN_1671703:ACTA2	124	12	10	90694831	90751147
ENSG00000141232:ILMN_1672004:TOB1	126	6	17	48940341	48945339
ENSG00000144355:ILMN_1672094:DLX1	126	15	2	172949469	172954405
ENSG00000116791:ILMN_1672389:CRYZ	128	3	1	75171170	75199092
ENSG00000197971:ILMN_1672660:MBP	129	16	18	74690783	74845639
ENSG00000121207:ILMN_1673491:LRAT	134	11	4	155665152	155674270
ENSG00000106211:ILMN_1674236:HSPB1	139	5	7	75931861	75933612
ENSG00000115085:ILMN_1674838:ZAP70	142	12	2	98330023	98356325
ENSG00000136160:ILMN_1675100:EDNRB	143	19	13	78469616	78493903
ENSG00000070831:ILMN_1675156:CDC42	144	3	1	22379120	22419437
ENSG00000185591:ILMN_1676010:SP1	148	24	12	53773979	53810221
ENSG00000149294:ILMN_1676289:NCAM1	150	8	11	113003650	113149133
ENSG00000106278:ILMN_1676616:PTPRZ1	152	10	7	121513143	121702090
ENSG00000131759:ILMN_1677197:RARA	155	17	17	38465436	38513895
ENSG00000123307:ILMN_1677608:NEUROD4	157	23	12	55413729	55423798
ENSG00000073910:ILMN_1678437:FRY	162	11	13	32605437	32870794
ENSG00000125798:ILMN_1678728:FOXA2	164	3	20	22561643	22566101
ENSG00000132170:ILMN_1679901:PPARG	171	7	3	12328867	12475855
ENSG00000131711:ILMN_1680154:MAP1B	173	3	5	71403118	71502853
ENSG00000073969:ILMN_1680353:NSF	174	11	17	44668075	44834833
ENSG00000086205:ILMN_1681651:FOLH1	181	14	11	49168188	49230222
ENSG00000134853:ILMN_1681949:PDGFRA	183	7	4	55095457	55164414
ENSG00000066468:ILMN_1682270:FGFR2	185	9	10	123237848	123357972
ENSG00000104833:ILMN_1682459:TUBB4	186	8	19	6494331	6502330
ENSG00000081041:ILMN_1682636:CXCL2	187	9	4	74962764	74964997
ENSG00000134460:ILMN_1683774:IL2RA	194	8	10	6041829	6104333
ENSG00000163517:ILMN_1684690:HDAC11	199	22	3	13521224	13547916
ENSG00000006756:ILMN_1684873:ARSD	200	22	23	2822011	2847392
ENSG00000006756:ILMN_1684956:ARSD	201	8	23	2822011	2847392
ENSG00000125744:ILMN_1685357:RTN2	203	24	19	45988550	46000313
ENSG00000134250:ILMN_1685445:NOTCH2	204	15	1	120454176	120612274
ENSG00000186487:ILMN_1685582:MYT1L	205	9	2	1792885	2335045
ENSG00000010810:ILMN_1686555:FYN	210	21	6	111981535	112194655
ENSG00000186350:ILMN_1687315:RXRA	214	15	9	137208944	137332431
ENSG00000132170:ILMN_1687612:PPARG	216	11	3	12328867	12475855
ENSG00000124731:ILMN_1688231:TREM1	220	4	6	41243712	41254457
ENSG00000145191:ILMN_1688534:EIF2B5	221	22	3	183852826	184402546
ENSG00000135144:ILMN_1689002:DTX1	224	11	12	113495662	113535833
ENSG00000105409:ILMN_1689098:ATP1A3	225	1	19	42470734	42498384
ENSG00000099194:ILMN_1689329:SCD	226	6	10	102106877	102124591
ENSG00000110651:ILMN_1689953:CD81	229	5	11	2397419	2418627
ENSG00000103316:ILMN_1690179:CRYM	230	16	16	21269842	21314372
ENSG00000174469:ILMN_1690223:CNTNAP2	230	24	7	145813453	148118090
ENSG00000138798:ILMN_1690733:EGF	234	0	4	110834047	110933422
ENSG00000133318:ILMN_1691001:RTN3	235	18	11	63448922	63527337
ENSG00000176105:ILMN_1691466:YES1	238	11	18	721588	812327
ENSG00000104067:ILMN_1691499:TJP1	238	19	15	29991571	30248497
ENSG00000125820:ILMN_1692280:NKX2-2	243	6	20	21491648	21494699
ENSG00000115844:ILMN_1692368:DLX2	243	19	2	172964166	172967628
ENSG00000108797:ILMN_1692398:CNTNAP1	243	23	17	40834632	40852010
ENSG00000108381:ILMN_1692824:ASPA	246	3	17	3377404	3406713
ENSG00000065320:ILMN_1692927:NTN1	246	14	17	8924859	9147317
ENSG00000115310:ILMN_1693598:RTN4	250	12	2	55199325	55339757
ENSG00000125378:ILMN_1693749:BMP4	251	10	14	54416454	54423554
ENSG00000075340:ILMN_1694133:ADD2	253	18	2	70834750	70995357
ENSG00000101180:ILMN_1694273:HRH3	254	11	20	60790026	60795323
ENSG00000137270:ILMN_1695135:GCM1	259	17	6	52991762	53013627
ENSG00000131462:ILMN_1695731:TUBG1	262	12	17	40761694	40767247
ENSG00000070831:ILMN_1696041:CDC42	264	21	1	22379120	22419437
ENSG00000151090:ILMN_1696683:THRB	269	5	3	24158651	24536773
ENSG00000131095:ILMN_1697176:GFAP	271	11	17	42982993	42992914
ENSG00000197535:ILMN_1698225:MYO5A	277	16	15	52599480	52821247
ENSG00000139132:ILMN_1698728:FGD4	280	10	12	32654977	32798984
ENSG00000143970:ILMN_1698968:ASXL2	281	16	2	25960557	26101385
ENSG00000134115:ILMN_1699317:CNTN6	283	6	3	1134260	1445901
ENSG00000136244:ILMN_1699651:IL6	285	0	7	22765503	22771621
ENSG00000077092:ILMN_1699723:RARB	285	12	3	25215823	25639423
ENSG00000037042:ILMN_1701052:TUBG2	292	15	17	40811266	40819021
ENSG00000171791:ILMN_1701120:BCL2	292	23	18	60790579	60987361
ENSG00000095970:ILMN_1701248:TREM2	293	18	6	41126245	41130924
ENSG00000139352:ILMN_1701653:ASCL1	295	22	12	103351452	103354287
ENSG00000109466:ILMN_1701837:KLHL2	296	19	4	166128788	166244298
ENSG00000145335:ILMN_1701933:SNCA	297	11	4	90646705	90759466
ENSG00000118515:ILMN_1702487:SGK1	300	20	6	134490387	134639196
ENSG00000176014:ILMN_1702636:TUBB6	301	15	18	12308070	12326568
ENSG00000124205:ILMN_1703205:EDN3	305	11	20	57875482	57901047
ENSG00000152910:ILMN_1704210:CNTNAP4	310	15	16	76311176	76593135
ENSG00000186417:ILMN_1704376:GLDN	311	15	15	51633877	51700210
ENSG00000092621:ILMN_1704537:PHGDH	312	12	1	120202421	120286838
ENSG00000046653:ILMN_1704665:GPM6B	313	8	23	13789150	13956757
ENSG00000100285:ILMN_1705153:NEFH	315	15	22	29876219	29887379
ENSG00000129455:ILMN_1705252:KLK8	316	5	19	51499264	51504958
ENSG00000173039:ILMN_1705266:RELA	316	9	11	65421070	65430443
ENSG00000165731:ILMN_1706301:RET	321	18	10	43572475	43625799
ENSG00000110492:ILMN_1706440:MDK	322	12	11	46402306	46405375
ENSG00000176697:ILMN_1706644:BDNF	323	19	11	27676440	27743605
ENSG00000079482:ILMN_1706845:OPHN1	325	1	23	67262186	67653755
ENSG00000135903:ILMN_1707314:PAX3	327	5	2	223064607	223163715
ENSG00000107186:ILMN_1707649:MPDZ	328	22	9	13105703	13250365
ENSG00000047849:ILMN_1708064:MAP4	330	22	3	47892182	48130769
ENSG00000017427:ILMN_1709613:IGF1	339	3	12	102789645	102874423
ENSG00000125378:ILMN_1709734:BMP4	339	23	14	54416454	54423554
ENSG00000123560:ILMN_1709919:PLP1	340	24	23	103028647	103047548
ENSG00000114315:ILMN_1710284:HES1	342	7	3	193853934	193856521
ENSG00000149972:ILMN_1710289:CNTN5	342	8	11	99690263	100227473
ENSG00000104177:ILMN_1710329:MYEF2	342	16	15	48431629	48470558
ENSG00000155052:ILMN_1710394:CNTNAP5	342	19	2	124782864	125672912
ENSG00000157933:ILMN_1710598:SKI	343	10	1	2160134	2241558
ENSG00000186868:ILMN_1710903:MAPT	345	4	17	43971750	44105700
ENSG00000150625:ILMN_1711312:GPM6A	347	15	4	176554089	176923648
ENSG00000176697:ILMN_1712712:BDNF	355	19	11	27676440	27743605
ENSG00000134121:ILMN_1713347:CHL1	359	12	3	238279	451090
ENSG00000119718:ILMN_1713380:EIF2B2	359	16	14	75469612	75476292
ENSG00000187391:ILMN_1715255:MAGI2	369	10	7	77646393	79082890
ENSG00000163531:ILMN_1715713:NFASC	372	0	1	204797779	204991950
ENSG00000131759:ILMN_1716176:RARA	374	11	17	38465436	38513895
ENSG00000153902:ILMN_1716461:LGI4	376	7	19	35615417	35633355
ENSG00000150625:ILMN_1716869:GPM6A	378	14	4	176554089	176923648
ENSG00000177468:ILMN_1717205:OLIG3	380	9	6	137813336	137815531
ENSG00000113805:ILMN_1717599:CNTN3	382	8	3	74311719	74570291
ENSG00000141736:ILMN_1717902:ERBB2	383	16	17	37844393	37884915
ENSG00000126351:ILMN_1718182:THRA	385	9	17	38219063	38250120
ENSG00000171368:ILMN_1718687:TPPP	387	21	5	659977	693466
ENSG00000134532:ILMN_1718912:SOX5	389	3	12	23685232	24103865
ENSG00000115085:ILMN_1719756:ZAP70	393	18	2	98330023	98356325
ENSG00000041982:ILMN_1719759:TNC	393	19	9	117782806	117880486
ENSG00000176697:ILMN_1719820:BDNF	393	24	11	27676440	27743605
ENSG00000196132:ILMN_1721167:MYT1	401	10	20	62795827	62873604
ENSG00000172201:ILMN_1721758:ID4	404	14	6	19837617	19840915
ENSG00000125845:ILMN_1722718:BMP2	409	14	20	6748311	6760910
ENSG00000091129:ILMN_1722809:NRCAM	410	2	7	107788082	108097161
ENSG00000111276:ILMN_1722811:CDKN1B	410	3	12	12867992	12875305
ENSG00000159788:ILMN_1722834:RGS12	410	12	4	3315874	3441638
ENSG00000186895:ILMN_1723227:FGF3	412	15	11	69624736	69634192
ENSG00000183734:ILMN_1723412:ASCL2	413	11	11	2289725	2292182
ENSG00000068903:ILMN_1723494:SIRT2	414	1	19	39369197	39390502
ENSG00000135406:ILMN_1723678:PRPH	414	22	12	49687485	49692465
ENSG00000135903:ILMN_1724061:PAX3	416	15	2	223064607	223163715
ENSG00000163347:ILMN_1724686:CLDN1	420	13	3	190023490	190040264
ENSG00000085063:ILMN_1724789:CD59	421	5	11	33724558	33758025
ENSG00000110492:ILMN_1724977:MDK	422	6	11	46402306	46405375
ENSG00000172071:ILMN_1724984:EIF2AK3	422	7	2	88856259	88927094
ENSG00000186907:ILMN_1725098:RTN4RL2	422	17	11	57228317	57244429
ENSG00000163558:ILMN_1725188:PRKCI	423	7	3	169940153	170023769
ENSG00000151892:ILMN_1725678:GFRA1	425	13	10	117816444	118032979
ENSG00000184486:ILMN_1725772:POU3F2	426	4	6	99282611	99286660
ENSG00000171456:ILMN_1726025:ASXL1	427	7	20	30946153	31027122
ENSG00000182944:ILMN_1727041:EWSR1	433	0	22	29663998	29696515
ENSG00000116478:ILMN_1727458:HDAC1	435	23	1	32757687	32799236
ENSG00000205927:ILMN_1727567:OLIG2	436	16	21	34398153	34401504
ENSG00000074047:ILMN_1727577:GLI2	436	18	2	121493199	121750229
ENSG00000149972:ILMN_1727909:CNTN5	438	14	11	99690263	100227473
ENSG00000136352:ILMN_1728117:NKX2-1	439	20	14	36985603	36989416
ENSG00000184113:ILMN_1728197:CLDN5	440	4	22	19510547	19515068
ENSG00000124827:ILMN_1728449:GCM2	441	14	6	10873456	10882174
ENSG00000141736:ILMN_1728761:ERBB2	443	8	17	37844393	37884915
ENSG00000146648:ILMN_1728858:EGFR	443	20	7	55086714	55324313
ENSG00000148400:ILMN_1729161:NOTCH1	445	4	9	139388896	139440314
ENSG00000109846:ILMN_1729216:CRYAB	445	15	11	111779350	111782494
ENSG00000077782:ILMN_1729369:FGFR1	446	8	8	38268656	38326352
ENSG00000128242:ILMN_1729905:GAL3ST1	448	19	22	30950622	30970574
ENSG00000115310:ILMN_1730611:RTN4	452	5	2	55199325	55339757
ENSG00000157168:ILMN_1731788:NRG1	459	8	8	31497501	32622066
ENSG00000166333:ILMN_1732827:ILK	464	5	11	6624961	6632101
ENSG00000108262:ILMN_1733155:GIT1	465	14	17	27900487	27916645
ENSG00000073737:ILMN_1733998:DHRS9	470	3	2	169921299	169952677
ENSG00000132334:ILMN_1734543:PTPRE	472	8	10	129705325	129884119
ENSG00000047849:ILMN_1734695:MAP4	473	6	3	47892182	48130769
ENSG00000046653:ILMN_1735438:GPM6B	477	6	23	13789150	13956757
ENSG00000054523:ILMN_1735552:KIF1B	478	0	1	10270764	10441661
ENSG00000090932:ILMN_1736096:DLL3	480	15	19	39989557	39999118
ENSG00000123104:ILMN_1736103:ITPR2	480	17	12	26488285	26986131
ENSG00000136541:ILMN_1736357:ERMN	481	24	2	158175126	158184225
ENSG00000157168:ILMN_1737252:NRG1	486	22	8	31497501	32622066
ENSG00000040608:ILMN_1737484:RTN4R	488	4	22	20228938	20270769
ENSG00000065361:ILMN_1737993:ERBB3	491	2	12	56473892	56497128
ENSG00000132688:ILMN_1738147:NES	491	21	1	156638555	156647189
ENSG00000070831:ILMN_1738424:CDC42	493	14	1	22379120	22419437
ENSG00000197965:ILMN_1739103:MPZL1	497	14	1	167690429	167761156
ENSG00000126861:ILMN_1739235:OMG	498	9	17	29621665	29624349
ENSG00000198910:ILMN_1739238:L1CAM	498	11	23	153126969	153174677
ENSG00000135097:ILMN_1739601:MSI1	500	7	12	120779133	120806958
ENSG00000126583:ILMN_1739812:PRKCG	501	14	19	54382444	54410906
ENSG00000147588:ILMN_1740706:PMP2	506	18	8	82352566	82359719
ENSG00000138675:ILMN_1740871:FGF5	507	17	4	81187753	81212171
ENSG00000125378:ILMN_1740900:BMP4	507	20	14	54416454	54423554
ENSG00000130203:ILMN_1740938:APOE	508	3	19	45408956	45412650
ENSG00000101144:ILMN_1741566:BMP7	511	7	20	55743804	55841685
ENSG00000170542:ILMN_1742052:SERPINB9	513	14	6	2887500	2903514
ENSG00000054523:ILMN_1743034:KIF1B	518	22	1	10270764	10441661
ENSG00000198719:ILMN_1743373:DLL1	520	20	6	170591294	170599697
ENSG00000138685:ILMN_1744693:FGF2	526	19	4	123747863	123819390
ENSG00000117632:ILMN_1745593:STMN1	531	13	1	26212214	26233482
ENSG00000186575:ILMN_1747580:NF2	541	20	22	29999545	30094587
ENSG00000115211:ILMN_1748157:EIF2B4	544	5	2	27587219	27593353
ENSG00000152601:ILMN_1748358:MBNL1	545	3	3	151961617	152183569
ENSG00000128918:ILMN_1748538:ALDH1A2	545	24	15	58245622	58358616
ENSG00000142208:ILMN_1748661:AKT1	546	11	14	105235689	105262080
ENSG00000183864:ILMN_1748884:TOB2	547	13	22	41829496	41843027
ENSG00000115310:ILMN_1748983:RTN4	548	9	2	55199325	55339757
ENSG00000197746:ILMN_1749109:PSAP	549	6	10	73576055	73611126
ENSG00000125744:ILMN_1749115:RTN2	549	8	19	45988550	46000313
ENSG00000108423:ILMN_1749253:TUBD1	550	0	17	57936851	57970296
ENSG00000154654:ILMN_1749962:NCAM2	553	9	21	22370633	22915650
ENSG00000168314:ILMN_1750271:MOBP	555	5	3	39508689	39567859
ENSG00000117632:ILMN_1750508:STMN1	556	14	1	26212214	26233482
ENSG00000143171:ILMN_1750624:RXRG	556	24	1	165370154	165414433
ENSG00000176697:ILMN_1751276:BDNF	560	9	11	27676440	27743605
ENSG00000065361:ILMN_1751346:ERBB3	560	17	12	56473892	56497128
ENSG00000136160:ILMN_1751904:EDNRB	564	1	13	78469616	78493903
ENSG00000117707:ILMN_1752622:PROX1	567	9	1	214156524	214214596
ENSG00000064300:ILMN_1752658:NGFR	567	15	17	47572655	47592357
ENSG00000090932:ILMN_1753287:DLL3	570	21	19	39989557	39999118
ENSG00000111361:ILMN_1753716:EIF2B1	573	7	12	124105570	124118247
ENSG00000165699:ILMN_1754871:TSC1	579	10	9	135766735	135820020
ENSG00000146648:ILMN_1755535:EGFR	582	8	7	55086714	55324313
ENSG00000139970:ILMN_1756928:RTN1	589	6	14	60062694	60337684
ENSG00000135903:ILMN_1757053:PAX3	589	24	2	223064607	223163715
ENSG00000168036:ILMN_1757350:CTNNB1	591	18	3	41236328	41301587
ENSG00000176402:ILMN_1757629:GJC3	593	2	7	99520892	99527324
ENSG00000162599:ILMN_1758049:NFIA	594	21	1	61330931	61928465
ENSG00000165699:ILMN_1758378:TSC1	596	19	9	135766735	135820020
ENSG00000174607:ILMN_1758816:UGT8	598	21	4	115519611	115599381
ENSG00000130347:ILMN_1758827:RTN4IP1	598	24	6	107019846	107077362
ENSG00000169047:ILMN_1759232:IRS1	600	23	2	227599757	227664475
ENSG00000134532:ILMN_1760051:SOX5	605	11	12	23685232	24103865
ENSG00000162344:ILMN_1760909:FGF19	609	24	11	69513007	69519106
ENSG00000136541:ILMN_1761023:ERMN	610	13	2	158175126	158184225
ENSG00000009709:ILMN_1761061:PAX7	610	19	1	18957500	19075360
ENSG00000187098:ILMN_1761324:MITF	612	12	3	69788586	70017487
ENSG00000176697:ILMN_1761910:BDNF	615	13	11	27676440	27743605
ENSG00000136238:ILMN_1761938:RAC1	615	19	7	6414126	6443608
ENSG00000127022:ILMN_1762825:CANX	620	9	5	179125503	179158637
ENSG00000120738:ILMN_1762899:EGR1	620	19	5	137801179	137805004
ENSG00000125798:ILMN_1763712:FOXA2	625	5	20	22561643	22566101
ENSG00000181790:ILMN_1763869:BAI1	626	2	8	143545377	143626346
ENSG00000119139:ILMN_1763972:TJP2	626	15	9	71766562	71870120
ENSG00000078018:ILMN_1764201:MAP2	627	19	2	210288782	210598842
ENSG00000074935:ILMN_1764398:TUBE1	628	18	6	112391861	112408716
ENSG00000184916:ILMN_1764729:JAG2	630	7	14	105607319	105635161
ENSG00000081026:ILMN_1765451:MAGI3	633	24	1	113933371	114228545
ENSG00000181754:ILMN_1765460:AMIGO1	634	1	1	110046797	110052360
ENSG00000145335:ILMN_1766165:SNCA	637	3	4	90646705	90759466
ENSG00000151224:ILMN_1767657:MAT1A	644	13	10	82031576	82049440
ENSG00000105711:ILMN_1767666:SCN1B	644	17	19	35521534	35531352
ENSG00000139970:ILMN_1768357:RTN1	647	24	14	60062694	60337684
ENSG00000091513:ILMN_1768425:TF	648	5	3	133419211	133497850
ENSG00000168314:ILMN_1768947:MOBP	651	13	3	39508689	39567859
ENSG00000100811:ILMN_1770892:YY1	663	5	14	100705322	100749129
ENSG00000144619:ILMN_1771148:CNTN4	664	13	3	2140497	3099645
ENSG00000154229:ILMN_1771800:PRKCA	667	8	17	64298926	64806862
ENSG00000088812:ILMN_1772124:ATRN	668	17	20	3451665	3631769
ENSG00000101986:ILMN_1772189:ABCD1	669	2	23	152990323	153010216
ENSG00000140262:ILMN_1772614:TCF12	671	11	15	57210823	57582051
ENSG00000121753:ILMN_1773109:BAI2	674	10	1	32192718	32229941
ENSG00000242689:ILMN_1773113:CNTF	674	11	11	58390146	58393198
ENSG00000184845:ILMN_1773210:DRD1	674	22	5	174867675	174871163
ENSG00000176887:ILMN_1773459:SOX11	676	2	2	5832799	5841516
ENSG00000112531:ILMN_1773485:QKI	676	4	6	163835675	163994896
ENSG00000138386:ILMN_1774617:NAB1	681	10	2	191511472	191557492
ENSG00000185737:ILMN_1774945:NRG3	682	23	10	83634806	84746933
ENSG00000145362:ILMN_1776363:ANK2	690	6	4	113970785	114304896
ENSG00000075624:ILMN_1777296:ACTB	694	11	7	5566782	5603415
ENSG00000163132:ILMN_1777397:MSX1	695	1	4	4861406	4865663
ENSG00000167755:ILMN_1777541:KLK6	695	17	19	51461888	51472929
ENSG00000078900:ILMN_1778188:TP73	698	21	1	3569084	3652765
ENSG00000198668:ILMN_1778242:CALM1	699	4	14	90863373	90874610
ENSG00000185924:ILMN_1778683:RTN4RL1	701	21	17	1837978	1928178
ENSG00000011600:ILMN_1778977:TYROBP	703	8	19	36395312	36399186
ENSG00000171560:ILMN_1779017:FGA	703	15	4	155504278	155511918
ENSG00000170558:ILMN_1779228:CDH2	704	20	18	25530930	25757410
ENSG00000103316:ILMN_1779241:CRYM	704	22	16	21269842	21314372
ENSG00000144724:ILMN_1779674:PTPRG	707	12	3	61547243	62283288
ENSG00000108684:ILMN_1779685:ACCN1	707	14	17	31340105	32483551
ENSG00000111087:ILMN_1779989:GLI1	708	24	12	57853934	57866045
ENSG00000167755:ILMN_1780255:KLK6	710	1	19	51461888	51472929
ENSG00000147507:ILMN_1781155:LYN	714	12	8	56792386	56923933
ENSG00000010810:ILMN_1781207:FYN	714	17	6	111981535	112194655
ENSG00000067560:ILMN_1781290:RHOA	715	6	3	49396578	49450431
ENSG00000144619:ILMN_1783204:CNTN4	724	9	3	2140497	3099645
ENSG00000133812:ILMN_1784595:SBF2	731	0	11	9800216	10315754
ENSG00000119711:ILMN_1785284:ALDH6A1	734	7	14	74526891	74551196
ENSG00000109099:ILMN_1785646:PMP22	736	2	17	15133095	15168644
ENSG00000242950:ILMN_1785804:ERVWE1	736	23	7	92097695	92100738
ENSG00000105227:ILMN_1786648:PRX	740	22	19	40899672	40919273
ENSG00000148826:ILMN_1786989:NKX6-2	742	10	10	134598300	134599556
ENSG00000102934:ILMN_1787673:PLLP	745	4	16	57290009	57318599
ENSG00000163739:ILMN_1787897:CXCL1	746	5	4	74735109	74736953
ENSG00000196569:ILMN_1788019:LAMA2	746	24	6	129204286	129837714
ENSG00000047849:ILMN_1788351:MAP4	748	19	3	47892182	48130769
ENSG00000101752:ILMN_1788832:MIB1	751	4	18	19321281	19450918
ENSG00000204843:ILMN_1789089:DCTN1	752	5	2	74588281	74619214
ENSG00000005513:ILMN_1789244:SOX8	753	1	16	1031808	1036979
ENSG00000164300:ILMN_1789464:SERINC5	754	2	5	79407050	79551870
ENSG00000007372:ILMN_1789905:PAX6	756	18	11	31806340	31839509
ENSG00000123560:ILMN_1790106:PLP1	757	18	23	103028647	103047548
ENSG00000152137:ILMN_1791280:HSPB8	763	2	12	119616595	119632550
ENSG00000103089:ILMN_1791531:FA2H	764	13	16	74746853	74808730
ENSG00000187957:ILMN_1791679:DNER	765	6	2	230222345	230579274
ENSG00000131759:ILMN_1791902:RARA	766	8	17	38465436	38513895
ENSG00000213139:ILMN_1792597:CRYGS	770	9	3	186256230	186264491
ENSG00000112096:ILMN_1792922:SOD2	771	16	6	160100148	160114353
ENSG00000204843:ILMN_1793563:DCTN1	774	10	2	74588281	74619214
ENSG00000176697:ILMN_1793988:BDNF	776	12	11	27676440	27743605
ENSG00000115738:ILMN_1793990:ID2	776	13	2	8818975	8824583
ENSG00000172020:ILMN_1794552:GAP43	779	6	3	115342171	115440337
ENSG00000197921:ILMN_1794742:HES5	780	7	1	2460184	2461684
ENSG00000072210:ILMN_1794825:ALDH3A2	780	18	17	19551459	19580909
ENSG00000152910:ILMN_1795021:CNTNAP4	781	21	16	76311176	76593135
ENSG00000163017:ILMN_1795325:ACTG2	783	4	2	74119390	74146992
ENSG00000181790:ILMN_1797130:BAI1	793	0	8	143545377	143626346
ENSG00000165699:ILMN_1797367:TSC1	794	4	9	135766735	135820020
ENSG00000186318:ILMN_1797804:BACE1	796	17	11	117156417	117186972
ENSG00000146648:ILMN_1798975:EGFR	802	14	7	55086714	55324313
ENSG00000169562:ILMN_1799535:GJB1	805	10	23	70435044	70445366
ENSG00000054983:ILMN_1799744:GALC	806	16	14	88399360	88459907
ENSG00000105996:ILMN_1799836:HOXA2	806	24	7	27139976	27142305
ENSG00000139549:ILMN_1799996:DHH	807	15	12	49483208	49488602
ENSG00000132170:ILMN_1800225:PPARG	808	17	3	12328867	12475855
ENSG00000189056:ILMN_1800642:RELN	810	14	7	103112231	103629963
ENSG00000109323:ILMN_1800733:MANBA	811	0	4	103552645	103682151
ENSG00000148180:ILMN_1801043:GSN	812	10	9	123970075	124095121
ENSG00000171791:ILMN_1801119:BCL2	812	24	18	60790579	60987361
ENSG00000105711:ILMN_1801302:SCN1B	813	23	19	35521534	35531352
ENSG00000144908:ILMN_1802167:ALDH1L1	818	10	3	125822408	125900369
ENSG00000162512:ILMN_1802418:SDC3	819	16	1	31342313	31381608
ENSG00000065526:ILMN_1802611:SPEN	820	8	1	16174359	16266955
ENSG00000052850:ILMN_1803384:ALX4	824	2	11	44281994	44331619
ENSG00000112658:ILMN_1803398:SRF	824	5	6	43138920	43149243
ENSG00000105695:ILMN_1803773:MAG	826	9	19	35783028	35804707
ENSG00000112851:ILMN_1805024:ERBB2IP	832	10	5	65222303	65378377
ENSG00000105227:ILMN_1805149:PRX	832	23	19	40899672	40919273
ENSG00000105329:ILMN_1806999:TGFB1	841	23	19	41836651	41859816
ENSG00000152601:ILMN_1807304:MBNL1	843	16	3	151961617	152183569
ENSG00000067900:ILMN_1808768:ROCK1	850	23	18	18529701	18691812
ENSG00000163531:ILMN_1809002:NFASC	852	7	1	204797779	204991950
ENSG00000185652:ILMN_1809364:NTF3	853	24	12	5541280	5604464
ENSG00000176697:ILMN_1809543:BDNF	855	1	11	27676440	27743605
ENSG00000143171:ILMN_1809730:RXRG	856	0	1	165370154	165414433
ENSG00000150361:ILMN_1809760:KLHL1	856	3	13	70274726	70682591
ENSG00000104419:ILMN_1809931:NDRG1	857	0	8	134249414	134309547
ENSG00000134198:ILMN_1810093:TSPAN2	858	1	1	115590632	115632121
ENSG00000146013:ILMN_1810716:GFRA3	861	9	5	137588068	137610360
ENSG00000109099:ILMN_1810864:PMP22	862	7	17	15133095	15168644
ENSG00000177508:ILMN_1811468:IRX3	865	11	16	54317216	54320378
ENSG00000173786:ILMN_1811758:CNP	867	12	17	40118759	40129754
ENSG00000157168:ILMN_1811954:NRG1	868	8	8	31497501	32622066
ENSG00000107831:ILMN_1812517:FGF8	871	1	10	103530081	103535827
ENSG00000105894:ILMN_1813753:PTN	877	10	7	136912088	137028611
ENSG00000213614:ILMN_1813911:HEXA	878	6	15	72635775	72668817
ENSG00000127616:ILMN_1814173:SMARCA4	879	6	19	11071598	11172958
ENSG00000196628:ILMN_1814194:TCF4	879	7	18	52889562	53303185
ENSG00000163536:ILMN_1814333:SERPINI1	879	24	3	167453031	167543356
ENSG00000133026:ILMN_1815154:MYH10	883	10	17	8377523	8534079
ENSG00000096433:ILMN_1815500:ITPR3	884	22	6	33588522	33664351
ENSG00000124766:ILMN_1815745:SOX4	886	8	6	21593972	21598847
ENSG00000075624:ILMN_2038777:ACTB	887	7	7	5566782	5603415
