ENSG00000168418:ILMN_1651330:KCNG4	1	1	16	84255816	84273356
ENSG00000185689:ILMN_1651624:C6orf201	3	7	6	4079440	4131185
ENSG00000205726:ILMN_1651848:ITSN1	5	0	21	35014706	35272165
ENSG00000068078:ILMN_1651966:FGFR3	5	16	4	1795034	1810598
ENSG00000123201:ILMN_1652166:GUCY1B2	6	19	13	51568651	51640343
ENSG00000165533:ILMN_1652309:TTC8	7	14	14	89290978	89344334
ENSG00000177189:ILMN_1652736:RPS6KA3	10	5	23	20168029	20285218
ENSG00000106462:ILMN_1652913:EZH2	11	11	7	148504475	148581413
ENSG00000134508:ILMN_1653001:CABLES1	12	0	18	20715727	20840434
ENSG00000164485:ILMN_1653324:IL22RA2	13	22	6	137464968	137494785
ENSG00000135821:ILMN_1653496:GLUL	15	3	1	182350839	182361341
ENSG00000104756:ILMN_1653612:KCTD9	15	16	8	25285366	25315983
ENSG00000072609:ILMN_1653828:CHFR	17	2	12	133416938	133464184
ENSG00000126767:ILMN_1654289:ELK1	19	1	23	47494920	47510003
ENSG00000153922:ILMN_1654583:CHD1	21	4	5	98190919	98262238
ENSG00000105205:ILMN_1654875:CLC	22	22	19	40221896	40228668
ENSG00000167114:ILMN_1655039:SLC27A4	23	17	9	131102840	131123502
ENSG00000011304:ILMN_1655154:PTBP1	24	4	19	797392	812327
ENSG00000175110:ILMN_1655377:MRPS22	25	19	3	138724648	139076065
ENSG00000165731:ILMN_1655610:RET	27	5	10	43572475	43625799
ENSG00000118985:ILMN_1655930:ELL2	29	11	5	95220802	95297775
ENSG00000164574:ILMN_1655985:GALNT10	29	19	5	153570290	153800544
ENSG00000135829:ILMN_1656016:DHX9	29	22	1	182808504	182856886
ENSG00000133065:ILMN_1656186:SLC41A1	30	22	1	205758221	205782876
ENSG00000134375:ILMN_1656798:TIMM17A	34	23	1	201924619	201939789
ENSG00000134013:ILMN_1656802:LOXL2	34	24	8	23154410	23261722
ENSG00000048707:ILMN_1656840:VPS13D	35	8	1	12290124	12572099
ENSG00000121236:ILMN_1656910:TRIM6	35	14	11	5617339	5634188
ENSG00000118407:ILMN_1657039:FILIP1	36	9	6	76005626	76203496
ENSG00000142230:ILMN_1657204:SAE1	37	13	19	47634116	47713532
ENSG00000170624:ILMN_1657254:SGCD	37	17	5	155753767	156194796
ENSG00000165078:ILMN_1657295:CPA6	37	19	8	68334405	68658620
ENSG00000166006:ILMN_1657440:KCNC2	38	17	12	75433896	75603511
ENSG00000100784:ILMN_1657515:RPS6KA5	39	7	14	91337172	91526993
ENSG00000144554:ILMN_1657634:FANCD2	39	24	3	10068098	10143614
ENSG00000178761:ILMN_1657744:C15orf17	40	17	15	75192329	75199462
ENSG00000100664:ILMN_1657769:EIF5	40	24	14	103800493	103811359
ENSG00000116754:ILMN_1657790:SFRS11	41	2	1	70671365	70718735
ENSG00000101444:ILMN_1657862:AHCY	41	16	20	32868074	32891154
ENSG00000161791:ILMN_1657955:FMNL3	42	4	12	50031724	50101197
ENSG00000189144:ILMN_1658080:ZNF573	42	20	19	38229203	38307940
ENSG00000165572:ILMN_1658104:KBTBD6	42	24	13	41701705	41706882
ENSG00000198604:ILMN_1658327:BAZ1A	44	14	14	35221938	35344853
ENSG00000136542:ILMN_1658575:GALNT5	46	3	2	158114110	158170723
ENSG00000124635:ILMN_1658702:HIST1H2BJ	47	2	6	27100095	27100563
ENSG00000174307:ILMN_1659106:PHLDA3	49	20	1	201434620	201438365
ENSG00000176884:ILMN_1659199:GRIN1	50	7	9	140032842	140063207
ENSG00000131759:ILMN_1659206:RARA	50	9	17	38465436	38513895
ENSG00000155097:ILMN_1659801:ATP6V1C1	53	17	8	104033248	104085285
ENSG00000087053:ILMN_1659952:MTMR2	54	18	11	95566046	95658479
ENSG00000072694:ILMN_1660027:FCGR2B	55	8	1	161551136	161648444
ENSG00000171631:ILMN_1660031:P2RY6	55	9	11	72975570	73009644
ENSG00000115350:ILMN_1660063:POLE4	55	12	2	75185619	75197255
ENSG00000111269:ILMN_1660223:CREBL2	56	5	12	12764831	12798041
ENSG00000182541:ILMN_1660624:LIMK2	58	12	22	31608225	31676066
ENSG00000120438:ILMN_1660661:TCP1	58	18	6	160199530	160210741
ENSG00000168461:ILMN_1660691:RAB31	58	20	18	9708228	9862553
ENSG00000067842:ILMN_1660741:ATP2B3	59	6	23	152783134	152848397
ENSG00000187848:ILMN_1660816:P2RX2	59	16	12	133195403	133198972
ENSG00000115361:ILMN_1660890:ACADL	60	9	2	211052663	211090215
ENSG00000074211:ILMN_1661129:PPP2R2C	61	11	4	6322308	6474173
ENSG00000169696:ILMN_1661860:ASPSCR1	65	24	17	79935426	79975280
ENSG00000118263:ILMN_1662023:KLF7	66	23	2	207938861	208031991
ENSG00000133424:ILMN_1662038:LARGE	67	1	22	33561991	34318829
ENSG00000107021:ILMN_1662161:TBC1D13	67	21	9	131549483	131572711
ENSG00000168763:ILMN_1662328:CNNM3	68	17	2	97481982	97499648
ENSG00000187134:ILMN_1662507:AKR1C1	69	24	10	5000044	5022159
ENSG00000164574:ILMN_1662556:GALNT10	70	1	5	153570290	153800544
ENSG00000121057:ILMN_1662598:AKAP1	70	5	17	55162551	55198710
ENSG00000107679:ILMN_1662839:PLEKHA1	71	14	10	124134173	124191867
ENSG00000005421:ILMN_1662944:PON1	72	13	7	94926988	94954019
ENSG00000124440:ILMN_1663015:HIF3A	73	0	19	46800303	46846690
ENSG00000119048:ILMN_1663099:UBE2B	73	12	5	133706870	133727683
ENSG00000155097:ILMN_1663257:ATP6V1C1	74	11	8	104033248	104085285
ENSG00000082516:ILMN_1663383:GEMIN5	75	2	5	154266976	154317769
ENSG00000185052:ILMN_1663519:SLC24A3	75	23	20	19193290	19703545
ENSG00000168610:ILMN_1663618:STAT3	76	16	17	40465342	40540513
ENSG00000089472:ILMN_1663683:HEPH	77	1	23	65382391	65488709
ENSG00000198342:ILMN_1663754:ZNF442	77	13	19	12460185	12476719
ENSG00000120690:ILMN_1664010:ELF1	78	20	13	41506056	41635576
ENSG00000118194:ILMN_1664071:TNNT2	79	9	1	201328136	201346808
ENSG00000145740:ILMN_1664153:SLC30A5	79	18	5	68389788	68426896
ENSG00000108528:ILMN_1664168:SLC25A11	79	21	17	4840425	4843463
ENSG00000048740:ILMN_1664170:CUGBP2	79	22	10	11047259	11378666
ENSG00000181192:ILMN_1664369:DHTKD1	81	0	10	12110971	12165224
ENSG00000119547:ILMN_1664462:ONECUT2	81	11	18	55102917	55158530
ENSG00000233816:ILMN_1664595:IFNA13	82	5	9	21367371	21368075
ENSG00000109046:ILMN_1664802:WSB1	83	12	17	25621106	25640657
ENSG00000141086:ILMN_1664863:CTRL	83	22	16	67963473	67965770
ENSG00000119414:ILMN_1664921:PPP6C	84	7	9	127908852	127952218
ENSG00000107187:ILMN_1665011:LHX3	84	20	9	139088096	139096955
ENSG00000144642:ILMN_1665040:RBMS3	84	24	3	28880558	30046620
ENSG00000095303:ILMN_1665100:PTGS1	85	5	9	125133359	125157982
ENSG00000130649:ILMN_1665437:CYP2E1	87	6	10	135340876	135374724
ENSG00000165271:ILMN_1665442:NOL6	87	7	9	33461354	33473941
ENSG00000135776:ILMN_1665730:ABCB10	88	20	1	229652329	229694442
ENSG00000124207:ILMN_1665797:CSE1L	89	7	20	47662838	47713489
ENSG00000110987:ILMN_1665996:BCL7A	90	11	12	122459861	122499950
ENSG00000182601:ILMN_1665998:HS3ST4	90	12	16	25703347	26149009
ENSG00000142677:ILMN_1666175:IL22RA1	91	10	1	24446261	24469611
ENSG00000111424:ILMN_1666203:VDR	91	17	12	48235322	48298814
ENSG00000166260:ILMN_1666280:COX11	92	2	17	53029267	53046054
ENSG00000165731:ILMN_1666314:RET	92	5	10	43572475	43625799
ENSG00000128915:ILMN_1666610:NARG2	94	1	15	60711808	60771344
ENSG00000082482:ILMN_1666656:KCNK2	94	12	1	215179118	215410436
ENSG00000083828:ILMN_1666727:ZNF586	94	24	19	58281025	58291984
ENSG00000147894:ILMN_1666742:C9orf72	95	4	9	27546544	27573864
ENSG00000173546:ILMN_1666894:CSPG4	96	0	15	75966663	76005189
ENSG00000158828:ILMN_1666924:PINK1	96	4	1	20959948	20978004
ENSG00000185122:ILMN_1667060:HSF1	97	1	8	145515270	145538384
ENSG00000112146:ILMN_1667120:FBXO9	97	12	6	52916789	52965671
ENSG00000117118:ILMN_1667257:SDHB	98	5	1	17345217	17380665
ENSG00000178537:ILMN_1667429:SLC25A20	99	4	3	48894369	48936426
ENSG00000123505:ILMN_1667994:AMD1	101	22	6	111195973	111216916
ENSG00000123444:ILMN_1668000:KBTBD4	101	23	11	47593750	47600567
ENSG00000147571:ILMN_1668035:CRH	102	3	8	67088637	67090846
ENSG00000115641:ILMN_1668411:FHL2	103	21	2	105974169	106054960
ENSG00000113580:ILMN_1668525:NR3C1	104	14	5	142657496	142815077
ENSG00000118058:ILMN_1668683:MLL	105	14	11	118307205	118395936
ENSG00000112214:ILMN_1669023:FHL5	107	8	6	97010460	97064444
ENSG00000135390:ILMN_1669102:ATP5G2	107	19	12	54058950	54071182
ENSG00000182324:ILMN_1669446:KCNJ14	110	8	19	48958766	48969367
ENSG00000204961:ILMN_1669474:PCDHA9	110	13	5	140227357	140233515
ENSG00000170345:ILMN_1669523:FOS	110	21	14	75745531	75748932
ENSG00000143727:ILMN_1669633:ACP1	111	15	2	264140	278283
ENSG00000149131:ILMN_1670305:SERPING1	115	18	11	57364860	57382326
ENSG00000111907:ILMN_1670719:TPD52L1	118	13	6	125474879	125585553
ENSG00000109519:ILMN_1670817:GRPEL1	119	8	4	7061781	7069803
ENSG00000183196:ILMN_1670881:CHST6	119	20	16	75507022	75529282
ENSG00000119714:ILMN_1671142:GPR68	121	6	14	91698877	91720224
ENSG00000160087:ILMN_1671362:UBE2J2	122	16	1	1189289	1209265
ENSG00000151322:ILMN_1671398:NPAS3	122	23	14	33408449	34273382
ENSG00000135900:ILMN_1671452:MRPL44	123	4	2	224822121	224832431
ENSG00000143891:ILMN_1671482:GALM	123	10	2	38893052	38968379
ENSG00000120265:ILMN_1671621:PCMT1	124	4	6	150070579	150132556
ENSG00000112679:ILMN_1671809:DUSP22	125	5	6	292053	351355
ENSG00000170166:ILMN_1672091:HOXD4	126	14	2	177016113	177018205
ENSG00000117298:ILMN_1672174:ECE1	127	3	1	21543740	21671997
ENSG00000102010:ILMN_1672307:BMX	127	17	23	15482369	15574652
ENSG00000148737:ILMN_1672486:TCF7L2	128	14	10	114710009	114927437
ENSG00000086061:ILMN_1672496:DNAJA1	128	15	9	33025209	33039905
ENSG00000077942:ILMN_1672536:FBLN1	128	19	22	45898118	45997015
ENSG00000099331:ILMN_1672547:MYO9B	128	22	19	17212466	17324103
ENSG00000185033:ILMN_1672589:SEMA4B	129	4	15	90728152	90772892
ENSG00000050820:ILMN_1672596:BCAR1	129	6	16	75262928	75301951
ENSG00000162407:ILMN_1672608:PPAP2B	129	9	1	56960419	57110974
ENSG00000135899:ILMN_1672661:SP110	129	17	2	231032009	231090444
ENSG00000144136:ILMN_1672662:SLC20A1	129	18	2	113403434	113421404
ENSG00000167977:ILMN_1672728:KCTD5	129	24	16	2732498	2759031
ENSG00000205726:ILMN_1672741:ITSN1	130	1	21	35014706	35272165
ENSG00000161082:ILMN_1672871:BRUNOL5	130	18	19	3224701	3297071
ENSG00000114867:ILMN_1672902:EIF4G1	130	24	3	184032283	184053146
ENSG00000181045:ILMN_1672930:SLC26A11	131	4	17	78194229	78227299
ENSG00000113555:ILMN_1673129:PCDH12	132	3	5	141323150	141338627
ENSG00000165934:ILMN_1673185:CPSF2	132	11	14	92588329	92630543
ENSG00000185201:ILMN_1673352:IFITM2	133	11	11	308107	309409
ENSG00000101363:ILMN_1673944:MANBAL	137	13	20	35918041	35945663
ENSG00000068650:ILMN_1674217:ATP11A	139	1	13	113344643	113541482
ENSG00000167772:ILMN_1674376:ANGPTL4	140	2	19	8429011	8439257
ENSG00000134308:ILMN_1674385:YWHAQ	140	4	2	9724101	9771143
ENSG00000070610:ILMN_1674560:GBA2	140	24	9	35736863	35749225
ENSG00000115524:ILMN_1674780:SF3B1	142	7	2	198256698	198299815
ENSG00000104918:ILMN_1675190:RETN	144	7	19	7733972	7735340
ENSG00000179820:ILMN_1675345:MYADM	145	5	19	54369477	54379691
ENSG00000144504:ILMN_1675483:ANKMY1	146	8	2	241418839	241508626
ENSG00000125447:ILMN_1675982:GGA3	148	20	17	73232695	73257677
ENSG00000134602:ILMN_1676159:STK3	149	12	23	131157245	131209971
ENSG00000144118:ILMN_1676358:RALB	150	22	2	120997640	121052284
ENSG00000081059:ILMN_1676470:TCF7	151	17	5	133450402	133483920
ENSG00000171885:ILMN_1676649:AQP4	152	15	18	24432002	24445749
ENSG00000069188:ILMN_1676709:SDK2	153	0	17	71330523	71640227
ENSG00000070718:ILMN_1676946:AP3M2	154	7	8	42010464	42028701
ENSG00000105397:ILMN_1676955:TYK2	154	8	19	10461205	10489184
ENSG00000115524:ILMN_1677165:SF3B1	155	13	2	198256698	198299815
ENSG00000131759:ILMN_1677197:RARA	155	17	17	38465436	38513895
ENSG00000139318:ILMN_1677466:DUSP6	157	1	12	89741839	89746296
ENSG00000139629:ILMN_1677574:GALNT6	157	17	12	51745833	51785200
ENSG00000144227:ILMN_1677624:NXPH2	158	0	2	139428342	139537918
ENSG00000180205:ILMN_1677734:WFDC9	158	12	20	44236578	44259907
ENSG00000168118:ILMN_1677824:RAB4A	159	3	1	229406822	229441641
ENSG00000081059:ILMN_1677846:TCF7	159	8	5	133450402	133483920
ENSG00000100938:ILMN_1677919:GMPR2	159	17	14	24701648	24708445
ENSG00000171723:ILMN_1677962:GPHN	160	0	14	66974125	67648520
ENSG00000152457:ILMN_1678464:DCLRE1C	162	15	10	14939358	14996431
ENSG00000148700:ILMN_1678501:ADD3	162	19	10	111756126	111895323
ENSG00000091831:ILMN_1678535:ESR1	162	24	6	151977826	152450754
ENSG00000115641:ILMN_1678643:FHL2	163	13	2	105974169	106054960
ENSG00000162607:ILMN_1678684:USP1	163	20	1	62901968	62917475
ENSG00000101773:ILMN_1678695:RBBP8	163	23	18	20513290	20606449
ENSG00000186340:ILMN_1678842:THBS2	165	0	6	169615875	169654139
ENSG00000196968:ILMN_1678862:FUT11	165	1	10	75532049	75538821
ENSG00000101084:ILMN_1679195:C20orf24	166	24	20	35234137	35240960
ENSG00000156599:ILMN_1679358:ZDHHC5	168	1	11	57435368	57468659
ENSG00000013573:ILMN_1679413:DDX11	168	10	12	31226779	31257725
ENSG00000138297:ILMN_1679555:TIMM23	169	4	10	51592080	51623365
ENSG00000139370:ILMN_1679731:SLC15A4	170	5	12	129277739	129308541
ENSG00000104341:ILMN_1680196:LAPTM4B	173	9	8	98787809	98864826
ENSG00000182450:ILMN_1680212:KCNK4	173	10	11	64058793	64067502
ENSG00000203663:ILMN_1680225:OR2L2	173	13	1	248201474	248202607
ENSG00000170502:ILMN_1680239:NUDT9	173	15	4	88343734	88380606
ENSG00000132692:ILMN_1680300:BCAN	173	22	1	156611182	156629324
ENSG00000166321:ILMN_1680420:NUDT13	174	24	10	74870217	74891586
ENSG00000074211:ILMN_1680507:PPP2R2C	175	11	4	6322308	6474173
ENSG00000116898:ILMN_1680703:MRPS15	176	10	1	36921319	36930038
ENSG00000174405:ILMN_1680714:LIG4	176	12	13	108859794	108870716
ENSG00000023572:ILMN_1680727:GLRX2	176	15	1	193065598	193075244
ENSG00000034152:ILMN_1680777:MAP2K3	177	1	17	21187984	21218552
ENSG00000185436:ILMN_1680805:IL28RA	177	4	1	24480647	24514449
ENSG00000214021:ILMN_1680899:TTLL3	177	14	3	9834777	9896822
ENSG00000012779:ILMN_1680996:ALOX5	178	4	10	45869675	45941561
ENSG00000105364:ILMN_1681230:MRPL4	179	7	19	10362640	10370736
ENSG00000152520:ILMN_1681304:PAN3	179	18	13	28713170	28869472
ENSG00000149925:ILMN_1681374:ALDOA	179	24	16	30064444	30081741
ENSG00000023445:ILMN_1681644:BIRC3	181	12	11	102188194	102208448
ENSG00000166135:ILMN_1681812:HIF1AN	182	13	10	102295616	102309763
ENSG00000164574:ILMN_1681984:GALNT10	183	11	5	153570290	153800544
ENSG00000159899:ILMN_1681994:NPR2	183	12	9	35792151	35809729
ENSG00000125813:ILMN_1682096:PAX1	183	24	20	21686297	21696620
ENSG00000183036:ILMN_1682326:PCP4	185	18	21	41239243	41301322
ENSG00000141956:ILMN_1682491:PRDM15	186	14	21	43218385	43299591
ENSG00000114861:ILMN_1682495:FOXP1	186	16	3	71003844	71633140
ENSG00000078401:ILMN_1682775:EDN1	188	3	6	12290596	12297427
ENSG00000214021:ILMN_1682818:TTLL3	188	12	3	9834777	9896822
ENSG00000158006:ILMN_1682919:PAFAH2	188	23	1	26286258	26324648
ENSG00000205220:ILMN_1683026:PSMB10	189	18	16	67968405	67970990
ENSG00000100784:ILMN_1683097:RPS6KA5	190	5	14	91337172	91526993
ENSG00000174446:ILMN_1683273:SNAPC5	191	9	15	66782666	66790146
ENSG00000124587:ILMN_1683279:PEX6	191	11	6	42931608	42946958
ENSG00000136247:ILMN_1683544:ZDHHC4	193	1	7	6617065	6629005
ENSG00000161955:ILMN_1683700:TNFSF13	194	1	17	7461609	7464925
ENSG00000106852:ILMN_1683752:LHX6	194	4	9	124964856	124991220
ENSG00000166106:ILMN_1683781:ADAMTS15	194	10	11	130318869	130343716
ENSG00000139514:ILMN_1683859:SLC7A1	194	22	13	30083547	30169721
ENSG00000174780:ILMN_1683888:SRP72	195	3	4	57333502	57369273
ENSG00000081059:ILMN_1683986:TCF7	195	20	5	133450402	133483920
ENSG00000166342:ILMN_1684081:NETO1	196	12	18	70409671	70535184
ENSG00000135847:ILMN_1684271:ACBD6	197	12	1	180244515	180472089
ENSG00000029534:ILMN_1684694:ANK1	199	23	8	41510739	41754280
ENSG00000131016:ILMN_1684836:AKAP12	200	16	6	151561134	151679692
ENSG00000004799:ILMN_1684982:PDK4	201	12	7	95212811	95225803
ENSG00000111077:ILMN_1685042:TENC1	201	21	12	53440810	53458163
ENSG00000064886:ILMN_1685045:CHI3L2	201	24	1	111770232	111786062
ENSG00000134250:ILMN_1685445:NOTCH2	204	15	1	120454176	120612274
ENSG00000182901:ILMN_1685496:RGS7	204	22	1	240938815	241520530
ENSG00000121716:ILMN_1685534:PILRB	204	24	7	99933702	99965454
ENSG00000111642:ILMN_1685551:CHD4	205	1	12	6679249	6716551
ENSG00000140157:ILMN_1685742:NIPA2	206	15	15	23004684	23034408
ENSG00000152932:ILMN_1685750:RAB3C	206	16	5	57878914	58155213
ENSG00000165629:ILMN_1685774:ATP5C1	206	20	10	7830092	7849778
ENSG00000197122:ILMN_1685898:SRC	207	17	20	35973088	36034453
ENSG00000173894:ILMN_1686237:CBX2	209	4	17	77751993	77761378
ENSG00000100031:ILMN_1686531:GGT1	210	17	22	24979718	25024972
ENSG00000010810:ILMN_1686555:FYN	210	21	6	111981535	112194655
ENSG00000100697:ILMN_1686725:DICER1	211	14	14	95552566	95623759
ENSG00000182450:ILMN_1686791:KCNK4	211	20	11	64058793	64067502
ENSG00000131016:ILMN_1686846:AKAP12	211	24	6	151561134	151679692
ENSG00000077942:ILMN_1686952:FBLN1	212	14	22	45898118	45997015
ENSG00000007237:ILMN_1687018:GAS7	213	1	17	9813926	10101868
ENSG00000123444:ILMN_1687092:KBTBD4	213	13	11	47593750	47600567
ENSG00000008394:ILMN_1687387:MGST1	215	1	12	16500076	16517343
ENSG00000144909:ILMN_1687410:OSBPL11	215	9	3	125247702	125313934
ENSG00000124440:ILMN_1687481:HIF3A	215	17	19	46800303	46846690
ENSG00000164904:ILMN_1687508:ALDH7A1	215	21	5	125877533	125931110
ENSG00000110090:ILMN_1687589:CPT1A	216	10	11	68522090	68609399
ENSG00000105967:ILMN_1687749:TFEC	217	0	7	115575202	115799950
ENSG00000101294:ILMN_1687833:HM13	217	11	20	30102231	30157370
ENSG00000122707:ILMN_1688630:RECK	222	13	9	36036430	36124448
ENSG00000197459:ILMN_1688666:HIST1H2BH	222	22	6	26251879	26252303
ENSG00000106809:ILMN_1688838:OGN	223	16	9	95146249	95166978
ENSG00000145675:ILMN_1689057:PIK3R1	224	19	5	67522462	67597649
ENSG00000173418:ILMN_1689097:NAT5	225	0	20	19997760	20014299
ENSG00000107562:ILMN_1689111:CXCL12	225	4	10	44865613	44881941
ENSG00000107551:ILMN_1690566:RASSF4	233	0	10	45454855	45490172
ENSG00000118137:ILMN_1690884:APOA1	234	19	11	116706467	116708666
ENSG00000186017:ILMN_1691223:ZNF566	236	21	19	36936021	36980804
ENSG00000110851:ILMN_1691432:PRDM4	238	2	12	108126644	108154914
ENSG00000145675:ILMN_1691433:PIK3R1	238	3	5	67522462	67597649
ENSG00000106605:ILMN_1691436:BLVRA	238	4	7	43798279	43846939
ENSG00000104067:ILMN_1691499:TJP1	238	19	15	29991571	30248497
ENSG00000205302:ILMN_1691575:SNX2	239	7	5	122110750	122165800
ENSG00000152578:ILMN_1692094:GRIA4	242	4	11	105480800	105852819
ENSG00000166006:ILMN_1692156:KCNC2	242	15	12	75433896	75603511
ENSG00000173418:ILMN_1692169:NAT5	242	21	20	19997760	20014299
ENSG00000146054:ILMN_1692247:TRIM7	243	1	5	180620924	180632293
ENSG00000152904:ILMN_1692276:GGPS1	243	5	1	235490665	235507847
ENSG00000129315:ILMN_1692390:CCNT1	243	20	12	49086752	49110781
ENSG00000102103:ILMN_1692429:PQBP1	244	0	23	48755195	48760420
ENSG00000161791:ILMN_1692678:FMNL3	245	4	12	50031724	50101197
ENSG00000073861:ILMN_1692714:TBX21	245	11	17	45810610	45823485
ENSG00000065320:ILMN_1692927:NTN1	246	14	17	8924859	9147317
ENSG00000122884:ILMN_1693334:P4HA1	248	18	10	74766975	74856732
ENSG00000067842:ILMN_1693481:ATP2B3	249	18	23	152783134	152848397
ENSG00000013375:ILMN_1693620:PGM3	250	15	6	83876306	83902982
ENSG00000174405:ILMN_1693758:LIG4	251	11	13	108859794	108870716
ENSG00000104369:ILMN_1693985:JPH1	252	15	8	75146939	75233562
ENSG00000160087:ILMN_1693991:UBE2J2	252	17	1	1189289	1209265
ENSG00000186638:ILMN_1694126:KIF24	253	15	9	34252379	34329198
ENSG00000151366:ILMN_1694274:NDUFC2	254	12	11	77779403	77791265
ENSG00000065268:ILMN_1694479:WDR18	255	14	19	984328	994569
ENSG00000070371:ILMN_1694584:CLTCL1	256	10	22	19166986	19279239
ENSG00000144320:ILMN_1695087:KIAA1715	259	8	2	176788620	176867567
ENSG00000105552:ILMN_1695110:BCAT2	259	13	19	49298322	49314301
ENSG00000105011:ILMN_1695414:ASF1B	261	1	19	14230321	14247768
ENSG00000110619:ILMN_1696066:CARS	265	4	11	3022152	3078667
ENSG00000169282:ILMN_1696189:KCNAB1	265	23	3	155755490	156256927
ENSG00000110090:ILMN_1696316:CPT1A	266	16	11	68522090	68609399
ENSG00000138413:ILMN_1696432:IDH1	267	9	2	209100951	209130798
ENSG00000152778:ILMN_1696654:IFIT5	268	24	10	91174343	91180758
ENSG00000160789:ILMN_1696749:LMNA	269	19	1	156052369	156109880
ENSG00000162607:ILMN_1696975:USP1	270	18	1	62901968	62917475
ENSG00000114349:ILMN_1697315:GNAT1	272	3	3	50229043	50233949
ENSG00000117289:ILMN_1697448:TXNIP	272	20	1	145438469	145442635
ENSG00000124193:ILMN_1697469:SFRS6	272	24	20	42086504	42092245
ENSG00000197119:ILMN_1697544:SLC25A29	273	11	14	100757448	100772870
ENSG00000100138:ILMN_1697614:NHP2L1	273	22	22	42069934	42086508
ENSG00000156738:ILMN_1697830:MS4A1	275	15	11	60223282	60238225
ENSG00000126895:ILMN_1698324:AVPR2	278	8	23	153167985	153172620
ENSG00000156650:ILMN_1698441:MYST4	278	22	10	76585340	76792380
ENSG00000166411:ILMN_1698533:IDH3A	279	13	15	78441663	78464291
ENSG00000106683:ILMN_1698649:LIMK1	279	23	7	73497263	73536855
ENSG00000143970:ILMN_1698968:ASXL2	281	16	2	25960557	26101385
ENSG00000057252:ILMN_1699100:SOAT1	282	7	1	179262937	179327815
ENSG00000197375:ILMN_1699357:SLC22A5	283	9	5	131705401	131731306
ENSG00000083312:ILMN_1699820:TNPO1	286	5	5	72112415	72212560
ENSG00000136783:ILMN_1700159:NIPSNAP3A	287	21	9	107509969	107522403
ENSG00000103199:ILMN_1700238:ZNF500	288	8	16	4800815	4817166
ENSG00000077942:ILMN_1700541:FBLN1	289	24	22	45898118	45997015
ENSG00000174483:ILMN_1700822:DPP3	291	16	11	66247880	66301084
ENSG00000143819:ILMN_1701025:EPHX1	292	13	1	225997794	226033260
ENSG00000172530:ILMN_1701216:BANP	293	10	16	87984042	88110924
ENSG00000133321:ILMN_1701613:RARRES3	295	14	11	63304273	63313929
ENSG00000085662:ILMN_1701731:AKR1B1	296	7	7	134127127	134144036
ENSG00000197857:ILMN_1701852:ZNF44	296	20	19	12353948	12405702
ENSG00000182771:ILMN_1701993:GRID1	297	23	10	87359312	88126250
ENSG00000120087:ILMN_1702125:HOXB7	298	18	17	46684605	46710934
ENSG00000135905:ILMN_1702301:DOCK10	299	22	2	225629807	225907330
ENSG00000204961:ILMN_1702420:PCDHA9	300	15	5	140227357	140233515
ENSG00000144642:ILMN_1702681:RBMS3	301	21	3	28880558	30046620
ENSG00000169359:ILMN_1702683:SLC33A1	301	22	3	155544305	155572218
ENSG00000173692:ILMN_1702837:PSMD1	303	4	2	231921578	232037541
ENSG00000170624:ILMN_1702861:SGCD	303	8	5	155753767	156194796
ENSG00000112146:ILMN_1702928:FBXO9	303	15	6	52916789	52965671
ENSG00000171951:ILMN_1703178:SCG2	305	4	2	224461658	224467221
ENSG00000124205:ILMN_1703205:EDN3	305	11	20	57875482	57901047
ENSG00000079263:ILMN_1703263:SP140	305	18	2	231090445	231265029
ENSG00000134369:ILMN_1703374:NAV1	306	7	1	201592411	201796097
ENSG00000122008:ILMN_1703474:POLK	306	20	5	74807657	74896969
ENSG00000166762:ILMN_1703507:CATSPER2	307	0	15	43920701	43960316
ENSG00000203747:ILMN_1703679:FCGR3A	307	19	1	161511549	161520527
ENSG00000057149:ILMN_1703855:SERPINB3	308	19	18	61322431	61329197
ENSG00000125863:ILMN_1703916:MKKS	309	4	20	10385428	10414870
ENSG00000108424:ILMN_1703949:KPNB1	309	7	17	45727275	45760998
ENSG00000156804:ILMN_1703955:FBXO32	309	8	8	124515359	124553446
ENSG00000157181:ILMN_1704222:C1orf27	310	16	1	186344970	186390507
ENSG00000089327:ILMN_1704286:FXYD5	311	0	19	35645627	35660786
ENSG00000100596:ILMN_1704290:SPTLC2	311	1	14	77973272	78083110
ENSG00000106302:ILMN_1704598:HYAL4	312	20	7	123469037	123517532
ENSG00000180769:ILMN_1704692:C4orf12	313	12	4	85887538	85932430
ENSG00000123453:ILMN_1704973:SARDH	314	17	9	136528682	136605077
ENSG00000178031:ILMN_1705250:ADAMTSL1	316	4	9	18473892	18910948
ENSG00000167600:ILMN_1705403:CYP2S1	317	1	19	41699115	41713443
ENSG00000143995:ILMN_1705685:MEIS1	318	15	2	66660584	66799891
ENSG00000001626:ILMN_1705813:CFTR	319	10	7	117119358	117308719
ENSG00000182324:ILMN_1706207:KCNJ14	321	6	19	48958766	48969367
ENSG00000124207:ILMN_1706238:CSE1L	321	10	20	47662838	47713489
ENSG00000103253:ILMN_1706262:HAGHL	321	12	16	776958	797295
ENSG00000165731:ILMN_1706301:RET	321	18	10	43572475	43625799
ENSG00000130958:ILMN_1706571:SLC35D2	323	6	9	99082988	99145992
ENSG00000137204:ILMN_1706615:SLC22A7	323	16	6	43263432	43273276
ENSG00000114026:ILMN_1706652:OGG1	323	22	3	9791628	9829903
ENSG00000149591:ILMN_1706783:TAGLN	324	14	11	117070040	117075507
ENSG00000110987:ILMN_1706886:BCL7A	325	4	12	122459861	122499950
ENSG00000178031:ILMN_1706992:ADAMTSL1	325	18	9	18473892	18910948
ENSG00000081059:ILMN_1707005:TCF7	325	20	5	133450402	133483920
ENSG00000151514:ILMN_1707065:SALL3	325	24	18	76740275	76757397
ENSG00000134243:ILMN_1707077:SORT1	326	1	1	109852192	109940573
ENSG00000188783:ILMN_1707380:PRELP	327	17	1	203444883	203460480
ENSG00000075407:ILMN_1707596:ZNF37A	328	15	10	38383264	38412276
ENSG00000167772:ILMN_1707727:ANGPTL4	329	7	19	8429011	8439257
ENSG00000102125:ILMN_1707791:TAZ	329	16	23	153639854	153650065
ENSG00000127311:ILMN_1707945:HELB	330	8	12	66696360	66732003
ENSG00000127688:ILMN_1708103:GAN	331	4	16	81348575	81413940
ENSG00000106462:ILMN_1708105:EZH2	331	5	7	148504475	148581413
ENSG00000064666:ILMN_1708486:CNN2	333	9	19	1026298	1039060
ENSG00000175175:ILMN_1708508:PPM1E	333	12	17	56833232	57062532
ENSG00000205030:ILMN_1708583:OR5L2	333	22	11	55594695	55595630
ENSG00000120437:ILMN_1708672:ACAT2	334	5	6	160181360	160200087
ENSG00000111332:ILMN_1708728:H2AFJ	334	9	12	14927349	14928345
ENSG00000124151:ILMN_1708805:NCOA3	334	20	20	46130646	46285616
ENSG00000107551:ILMN_1708890:RASSF4	335	4	10	45454855	45490172
ENSG00000163820:ILMN_1709032:FYCO1	336	2	3	45959396	46037316
ENSG00000135678:ILMN_1709440:CPM	338	13	12	69244960	69326664
ENSG00000173894:ILMN_1709645:CBX2	339	10	17	77751993	77761378
ENSG00000145740:ILMN_1709728:SLC30A5	339	21	5	68389788	68426896
ENSG00000100138:ILMN_1709809:NHP2L1	340	8	22	42069934	42086508
ENSG00000110090:ILMN_1710052:CPT1A	341	8	11	68522090	68609399
ENSG00000157827:ILMN_1710116:FMNL2	341	13	2	153191751	153506348
ENSG00000074266:ILMN_1710150:EED	341	16	11	85955815	85989778
ENSG00000084234:ILMN_1710482:APLP2	343	1	11	129939716	130014703
ENSG00000148498:ILMN_1710524:PARD3	343	5	10	34398489	35104249
ENSG00000077942:ILMN_1710815:FBLN1	344	20	22	45898118	45997015
ENSG00000198576:ILMN_1711120:ARC	346	12	8	143692410	143695833
ENSG00000149131:ILMN_1711272:SERPING1	347	9	11	57364860	57382326
ENSG00000105967:ILMN_1711332:TFEC	347	19	7	115575202	115799950
ENSG00000144554:ILMN_1712122:FANCD2	352	7	3	10068098	10143614
ENSG00000013573:ILMN_1712513:DDX11	354	7	12	31226779	31257725
ENSG00000121057:ILMN_1712530:AKAP1	354	12	17	55162551	55198710
ENSG00000111961:ILMN_1712673:SASH1	355	13	6	148593440	148873186
ENSG00000153944:ILMN_1713088:MSI2	358	6	17	55333931	55757299
ENSG00000104415:ILMN_1713499:WISP1	360	8	8	134203312	134241569
ENSG00000092421:ILMN_1713529:SEMA6A	360	12	5	115779251	115910551
ENSG00000106785:ILMN_1713542:TRIM14	360	15	9	100831557	100881494
ENSG00000117643:ILMN_1713807:MAN1C1	361	23	1	25943959	26112698
ENSG00000160339:ILMN_1714057:FCN2	363	2	9	137772654	137779924
ENSG00000111907:ILMN_1714383:TPD52L1	364	14	6	125474879	125585553
ENSG00000013561:ILMN_1714461:RNF14	365	6	5	141346437	141369856
ENSG00000089472:ILMN_1714523:HEPH	365	13	23	65382391	65488709
ENSG00000146267:ILMN_1715096:C6orf168	368	12	6	99728536	99797938
ENSG00000106852:ILMN_1715189:LHX6	369	1	9	124964856	124991220
ENSG00000143851:ILMN_1715214:PTPN7	369	5	1	202116141	202130716
ENSG00000171150:ILMN_1715584:SOCS5	371	0	2	46926091	46990268
ENSG00000131759:ILMN_1716176:RARA	374	11	17	38465436	38513895
ENSG00000164211:ILMN_1716224:STARD4	374	15	5	110831731	110848208
ENSG00000162998:ILMN_1716246:FRZB	374	20	2	183698002	183731890
ENSG00000143125:ILMN_1716259:PROK1	374	22	1	110993822	110999976
ENSG00000153902:ILMN_1716461:LGI4	376	7	19	35615417	35633355
ENSG00000151790:ILMN_1716859:TDO2	378	12	4	156824847	156841550
ENSG00000106399:ILMN_1716895:RPA3	378	17	7	7676149	7758238
ENSG00000171469:ILMN_1717049:ZNF561	379	15	19	9715356	9732075
ENSG00000112146:ILMN_1717063:FBXO9	379	18	6	52916789	52965671
ENSG00000182324:ILMN_1717327:KCNJ14	381	3	19	48958766	48969367
ENSG00000141968:ILMN_1717334:VAV1	381	4	19	6772722	6857371
ENSG00000121853:ILMN_1717492:GHSR	381	22	3	172162923	172166246
ENSG00000124780:ILMN_1717702:KCNK17	382	16	6	39266777	39282237
ENSG00000205038:ILMN_1717886:PKHD1L1	383	13	8	110374706	110543500
ENSG00000204956:ILMN_1717967:PCDHGA1	384	3	5	140710204	140712819
ENSG00000122786:ILMN_1717990:CALD1	384	8	7	134429003	134655470
ENSG00000121742:ILMN_1718671:GJB6	387	17	13	20796110	20806534
ENSG00000125863:ILMN_1718718:MKKS	387	24	20	10385428	10414870
ENSG00000205726:ILMN_1718769:ITSN1	388	5	21	35014706	35272165
ENSG00000128915:ILMN_1718830:NARG2	388	16	15	60711808	60771344
ENSG00000168118:ILMN_1718832:RAB4A	388	18	1	229406822	229441641
ENSG00000135750:ILMN_1718863:KCNK1	388	22	1	233749750	233808258
ENSG00000099860:ILMN_1718977:GADD45B	389	19	19	2476135	2478257
ENSG00000179776:ILMN_1719236:CDH5	391	11	16	66400525	66438686
ENSG00000091483:ILMN_1719392:FH	392	1	1	241660903	241683061
ENSG00000102362:ILMN_1719599:SYTL4	392	23	23	99929488	99987110
ENSG00000075651:ILMN_1719696:PLD1	393	12	3	171318195	171528740
ENSG00000140157:ILMN_1720344:NIPA2	396	15	15	23004684	23034408
ENSG00000138757:ILMN_1720422:G3BP2	396	18	4	76567966	76598624
ENSG00000175928:ILMN_1720511:LRRN1	397	9	3	3841121	3889387
ENSG00000006025:ILMN_1720865:OSBPL7	399	5	17	45884733	45899147
ENSG00000074410:ILMN_1720998:CA12	400	3	15	63613577	63674360
ENSG00000182450:ILMN_1721027:KCNK4	400	7	11	64058793	64067502
ENSG00000104415:ILMN_1721067:WISP1	400	13	8	134203312	134241569
ENSG00000164284:ILMN_1721138:GRPEL2	401	5	5	148724993	148734146
ENSG00000196132:ILMN_1721167:MYT1	401	10	20	62795827	62873604
ENSG00000131043:ILMN_1721225:C20orf4	401	14	20	34824381	34858840
ENSG00000100422:ILMN_1721325:CERK	401	22	22	47080308	47134158
ENSG00000105146:ILMN_1721333:AURKC	401	23	19	57742377	57746915
ENSG00000146618:ILMN_1721475:FERD3L	402	19	7	19184405	19185044
ENSG00000156966:ILMN_1721523:B3GNT7	402	22	2	232260254	232265875
ENSG00000114857:ILMN_1721621:NKTR	403	14	3	42642106	42690227
ENSG00000101365:ILMN_1721669:IDH3B	404	0	20	2639041	2644865
ENSG00000113742:ILMN_1722025:CPEB4	405	19	5	173315331	173388979
ENSG00000137757:ILMN_1722158:CASP5	406	16	11	104864962	104893895
ENSG00000007168:ILMN_1722276:PAFAH1B1	407	2	17	2496923	2588909
ENSG00000139117:ILMN_1722294:CPNE8	407	7	12	39045992	39301182
ENSG00000158089:ILMN_1722524:GALNT14	408	11	2	31133333	31378068
ENSG00000178031:ILMN_1722621:ADAMTSL1	408	22	9	18473892	18910948
ENSG00000081818:ILMN_1722673:PCDHB4	409	6	5	140501581	140505201
ENSG00000111077:ILMN_1722732:TENC1	409	16	12	53440810	53458163
ENSG00000198681:ILMN_1722830:MAGEA1	410	10	23	152481522	152486115
ENSG00000145423:ILMN_1722898:SFRP2	411	1	4	154701744	154710228
ENSG00000152926:ILMN_1723018:ZNF117	411	14	7	64437285	64467062
ENSG00000173391:ILMN_1723035:OLR1	411	16	12	10310904	10324790
ENSG00000068078:ILMN_1723123:FGFR3	412	2	4	1795034	1810598
ENSG00000112081:ILMN_1723212:SFRS3	412	13	6	36562090	36571209
ENSG00000171723:ILMN_1723607:GPHN	414	15	14	66974125	67648520
ENSG00000034053:ILMN_1723626:APBA2	414	17	15	29213840	29447484
ENSG00000140526:ILMN_1723662:ABHD2	414	19	15	89631405	89745591
ENSG00000149489:ILMN_1723743:ROM1	415	6	11	62380213	62382590
ENSG00000121716:ILMN_1723984:PILRB	416	8	7	99933702	99965454
ENSG00000101782:ILMN_1724700:RIOK3	420	16	18	21032787	21063104
ENSG00000137269:ILMN_1725680:LRRC1	425	15	6	53659295	53788919
ENSG00000132005:ILMN_1725787:RFX1	426	6	19	14072353	14117097
ENSG00000181585:ILMN_1726745:TMIE	431	8	3	46742823	46752376
ENSG00000138663:ILMN_1726755:COPS4	431	10	4	83956243	83996971
ENSG00000131626:ILMN_1727050:PPFIA1	433	3	11	70116823	70230500
ENSG00000178031:ILMN_1727084:ADAMTSL1	433	11	9	18473892	18910948
ENSG00000153086:ILMN_1727091:ACMSD	433	13	2	135596117	135659604
ENSG00000130720:ILMN_1727135:FIBCD1	433	19	9	133777825	133814673
ENSG00000146054:ILMN_1727364:TRIM7	435	13	5	180620924	180632293
ENSG00000180353:ILMN_1727402:HCLS1	435	18	3	121350246	121379791
ENSG00000071909:ILMN_1727490:MYO3B	436	3	2	171034655	171510991
ENSG00000111716:ILMN_1728132:LDHB	439	22	12	21788276	21810776
ENSG00000073464:ILMN_1728369:CLCN4	441	5	23	10125024	10205700
ENSG00000146678:ILMN_1728445:IGFBP1	441	13	7	45927956	45933267
ENSG00000128245:ILMN_1728512:YWHAH	441	23	22	32340447	32353590
ENSG00000101134:ILMN_1728572:DOK5	442	7	20	53092136	53267710
ENSG00000133028:ILMN_1728975:SCO1	444	9	17	10583654	10600885
ENSG00000170515:ILMN_1728984:PA2G4	444	12	12	56498103	56507693
ENSG00000147654:ILMN_1729144:EBAG9	445	3	8	110551929	110577387
ENSG00000188493:ILMN_1729546:C19orf54	447	2	19	41246761	41256408
ENSG00000197122:ILMN_1729987:SRC	449	4	20	35973088	36034453
ENSG00000176720:ILMN_1730032:BOK	449	11	2	242498136	242513546
ENSG00000184674:ILMN_1730054:GSTT1	449	17	22	24376133	24384680
ENSG00000127588:ILMN_1730256:GNG13	450	15	16	848041	850724
ENSG00000122786:ILMN_1730487:CALD1	451	12	7	134429003	134655470
ENSG00000157827:ILMN_1730491:FMNL2	451	13	2	153191751	153506348
ENSG00000070404:ILMN_1730670:FSTL3	452	17	19	676389	683392
ENSG00000144061:ILMN_1730796:NPHP1	453	10	2	110879888	110962643
ENSG00000172232:ILMN_1730867:AZU1	453	24	19	825097	832017
ENSG00000117009:ILMN_1730917:KMO	454	6	1	241695434	241758944
ENSG00000042781:ILMN_1731101:USH2A	455	10	1	215796236	216596738
ENSG00000135899:ILMN_1731418:SP110	457	6	2	231032009	231090444
ENSG00000164118:ILMN_1731453:KIAA1712	457	12	4	175205056	175254531
ENSG00000136169:ILMN_1731644:SETDB2	458	14	13	50018510	50066306
ENSG00000124253:ILMN_1731948:PCK1	459	24	20	56136136	56141513
ENSG00000184678:ILMN_1732071:HIST2H2BE	460	14	1	149856010	149858232
ENSG00000145740:ILMN_1732079:SLC30A5	460	15	5	68389788	68426896
ENSG00000132692:ILMN_1732154:BCAN	460	24	1	156611182	156629324
ENSG00000121381:ILMN_1732309:TAS2R9	461	17	12	10961693	10962767
ENSG00000129657:ILMN_1732575:SEC14L1	462	24	17	75137005	75213183
ENSG00000188827:ILMN_1732885:BTBD12	464	10	16	3631182	3661599
ENSG00000231192:ILMN_1732901:OR5H1	464	11	3	97851542	97852483
ENSG00000111799:ILMN_1733756:COL12A1	468	19	6	75794042	75915623
ENSG00000152284:ILMN_1733841:TCF7L1	469	3	2	85360533	85537511
ENSG00000107262:ILMN_1733970:BAG1	470	0	9	33247818	33264761
ENSG00000135577:ILMN_1735704:NMBR	478	17	6	142379467	142409936
ENSG00000135914:ILMN_1735764:HTR2B	478	24	2	231972944	231989832
ENSG00000121361:ILMN_1735779:KCNJ8	479	1	12	21917889	21927747
ENSG00000122687:ILMN_1735918:FTSJ2	479	14	7	2273866	2281848
ENSG00000080802:ILMN_1735959:CNOT4	479	17	7	135046549	135194851
ENSG00000123104:ILMN_1736103:ITPR2	480	17	12	26488285	26986131
ENSG00000115112:ILMN_1736527:TFCP2L1	482	15	2	121974163	122042783
ENSG00000149925:ILMN_1736700:ALDOA	483	15	16	30064444	30081741
ENSG00000160789:ILMN_1737394:LMNA	487	18	1	156052369	156109880
ENSG00000187140:ILMN_1737435:FOXD3	487	24	1	63788730	63790797
ENSG00000204956:ILMN_1737523:PCDHGA1	488	10	5	140710204	140712819
ENSG00000139190:ILMN_1737611:VAMP1	488	22	12	6571406	6580065
ENSG00000134007:ILMN_1737629:ADAM20	489	1	14	70989079	71001732
ENSG00000168438:ILMN_1737651:CDC40	489	8	6	110501344	110575478
ENSG00000111665:ILMN_1737728:CDCA3	489	23	12	6957972	6960456
ENSG00000023572:ILMN_1737912:GLRX2	490	14	1	193065598	193075244
ENSG00000114861:ILMN_1738179:FOXP1	491	24	3	71003844	71633140
ENSG00000108946:ILMN_1738632:PRKAR1A	494	17	17	66508110	66528908
ENSG00000104368:ILMN_1738742:PLAT	495	16	8	42032236	42065194
ENSG00000101773:ILMN_1739101:RBBP8	497	13	18	20513290	20606449
ENSG00000007908:ILMN_1739393:SELE	499	5	1	169691781	169703220
ENSG00000115464:ILMN_1739454:USP34	499	15	2	61414591	61697904
ENSG00000175213:ILMN_1739618:ZNF408	500	11	11	46722368	46727461
ENSG00000070371:ILMN_1739734:CLTCL1	501	0	22	19166986	19279239
ENSG00000181045:ILMN_1739751:SLC26A11	501	2	17	78194229	78227299
ENSG00000050165:ILMN_1739759:DKK3	501	4	11	11984547	12030917
ENSG00000156222:ILMN_1739925:SLC28A1	502	7	15	85427885	85489029
ENSG00000140009:ILMN_1740045:ESR2	502	22	14	64693753	64805268
ENSG00000129152:ILMN_1740048:MYOD1	502	23	11	17741110	17743675
ENSG00000112335:ILMN_1740180:SNX3	503	12	6	108532426	108582464
ENSG00000051341:ILMN_1740291:POLQ	504	9	3	121150274	121265488
ENSG00000108551:ILMN_1740426:RASD1	505	7	17	17397751	17399707
ENSG00000156113:ILMN_1740508:KCNMA1	505	21	10	78629360	79398353
ENSG00000144040:ILMN_1740604:SFXN5	506	6	2	73169165	73302747
ENSG00000239672:ILMN_1741133:NME1	509	1	17	49230897	49239556
ENSG00000165516:ILMN_1741204:KLHDC2	509	15	14	50234326	50249909
ENSG00000134709:ILMN_1741406:HOOK1	510	12	1	60280458	60342050
ENSG00000135093:ILMN_1741455:USP30	510	17	12	109460894	109525831
ENSG00000101144:ILMN_1741566:BMP7	511	7	20	55743804	55841685
ENSG00000111799:ILMN_1741695:COL12A1	511	24	6	75794042	75915623
ENSG00000147894:ILMN_1741881:C9orf72	512	17	9	27546544	27573864
ENSG00000058866:ILMN_1741960:DGKG	512	22	3	185823457	186080026
ENSG00000198604:ILMN_1742230:BAZ1A	514	16	14	35221938	35344853
ENSG00000164050:ILMN_1742330:PLXNB1	515	4	3	48445261	48471594
ENSG00000089225:ILMN_1742362:TBX5	515	9	12	114791736	114846247
ENSG00000182957:ILMN_1742824:SPATA13	517	20	13	24734861	24896096
ENSG00000154227:ILMN_1743142:LASS3	519	12	15	100940600	101084925
ENSG00000124103:ILMN_1744235:C20orf106	524	17	20	55092243	55101198
ENSG00000080815:ILMN_1744267:PSEN1	524	23	14	73603155	73687109
ENSG00000100804:ILMN_1744649:PSMB5	526	12	14	23495060	23504429
ENSG00000101849:ILMN_1744795:TBL1X	527	4	23	9431335	9687780
ENSG00000126581:ILMN_1744822:BECN1	527	8	17	40962150	40976310
ENSG00000164292:ILMN_1744949:RHOBTB3	528	3	5	95066879	95132071
ENSG00000169282:ILMN_1744968:KCNAB1	528	6	3	155755490	156256927
ENSG00000143621:ILMN_1745172:ILF2	529	15	1	153634512	153643524
ENSG00000171604:ILMN_1745256:CXXC5	529	20	5	139027946	139063465
ENSG00000095794:ILMN_1745318:CREM	529	24	10	35415719	35501886
ENSG00000160199:ILMN_1745365:PKNOX1	530	6	21	44394620	44453692
ENSG00000114439:ILMN_1745415:BBX	530	15	3	107241783	107530171
ENSG00000175899:ILMN_1745607:A2M	531	14	12	9220308	9268825
ENSG00000168329:ILMN_1745788:CX3CR1	532	15	3	39304985	39323186
ENSG00000076604:ILMN_1745976:TRAF4	533	19	17	27071036	27077974
ENSG00000007237:ILMN_1745994:GAS7	533	22	17	9813926	10101868
ENSG00000071626:ILMN_1746257:DAZAP1	535	4	19	1407584	1435683
ENSG00000071626:ILMN_1746526:DAZAP1	536	14	19	1407584	1435683
ENSG00000134352:ILMN_1746604:IL6ST	536	24	5	55230923	55290772
ENSG00000164970:ILMN_1746633:C9orf25	537	3	9	34398182	34458568
ENSG00000198963:ILMN_1746658:RORB	537	8	9	77112281	77302117
ENSG00000171453:ILMN_1746686:POLR1C	537	18	6	43484791	43497093
ENSG00000106823:ILMN_1746763:ECM2	538	3	9	95257594	95298937
ENSG00000130751:ILMN_1747067:NPAS1	539	16	19	47523101	47549033
ENSG00000180881:ILMN_1747105:CAPS2	539	20	12	75669759	75784702
ENSG00000129244:ILMN_1747271:ATP1B2	540	18	17	7554254	7561087
ENSG00000122884:ILMN_1747442:P4HA1	541	11	10	74766975	74856732
ENSG00000171885:ILMN_1747683:AQP4	542	7	18	24432002	24445749
ENSG00000109046:ILMN_1747759:WSB1	542	12	17	25621106	25640657
ENSG00000135297:ILMN_1748147:MTO1	544	3	6	74171301	74218959
ENSG00000124575:ILMN_1749789:HIST1H1D	552	10	6	26234440	26235216
ENSG00000185013:ILMN_1749827:NT5C1B	552	16	2	18736811	18770838
ENSG00000168314:ILMN_1750271:MOBP	555	5	3	39508689	39567859
ENSG00000080603:ILMN_1750641:SRCAP	557	1	16	30709530	30762702
ENSG00000114349:ILMN_1750901:GNAT1	558	11	3	50229043	50233949
ENSG00000125447:ILMN_1751135:GGA3	559	18	17	73232695	73257677
ENSG00000006025:ILMN_1751243:OSBPL7	560	6	17	45884733	45899147
ENSG00000113643:ILMN_1751378:RARS	560	21	5	167913450	167946306
ENSG00000151322:ILMN_1752550:NPAS3	566	23	14	33408449	34273382
ENSG00000104660:ILMN_1752591:LEPROTL1	567	7	8	29952922	29995222
ENSG00000117707:ILMN_1752622:PROX1	567	9	1	214156524	214214596
ENSG00000110799:ILMN_1752755:VWF	568	1	12	6058040	6233836
ENSG00000124508:ILMN_1752758:BTN2A2	568	2	6	26383324	26395102
ENSG00000129472:ILMN_1753002:RAB2B	569	6	14	21927179	21945132
ENSG00000132313:ILMN_1753016:MRPL35	569	11	2	86426580	86440917
ENSG00000113319:ILMN_1753377:RASGRF2	571	7	5	80256558	80525975
ENSG00000167720:ILMN_1753515:SRR	572	7	17	2207248	2228554
ENSG00000112539:ILMN_1753658:C6orf118	572	23	6	165693153	165723096
ENSG00000198569:ILMN_1754053:SLC34A3	575	2	9	140125385	140131006
ENSG00000100938:ILMN_1754788:GMPR2	578	21	14	24701648	24708445
ENSG00000067064:ILMN_1755075:IDI1	580	10	10	1085848	1095110
ENSG00000107611:ILMN_1755203:CUBN	580	24	10	16865963	17171830
ENSG00000203727:ILMN_1755215:SAMD5	581	0	6	147830063	147891157
ENSG00000137269:ILMN_1755383:LRRC1	581	20	6	53659295	53788919
ENSG00000102387:ILMN_1755638:TAF7L	582	19	23	100523241	100548045
ENSG00000102144:ILMN_1755749:PGK1	583	12	23	77320685	77384793
ENSG00000107864:ILMN_1755954:CPEB3	584	8	10	93808399	94050844
ENSG00000233224:ILMN_1756022:HIST1H2AM	584	14	6	27860477	27860963
ENSG00000102239:ILMN_1756165:BRS3	585	8	23	135570046	135575939
ENSG00000123999:ILMN_1756443:INHA	586	16	2	220433884	220440435
ENSG00000185013:ILMN_1756623:NT5C1B	587	9	2	18736811	18770838
ENSG00000146054:ILMN_1756657:TRIM7	587	12	5	180620924	180632293
ENSG00000176978:ILMN_1756723:DPP7	588	1	9	140004994	140009629
ENSG00000158417:ILMN_1756767:EIF5B	588	5	2	99953816	100016728
ENSG00000128284:ILMN_1756862:APOL3	588	18	22	36536377	36562225
ENSG00000143537:ILMN_1756920:ADAM15	589	4	1	155023177	155035252
ENSG00000079156:ILMN_1756935:OSBPL6	589	8	2	179059208	179264160
ENSG00000155380:ILMN_1757052:SLC16A1	589	23	1	113454469	113499635
ENSG00000019991:ILMN_1757838:HGF	594	1	7	81328322	81399754
ENSG00000162599:ILMN_1758049:NFIA	594	21	1	61330931	61928465
ENSG00000117152:ILMN_1758067:RGS4	595	0	1	163038396	163046592
ENSG00000159167:ILMN_1758164:STC1	595	17	8	23699428	23712320
ENSG00000115486:ILMN_1758232:GGCX	596	0	2	85774743	85788670
ENSG00000064989:ILMN_1758281:CALCRL	596	8	2	188207856	188313187
ENSG00000198373:ILMN_1759173:WWP2	600	15	16	69796209	69975644
ENSG00000130294:ILMN_1759330:KIF1A	601	12	2	241653181	241759637
ENSG00000185838:ILMN_1759595:GNB1L	602	22	22	19770747	19842462
ENSG00000138757:ILMN_1759622:G3BP2	603	2	4	76567966	76598624
ENSG00000102010:ILMN_1759892:BMX	604	8	23	15482369	15574652
ENSG00000188488:ILMN_1759910:SERPINA5	604	10	14	95047731	95059457
ENSG00000117505:ILMN_1759983:DR1	604	21	1	93811445	93828149
ENSG00000188243:ILMN_1759997:COMMD6	605	1	13	76099350	76123575
ENSG00000145675:ILMN_1760303:PIK3R1	606	17	5	67522462	67597649
ENSG00000196642:ILMN_1760628:C9orf86	608	14	9	139694818	139735639
ENSG00000111786:ILMN_1760683:SFRS9	608	21	12	120899471	120907464
ENSG00000221937:ILMN_1760732:TAS2R40	609	4	7	142919130	142920162
ENSG00000143420:ILMN_1760779:ENSA	609	10	1	150573327	150602098
ENSG00000156804:ILMN_1760830:FBXO32	609	15	8	124515359	124553446
ENSG00000171208:ILMN_1760849:NETO2	609	16	16	47115548	47177908
ENSG00000143952:ILMN_1761086:VPS54	611	0	2	64120035	64246214
ENSG00000151348:ILMN_1761259:EXT2	611	24	11	44117099	44266979
ENSG00000116273:ILMN_1761560:PHF13	613	13	1	6673745	6684093
ENSG00000101871:ILMN_1761858:MID1	615	6	23	10413596	10851773
ENSG00000204519:ILMN_1762046:ZNF551	616	15	19	58193357	58201167
ENSG00000088727:ILMN_1762192:KIF9	617	12	3	47269516	47324941
ENSG00000124207:ILMN_1762275:CSE1L	617	19	20	47662838	47713489
ENSG00000140463:ILMN_1762466:BBS4	618	14	15	72978528	73030817
ENSG00000152804:ILMN_1762712:HHEX	619	18	10	94449712	94455397
ENSG00000173040:ILMN_1762735:EVC2	619	23	4	5544499	5711275
ENSG00000076604:ILMN_1763104:TRAF4	621	13	17	27071036	27077974
ENSG00000015475:ILMN_1763386:BID	623	0	22	18216906	18257261
ENSG00000170624:ILMN_1763457:SGCD	623	14	5	155753767	156194796
ENSG00000100138:ILMN_1763460:NHP2L1	623	15	22	42069934	42086508
ENSG00000079156:ILMN_1763561:OSBPL6	624	6	2	179059208	179264160
ENSG00000083312:ILMN_1763627:TNPO1	624	16	5	72112415	72212560
ENSG00000135503:ILMN_1763916:ACVR1B	626	13	12	52345486	52390857
ENSG00000144061:ILMN_1764127:NPHP1	627	9	2	110879888	110962643
ENSG00000125872:ILMN_1764885:LRRN4	631	3	20	6021424	6034695
ENSG00000135821:ILMN_1765208:GLUL	632	17	1	182350839	182361341
ENSG00000085721:ILMN_1765401:RRN3	633	17	16	15153879	15188171
ENSG00000089050:ILMN_1765417:RBBP9	633	19	20	18467184	18477887
ENSG00000078902:ILMN_1765523:TOLLIP	634	8	11	1295601	1330852
ENSG00000170485:ILMN_1765558:NPAS2	634	13	2	101436614	101613291
ENSG00000147251:ILMN_1765860:DOCK11	635	21	23	117629861	117820126
ENSG00000130948:ILMN_1765954:HSD17B3	636	2	9	98997588	99064434
ENSG00000082482:ILMN_1765990:KCNK2	636	5	1	215179118	215410436
ENSG00000124256:ILMN_1765994:ZBP1	636	7	20	56178902	56195632
ENSG00000165029:ILMN_1766054:ABCA1	636	12	9	107543283	107690518
ENSG00000130150:ILMN_1766094:MOSPD2	636	16	23	14891563	14940449
ENSG00000072952:ILMN_1766157:MRVI1	637	0	11	10594638	10715535
ENSG00000101294:ILMN_1766269:HM13	637	20	20	30102231	30157370
ENSG00000135503:ILMN_1766723:ACVR1B	639	22	12	52345486	52390857
ENSG00000006788:ILMN_1767090:MYH13	641	14	17	10204183	10276322
ENSG00000171453:ILMN_1767219:POLR1C	642	6	6	43484791	43497093
ENSG00000149269:ILMN_1767365:PAK1	643	1	11	77033061	77185108
ENSG00000100422:ILMN_1767475:CERK	643	17	22	47080308	47134158
ENSG00000153130:ILMN_1768050:SCOC	646	9	4	141178440	141303708
ENSG00000114861:ILMN_1768248:FOXP1	647	11	3	71003844	71633140
ENSG00000172113:ILMN_1768279:NME6	647	17	3	48334754	48343175
ENSG00000114867:ILMN_1768470:EIF4G1	648	13	3	184032283	184053146
ENSG00000131724:ILMN_1768505:IL13RA1	648	21	23	117861535	117928502
ENSG00000168418:ILMN_1768511:KCNG4	648	24	16	84255816	84273356
ENSG00000121716:ILMN_1768754:PILRB	650	2	7	99933702	99965454
ENSG00000068650:ILMN_1768783:ATP11A	650	11	13	113344643	113541482
ENSG00000140459:ILMN_1768820:CYP11A1	650	23	15	74630100	74660081
ENSG00000211460:ILMN_1768913:TSN	651	8	2	122494679	122525429
ENSG00000168314:ILMN_1768947:MOBP	651	13	3	39508689	39567859
ENSG00000140396:ILMN_1769040:NCOA2	652	8	8	71015826	71316020
ENSG00000155329:ILMN_1769104:ZCCHC10	652	16	5	132332677	132362296
ENSG00000159197:ILMN_1769143:KCNE2	652	24	21	35736323	35743440
ENSG00000165474:ILMN_1769388:GJB2	654	7	13	20761609	20767037
ENSG00000186787:ILMN_1769458:SPIN2B	654	17	23	57144984	57147980
ENSG00000165506:ILMN_1769757:C14orf104	656	11	14	50091892	50101948
ENSG00000131019:ILMN_1769910:ULBP3	657	9	6	150384263	150390940
ENSG00000140873:ILMN_1770152:ADAMTS18	659	1	16	77316025	77469011
ENSG00000115109:ILMN_1770245:EPB41L5	659	11	2	120770581	120936695
ENSG00000178338:ILMN_1770266:ZNF354B	659	15	5	178286954	178312029
ENSG00000064666:ILMN_1770290:CNN2	659	17	19	1026298	1039060
ENSG00000154518:ILMN_1770466:ATP5G3	660	19	2	176040986	176049335
ENSG00000188672:ILMN_1770591:RHCE	661	9	1	25688741	25756683
ENSG00000112406:ILMN_1770667:HECA	661	21	6	139456249	139501939
ENSG00000173894:ILMN_1770678:CBX2	662	0	17	77751993	77761378
ENSG00000141030:ILMN_1770732:COPS3	662	8	17	17150134	17184607
ENSG00000152684:ILMN_1770811:PELO	662	20	5	52083774	52099880
ENSG00000196963:ILMN_1771066:PCDHB16	664	3	5	140560980	140565793
ENSG00000196776:ILMN_1771333:CD47	665	13	3	107761941	107809935
ENSG00000022277:ILMN_1771815:C20orf43	667	12	20	55043647	55093943
ENSG00000090863:ILMN_1772261:GLG1	669	16	16	74481328	74641042
ENSG00000133048:ILMN_1772289:CHI3L1	669	19	1	203148059	203155922
ENSG00000171720:ILMN_1772455:HDAC3	670	13	5	141000443	141016437
ENSG00000077327:ILMN_1772458:SPAG6	670	14	10	22634399	22743153
ENSG00000125731:ILMN_1772466:SH2D3A	670	16	19	6752211	6767599
ENSG00000080802:ILMN_1772677:CNOT4	671	20	7	135046549	135194851
ENSG00000127084:ILMN_1772686:FGD3	671	21	9	95709733	95798518
ENSG00000106785:ILMN_1772689:TRIM14	671	22	9	100831557	100881494
ENSG00000100697:ILMN_1772692:DICER1	671	24	14	95552566	95623759
ENSG00000087095:ILMN_1772814:NLK	672	22	17	26369182	26523407
ENSG00000138297:ILMN_1773493:TIMM23	676	5	10	51592080	51623365
ENSG00000085719:ILMN_1773576:CPNE3	676	13	8	87497059	87573726
ENSG00000112337:ILMN_1773586:SLC17A2	676	14	6	25912982	25930839
ENSG00000144681:ILMN_1774127:STAC	678	21	3	36421836	36589499
ENSG00000198183:ILMN_1774250:PLUNC	679	10	20	31823801	31831115
ENSG00000143537:ILMN_1774491:ADAM15	680	18	1	155023177	155035252
ENSG00000138028:ILMN_1774722:CGREF1	681	20	2	27321757	27341983
ENSG00000184156:ILMN_1775004:KCNQ3	683	7	8	133139193	133493200
ENSG00000187193:ILMN_1775170:MT1X	684	4	16	56710102	56718108
ENSG00000163421:ILMN_1775257:PROK2	684	15	3	71820807	71834357
ENSG00000183960:ILMN_1775348:KCNH8	685	0	3	19189946	19577138
ENSG00000123096:ILMN_1775486:SSPN	685	16	12	26348269	26387706
ENSG00000182187:ILMN_1776266:CRYGB	689	21	2	209007297	209010892
ENSG00000102125:ILMN_1776679:TAZ	691	18	23	153639854	153650065
ENSG00000136147:ILMN_1776723:PHF11	691	23	13	50069746	50103123
ENSG00000240583:ILMN_1776857:AQP1	692	11	7	30951468	30965131
ENSG00000156738:ILMN_1776939:MS4A1	692	22	11	60223282	60238225
ENSG00000112146:ILMN_1777180:FBXO9	693	23	6	52916789	52965671
ENSG00000188243:ILMN_1777378:COMMD6	695	0	13	76099350	76123575
ENSG00000074660:ILMN_1777658:SCARF1	696	5	17	1537152	1549047
ENSG00000132964:ILMN_1777913:CDK8	697	7	13	26828276	26979375
ENSG00000141497:ILMN_1778136:ZMYND15	698	11	17	4643319	4649411
ENSG00000147853:ILMN_1778173:AK3	698	18	9	4711155	4742043
ENSG00000102805:ILMN_1778203:CLN5	698	22	13	77564795	77576652
ENSG00000197122:ILMN_1778253:SRC	699	5	20	35973088	36034453
ENSG00000120327:ILMN_1778327:PCDHB14	699	17	5	140602946	140605869
ENSG00000096060:ILMN_1778444:FKBP5	700	11	6	35541362	35696358
ENSG00000185231:ILMN_1778521:MC2R	700	19	18	13882043	13915535
ENSG00000166483:ILMN_1778561:WEE1	701	1	11	9595430	9611531
ENSG00000170290:ILMN_1778595:SLN	701	5	11	107578109	107582787
ENSG00000079263:ILMN_1778599:SP140	701	6	2	231090445	231265029
ENSG00000149591:ILMN_1778668:TAGLN	701	16	11	117070040	117075507
ENSG00000091482:ILMN_1778743:SMPX	702	5	23	21724090	21776281
ENSG00000101846:ILMN_1778956:STS	703	3	23	7137497	7272851
ENSG00000118690:ILMN_1779256:ARMC2	704	24	6	109169619	109295352
ENSG00000145649:ILMN_1779324:GZMA	705	7	5	54398474	54406080
ENSG00000176407:ILMN_1779480:KCMF1	706	6	2	85198216	85286595
ENSG00000118620:ILMN_1780026:ZNF430	709	3	19	21203497	21241653
ENSG00000213339:ILMN_1780153:QTRT1	709	19	19	10812112	10824040
ENSG00000237318:ILMN_1780406:C21orf86	710	16	21	46714052	46714549
ENSG00000111291:ILMN_1781145:GPRC5D	714	8	12	13093709	13103318
ENSG00000172780:ILMN_1781182:RAB43	714	15	3	128806412	128879879
ENSG00000010810:ILMN_1781207:FYN	714	17	6	111981535	112194655
ENSG00000140406:ILMN_1781565:MESDC1	716	19	15	81293295	81296342
ENSG00000115604:ILMN_1781700:IL18R1	717	9	2	102927989	103015218
ENSG00000008394:ILMN_1781952:MGST1	718	12	12	16500076	16517343
ENSG00000004478:ILMN_1782045:FKBP4	719	0	12	2904119	2913124
ENSG00000120727:ILMN_1782094:PAIP2	719	9	5	138677521	138705408
ENSG00000171631:ILMN_1782275:P2RY6	720	1	11	72975570	73009644
ENSG00000161298:ILMN_1782284:ZNF382	720	2	19	37095719	37119744
ENSG00000153234:ILMN_1782305:NR4A2	720	4	2	157180944	157198860
ENSG00000117519:ILMN_1782439:CNN3	720	19	1	95362507	95392834
ENSG00000061918:ILMN_1782567:GUCY1B3	721	9	4	156680126	156728782
ENSG00000101972:ILMN_1782609:STAG2	721	13	23	123094062	123556514
ENSG00000171159:ILMN_1782618:C9orf16	721	15	9	130922539	130926207
ENSG00000137727:ILMN_1782761:ARHGAP20	722	13	11	110447766	110583451
ENSG00000063169:ILMN_1782829:GLTSCR1	722	21	19	48111453	48206534
ENSG00000101346:ILMN_1782870:POFUT1	723	2	20	30795683	30826470
ENSG00000130035:ILMN_1782978:GALNT8	723	15	12	4829752	4881892
ENSG00000125285:ILMN_1783185:SOX21	724	8	13	95361886	95364389
ENSG00000184650:ILMN_1783656:ODF4	725	23	17	8243182	8249364
ENSG00000183837:ILMN_1783805:PNMA3	726	17	23	152224766	152228827
ENSG00000204961:ILMN_1784316:PCDHA9	729	10	5	140227357	140233515
ENSG00000138193:ILMN_1784447:PLCE1	730	1	10	95753746	96088149
ENSG00000144061:ILMN_1784478:NPHP1	730	7	2	110879888	110962643
ENSG00000185554:ILMN_1784552:NXF2	730	17	23	101470280	101581634
ENSG00000164631:ILMN_1784577:ZNF12	730	20	7	6728064	6746566
ENSG00000124762:ILMN_1784602:CDKN1A	731	1	6	36644305	36655116
ENSG00000135048:ILMN_1784661:TMEM2	731	10	9	74298282	74383800
ENSG00000120727:ILMN_1784753:PAIP2	731	17	5	138677521	138705408
ENSG00000166863:ILMN_1784889:TAC3	732	15	12	57403784	57422667
ENSG00000109919:ILMN_1785218:MTCH2	734	0	11	47638858	47664206
ENSG00000119711:ILMN_1785284:ALDH6A1	734	7	14	74526891	74551196
ENSG00000171150:ILMN_1785286:SOCS5	734	9	2	46926091	46990268
ENSG00000110436:ILMN_1785380:SLC1A2	734	21	11	35272753	35441610
ENSG00000214021:ILMN_1785535:TTLL3	735	15	3	9834777	9896822
ENSG00000164024:ILMN_1785795:METAP1	736	21	4	99916788	99983959
ENSG00000131791:ILMN_1786021:PRKAB2	737	16	1	146626685	146644129
ENSG00000089050:ILMN_1786050:RBBP9	738	0	20	18467184	18477887
ENSG00000083312:ILMN_1786347:TNPO1	739	18	5	72112415	72212560
ENSG00000175445:ILMN_1786444:LPL	740	5	8	19796284	19824769
ENSG00000187955:ILMN_1786598:COL14A1	740	17	8	121072019	121384275
ENSG00000126003:ILMN_1786601:PLAGL2	740	18	20	30780306	30795594
ENSG00000184302:ILMN_1786631:SIX6	740	21	14	60975869	60978529
ENSG00000100664:ILMN_1786734:EIF5	741	8	14	103800493	103811359
ENSG00000197683:ILMN_1786908:KRTAP26-1	742	4	21	31691452	31692607
ENSG00000167600:ILMN_1787193:CYP2S1	742	23	19	41699115	41713443
ENSG00000124762:ILMN_1787212:CDKN1A	743	1	6	36644305	36655116
ENSG00000143630:ILMN_1787256:HCN3	743	4	1	155247374	155259639
ENSG00000165655:ILMN_1787265:ZNF503	743	8	10	77157588	77161664
ENSG00000148700:ILMN_1787378:ADD3	743	23	10	111756126	111895323
ENSG00000186723:ILMN_1787434:OR10H1	744	5	19	15917817	15918936
ENSG00000136936:ILMN_1787591:XPA	744	20	9	100437191	100459639
ENSG00000157224:ILMN_1787657:CLDN12	745	2	7	90013035	90142716
ENSG00000128581:ILMN_1787951:RABL5	746	15	7	100956648	100965104
ENSG00000115840:ILMN_1788053:SLC25A12	747	3	2	172640880	172864766
ENSG00000130520:ILMN_1788099:LSM4	747	9	19	18417720	18434001
ENSG00000184602:ILMN_1788251:SNN	748	10	16	11762270	11773015
ENSG00000196739:ILMN_1788377:COL27A1	748	22	9	116917840	117074791
ENSG00000123505:ILMN_1788462:AMD1	749	7	6	111195973	111216916
ENSG00000023909:ILMN_1788547:GCLM	749	15	1	94350761	94374966
ENSG00000175344:ILMN_1788789:CHRNA7	750	20	15	32322701	32464722
ENSG00000196136:ILMN_1788874:SERPINA3	751	7	14	95078634	95090397
ENSG00000130208:ILMN_1789007:APOC1	751	18	19	45417921	45422606
ENSG00000165300:ILMN_1789040:SLITRK5	751	23	13	88324870	88331868
ENSG00000160199:ILMN_1789449:PKNOX1	753	23	21	44394620	44453692
ENSG00000118777:ILMN_1789641:ABCG2	755	10	4	89011421	89080064
ENSG00000003402:ILMN_1789830:CFLAR	756	10	2	201980827	202029033
ENSG00000171631:ILMN_1790029:P2RY6	757	9	11	72975570	73009644
ENSG00000007237:ILMN_1790080:GAS7	757	13	17	9813926	10101868
ENSG00000106809:ILMN_1790098:OGN	757	14	9	95146249	95166978
ENSG00000232382:ILMN_1790988:OR5K1	761	14	3	98188324	98189420
ENSG00000184258:ILMN_1791114:CDR1	762	4	23	139865425	139866723
ENSG00000107562:ILMN_1791447:CXCL12	763	23	10	44865613	44881941
ENSG00000198650:ILMN_1791678:TAT	765	5	16	71599563	71611033
ENSG00000147654:ILMN_1791896:EBAG9	766	7	8	110551929	110577387
ENSG00000131759:ILMN_1791902:RARA	766	8	17	38465436	38513895
ENSG00000137338:ILMN_1791949:PGBD1	766	16	6	28249349	28270326
ENSG00000196371:ILMN_1792072:FUT4	767	3	11	94277017	94283063
ENSG00000177301:ILMN_1792125:KCNA2	767	13	1	111136202	111174096
ENSG00000012779:ILMN_1792150:ALOX5	767	16	10	45869675	45941561
ENSG00000125788:ILMN_1792172:DEFB126	767	19	20	123010	126392
ENSG00000095981:ILMN_1792186:KCNK16	767	23	6	39282474	39290330
ENSG00000138107:ILMN_1792314:ACTR1A	768	15	10	104238986	104262468
ENSG00000021826:ILMN_1792748:CPS1	771	0	2	211342406	211543831
ENSG00000124440:ILMN_1792799:HIF3A	771	3	19	46800303	46846690
ENSG00000166863:ILMN_1793006:TAC3	772	5	12	57403784	57422667
ENSG00000103253:ILMN_1793201:HAGHL	772	21	16	776958	797295
ENSG00000169282:ILMN_1793236:KCNAB1	773	0	3	155755490	156256927
ENSG00000173542:ILMN_1793349:MOBKL1A	773	11	4	71768064	71853891
ENSG00000084733:ILMN_1793433:RAB10	773	18	2	26256976	26360323
ENSG00000160339:ILMN_1793504:FCN2	773	23	9	137772654	137779924
ENSG00000177889:ILMN_1793651:UBE2N	774	24	12	93802090	93836026
ENSG00000114126:ILMN_1793671:TFDP2	775	2	3	141665888	141868386
ENSG00000137269:ILMN_1793922:LRRC1	776	6	6	53659295	53788919
ENSG00000196152:ILMN_1794122:ZNF79	777	5	9	130186661	130207651
ENSG00000156113:ILMN_1794282:KCNMA1	777	24	10	78629360	79398353
ENSG00000080802:ILMN_1794324:CNOT4	778	3	7	135046549	135194851
ENSG00000143190:ILMN_1794333:POU2F1	778	4	1	167190120	167396582
ENSG00000125630:ILMN_1794632:POLR1B	779	16	2	113299492	113334635
ENSG00000112335:ILMN_1795557:SNX3	784	12	6	108532426	108582464
ENSG00000124302:ILMN_1795845:CHST8	786	2	19	34112861	34264413
ENSG00000102010:ILMN_1796138:BMX	787	16	23	15482369	15574652
ENSG00000141076:ILMN_1796235:CIRH1A	788	3	16	69166418	69202924
ENSG00000105612:ILMN_1796245:DNASE2	788	5	19	12986023	12992335
ENSG00000173575:ILMN_1796511:CHD2	790	0	15	93443419	93571237
ENSG00000111752:ILMN_1796710:PHC1	790	20	12	9067196	9094058
ENSG00000074266:ILMN_1796813:EED	791	11	11	85955815	85989778
ENSG00000078898:ILMN_1796928:BPIL1	792	0	20	31595406	31611515
ENSG00000152208:ILMN_1797331:GRID2	793	23	4	93225808	94695707
ENSG00000187239:ILMN_1797342:FNBP1	794	2	9	132649466	132805473
ENSG00000188690:ILMN_1797384:UROS	794	9	10	127477146	127511817
ENSG00000137204:ILMN_1797391:SLC22A7	794	10	6	43263432	43273276
ENSG00000108861:ILMN_1797522:DUSP3	794	23	17	41843490	41856368
ENSG00000128641:ILMN_1797585:MYO1B	795	13	2	192109911	192290115
ENSG00000134352:ILMN_1797861:IL6ST	797	0	5	55230923	55290772
ENSG00000120087:ILMN_1798496:HOXB7	800	1	17	46684605	46710934
ENSG00000189184:ILMN_1799026:PCDH18	802	22	4	138440072	138453629
ENSG00000014824:ILMN_1799128:SLC30A9	803	18	4	41992523	42089538
ENSG00000144504:ILMN_1799369:ANKMY1	804	21	2	241418839	241508626
ENSG00000130052:ILMN_1799600:STARD8	805	16	23	67867508	67945684
ENSG00000083520:ILMN_1799796:DIS3	806	20	13	73329540	73356232
ENSG00000147614:ILMN_1799889:ATP6V0D2	807	7	8	87111133	87166457
ENSG00000179913:ILMN_1800082:B3GNT3	807	24	19	17905919	17924385
ENSG00000131626:ILMN_1800164:PPFIA1	808	6	11	70116823	70230500
ENSG00000174483:ILMN_1800590:DPP3	810	6	11	66247880	66301084
ENSG00000048740:ILMN_1800638:CUGBP2	810	13	10	11047259	11378666
ENSG00000131467:ILMN_1800975:PSME3	812	4	17	40985423	40995775
ENSG00000196963:ILMN_1801051:PCDHB16	812	14	5	140560980	140565793
ENSG00000133104:ILMN_1801236:SPG20	813	15	13	36875775	36944317
ENSG00000185885:ILMN_1801246:IFITM1	813	17	11	311317	315271
ENSG00000155850:ILMN_1801491:SLC26A2	815	2	5	149340300	149366968
ENSG00000019991:ILMN_1801586:HGF	815	10	7	81328322	81399754
ENSG00000161980:ILMN_1801664:POLR3K	815	23	16	96407	103628
ENSG00000164100:ILMN_1801769:NDST3	816	9	4	118954765	119179789
ENSG00000183668:ILMN_1801776:PSG9	816	11	19	43715943	43773685
ENSG00000160882:ILMN_1801917:CYP11B1	817	6	8	143953778	143961236
ENSG00000188373:ILMN_1802192:C10orf99	818	14	10	85933494	85945050
ENSG00000183255:ILMN_1802251:PTTG1IP	818	20	21	46269500	46293752
ENSG00000103056:ILMN_1802316:SMPD3	819	0	16	68392230	68482591
ENSG00000106123:ILMN_1802646:EPHB6	820	16	7	142552792	142568847
ENSG00000024526:ILMN_1802819:DEPDC1	821	10	1	68939835	68962799
ENSG00000167723:ILMN_1802901:TRPV3	821	19	17	3413796	3461289
ENSG00000008394:ILMN_1803033:MGST1	822	8	12	16500076	16517343
ENSG00000133424:ILMN_1803412:LARGE	824	8	22	33561991	34318829
ENSG00000026508:ILMN_1803429:CD44	824	10	11	35160417	35253946
ENSG00000137674:ILMN_1803714:MMP20	826	0	11	102447566	102496063
ENSG00000125844:ILMN_1803810:RRBP1	826	14	20	17594323	17662940
ENSG00000140575:ILMN_1803819:IQGAP1	826	19	15	90931450	91045475
ENSG00000107562:ILMN_1803825:CXCL12	826	20	10	44865613	44881941
ENSG00000105364:ILMN_1804207:MRPL4	828	11	19	10362640	10370736
ENSG00000114383:ILMN_1804329:TUSC2	828	23	3	50357458	50365682
ENSG00000153944:ILMN_1804448:MSI2	829	11	17	55333931	55757299
ENSG00000157851:ILMN_1804509:DPYSL5	829	21	2	27070615	27173219
ENSG00000160200:ILMN_1804735:CBS	831	1	21	44473301	44497053
ENSG00000103313:ILMN_1804738:MEFV	831	3	16	3292028	3306627
ENSG00000180914:ILMN_1804929:OXTR	831	24	3	8792094	8811314
ENSG00000164485:ILMN_1805385:IL22RA2	833	19	6	137464968	137494785
ENSG00000176884:ILMN_1805404:GRIN1	833	21	9	140032842	140063207
ENSG00000188992:ILMN_1805609:LIPI	834	18	21	15481134	15579270
ENSG00000142089:ILMN_1805750:IFITM3	835	12	11	319673	320914
ENSG00000138698:ILMN_1806266:RAP1GDS1	838	3	4	99182527	99365008
ENSG00000177189:ILMN_1806294:RPS6KA3	838	7	23	20168029	20285218
ENSG00000107187:ILMN_1806395:LHX3	838	24	9	139088096	139096955
ENSG00000121853:ILMN_1806691:GHSR	840	11	3	172162923	172166246
ENSG00000134333:ILMN_1807106:LDHA	842	16	11	18415935	18429765
ENSG00000136521:ILMN_1807397:NDUFB5	843	23	3	179322478	179345435
ENSG00000138398:ILMN_1807611:PPIG	844	23	2	170440850	170497916
ENSG00000135390:ILMN_1807798:ATP5G2	845	21	12	54058950	54071182
ENSG00000101294:ILMN_1807833:HM13	846	0	20	30102231	30157370
ENSG00000172247:ILMN_1808122:C1QTNF4	847	13	11	47611216	47615961
ENSG00000151322:ILMN_1808326:NPAS3	848	15	14	33408449	34273382
ENSG00000120875:ILMN_1808391:DUSP4	849	0	8	29190581	29208190
ENSG00000080815:ILMN_1808548:PSEN1	849	21	14	73603155	73687109
ENSG00000108106:ILMN_1808591:UBE2S	850	4	19	55912652	55919325
ENSG00000159899:ILMN_1808898:NPR2	851	20	9	35792151	35809729
ENSG00000168152:ILMN_1809054:THAP9	852	15	4	83821905	83841122
ENSG00000080815:ILMN_1809193:PSEN1	853	2	14	73603155	73687109
ENSG00000172404:ILMN_1809307:DNAJB7	853	14	22	41255553	41258130
ENSG00000118596:ILMN_1810053:SLC16A7	857	19	12	60083126	60175407
ENSG00000135636:ILMN_1810420:DYSF	859	18	2	71680753	71913898
ENSG00000109113:ILMN_1810486:RAB34	860	0	17	27041299	27045447
ENSG00000066136:ILMN_1810488:NFYC	860	1	1	41157242	41237277
ENSG00000123838:ILMN_1810752:C4BPA	861	15	1	207277607	207318317
ENSG00000169282:ILMN_1811072:KCNAB1	863	6	3	155755490	156256927
ENSG00000176978:ILMN_1811328:DPP7	864	17	9	140004994	140009629
ENSG00000198728:ILMN_1811347:LDB1	864	20	10	103867317	103880210
ENSG00000117594:ILMN_1811370:HSD11B1	864	23	1	209859510	209908295
ENSG00000116863:ILMN_1811480:ADPRHL2	865	16	1	36554476	36559533
ENSG00000213626:ILMN_1811507:LBH	865	21	2	30454397	30546596
ENSG00000139767:ILMN_1811820:KIAA1853	867	21	12	119419396	119600857
ENSG00000155961:ILMN_1811889:RAB39B	868	4	23	154487526	154493874
ENSG00000003137:ILMN_1812297:CYP26B1	869	23	2	72356367	72375167
ENSG00000092969:ILMN_1812526:TGFB2	871	3	1	218519577	218617961
ENSG00000197879:ILMN_1812616:MYO1C	871	18	17	1367480	1395995
ENSG00000167283:ILMN_1812638:ATP5L	871	21	11	118272104	118280559
ENSG00000166035:ILMN_1812700:LIPC	872	4	15	58702768	58861073
ENSG00000132313:ILMN_1812777:MRPL35	872	13	2	86426580	86440917
ENSG00000123064:ILMN_1812976:DDX54	873	10	12	113594986	113623284
ENSG00000162616:ILMN_1813019:DNAJB4	873	14	1	78444859	78483648
ENSG00000135899:ILMN_1813455:SP110	875	18	2	231032009	231090444
ENSG00000118432:ILMN_1813581:CNR1	876	6	6	88849583	88875666
ENSG00000196628:ILMN_1814194:TCF4	879	7	18	52889562	53303185
ENSG00000163346:ILMN_1814315:PBXIP1	879	21	1	154916552	154928609
ENSG00000144891:ILMN_1814327:AGTR1	879	23	3	148415571	148460795
ENSG00000148700:ILMN_1814526:ADD3	880	10	10	111756126	111895323
ENSG00000160325:ILMN_1814856:C9orf7	881	18	9	136325089	136335970
ENSG00000113721:ILMN_1815057:PDGFRB	882	15	5	149493400	149535423
ENSG00000168297:ILMN_1815063:PXK	882	17	3	58318607	58411748
ENSG00000172006:ILMN_1815118:ZNF554	883	2	19	2819872	2836733
ENSG00000156222:ILMN_1815165:SLC28A1	883	12	15	85427885	85489029
ENSG00000050165:ILMN_1815673:DKK3	885	19	11	11984547	12030917
ENSG00000100664:ILMN_1815733:EIF5	886	6	14	103800493	103811359
ENSG00000122687:ILMN_1815933:FTSJ2	887	1	7	2273866	2281848
