ENSG00000168418:ILMN_1651330:KCNG4	1	1	16	84255816	84273356
ENSG00000165533:ILMN_1652309:TTC8	7	14	14	89290978	89344334
ENSG00000177189:ILMN_1652736:RPS6KA3	10	5	23	20168029	20285218
ENSG00000164485:ILMN_1653324:IL22RA2	13	22	6	137464968	137494785
ENSG00000135821:ILMN_1653496:GLUL	15	3	1	182350839	182361341
ENSG00000126767:ILMN_1654289:ELK1	19	1	23	47494920	47510003
ENSG00000105205:ILMN_1654875:CLC	22	22	19	40221896	40228668
ENSG00000167114:ILMN_1655039:SLC27A4	23	17	9	131102840	131123502
ENSG00000011304:ILMN_1655154:PTBP1	24	4	19	797392	812327
ENSG00000175110:ILMN_1655377:MRPS22	25	19	3	138724648	139076065
ENSG00000118985:ILMN_1655930:ELL2	29	11	5	95220802	95297775
ENSG00000134375:ILMN_1656798:TIMM17A	34	23	1	201924619	201939789
ENSG00000118407:ILMN_1657039:FILIP1	36	9	6	76005626	76203496
ENSG00000165078:ILMN_1657295:CPA6	37	19	8	68334405	68658620
ENSG00000100784:ILMN_1657515:RPS6KA5	39	7	14	91337172	91526993
ENSG00000144554:ILMN_1657634:FANCD2	39	24	3	10068098	10143614
ENSG00000178761:ILMN_1657744:C15orf17	40	17	15	75192329	75199462
ENSG00000100664:ILMN_1657769:EIF5	40	24	14	103800493	103811359
ENSG00000116754:ILMN_1657790:SFRS11	41	2	1	70671365	70718735
ENSG00000161791:ILMN_1657955:FMNL3	42	4	12	50031724	50101197
ENSG00000189144:ILMN_1658080:ZNF573	42	20	19	38229203	38307940
ENSG00000124635:ILMN_1658702:HIST1H2BJ	47	2	6	27100095	27100563
ENSG00000174307:ILMN_1659106:PHLDA3	49	20	1	201434620	201438365
ENSG00000115350:ILMN_1660063:POLE4	55	12	2	75185619	75197255
ENSG00000111269:ILMN_1660223:CREBL2	56	5	12	12764831	12798041
ENSG00000168461:ILMN_1660691:RAB31	58	20	18	9708228	9862553
ENSG00000067842:ILMN_1660741:ATP2B3	59	6	23	152783134	152848397
ENSG00000187848:ILMN_1660816:P2RX2	59	16	12	133195403	133198972
ENSG00000074211:ILMN_1661129:PPP2R2C	61	11	4	6322308	6474173
ENSG00000118263:ILMN_1662023:KLF7	66	23	2	207938861	208031991
ENSG00000187134:ILMN_1662507:AKR1C1	69	24	10	5000044	5022159
ENSG00000107679:ILMN_1662839:PLEKHA1	71	14	10	124134173	124191867
ENSG00000124440:ILMN_1663015:HIF3A	73	0	19	46800303	46846690
ENSG00000119048:ILMN_1663099:UBE2B	73	12	5	133706870	133727683
ENSG00000082516:ILMN_1663383:GEMIN5	75	2	5	154266976	154317769
ENSG00000198342:ILMN_1663754:ZNF442	77	13	19	12460185	12476719
ENSG00000118194:ILMN_1664071:TNNT2	79	9	1	201328136	201346808
ENSG00000145740:ILMN_1664153:SLC30A5	79	18	5	68389788	68426896
ENSG00000048740:ILMN_1664170:CUGBP2	79	22	10	11047259	11378666
ENSG00000181192:ILMN_1664369:DHTKD1	81	0	10	12110971	12165224
ENSG00000119547:ILMN_1664462:ONECUT2	81	11	18	55102917	55158530
ENSG00000233816:ILMN_1664595:IFNA13	82	5	9	21367371	21368075
ENSG00000109046:ILMN_1664802:WSB1	83	12	17	25621106	25640657
ENSG00000119414:ILMN_1664921:PPP6C	84	7	9	127908852	127952218
ENSG00000107187:ILMN_1665011:LHX3	84	20	9	139088096	139096955
ENSG00000135776:ILMN_1665730:ABCB10	88	20	1	229652329	229694442
ENSG00000110987:ILMN_1665996:BCL7A	90	11	12	122459861	122499950
ENSG00000082482:ILMN_1666656:KCNK2	94	12	1	215179118	215410436
ENSG00000147894:ILMN_1666742:C9orf72	95	4	9	27546544	27573864
ENSG00000112146:ILMN_1667120:FBXO9	97	12	6	52916789	52965671
ENSG00000117118:ILMN_1667257:SDHB	98	5	1	17345217	17380665
ENSG00000178537:ILMN_1667429:SLC25A20	99	4	3	48894369	48936426
ENSG00000123505:ILMN_1667994:AMD1	101	22	6	111195973	111216916
ENSG00000123444:ILMN_1668000:KBTBD4	101	23	11	47593750	47600567
ENSG00000147571:ILMN_1668035:CRH	102	3	8	67088637	67090846
ENSG00000118058:ILMN_1668683:MLL	105	14	11	118307205	118395936
ENSG00000112214:ILMN_1669023:FHL5	107	8	6	97010460	97064444
ENSG00000135390:ILMN_1669102:ATP5G2	107	19	12	54058950	54071182
ENSG00000182324:ILMN_1669446:KCNJ14	110	8	19	48958766	48969367
ENSG00000204961:ILMN_1669474:PCDHA9	110	13	5	140227357	140233515
ENSG00000149131:ILMN_1670305:SERPING1	115	18	11	57364860	57382326
ENSG00000119714:ILMN_1671142:GPR68	121	6	14	91698877	91720224
ENSG00000151322:ILMN_1671398:NPAS3	122	23	14	33408449	34273382
ENSG00000135900:ILMN_1671452:MRPL44	123	4	2	224822121	224832431
ENSG00000148737:ILMN_1672486:TCF7L2	128	14	10	114710009	114927437
ENSG00000086061:ILMN_1672496:DNAJA1	128	15	9	33025209	33039905
ENSG00000077942:ILMN_1672536:FBLN1	128	19	22	45898118	45997015
ENSG00000099331:ILMN_1672547:MYO9B	128	22	19	17212466	17324103
ENSG00000050820:ILMN_1672596:BCAR1	129	6	16	75262928	75301951
ENSG00000162407:ILMN_1672608:PPAP2B	129	9	1	56960419	57110974
ENSG00000135899:ILMN_1672661:SP110	129	17	2	231032009	231090444
ENSG00000181045:ILMN_1672930:SLC26A11	131	4	17	78194229	78227299
ENSG00000113555:ILMN_1673129:PCDH12	132	3	5	141323150	141338627
ENSG00000185201:ILMN_1673352:IFITM2	133	11	11	308107	309409
ENSG00000101363:ILMN_1673944:MANBAL	137	13	20	35918041	35945663
ENSG00000068650:ILMN_1674217:ATP11A	139	1	13	113344643	113541482
ENSG00000115524:ILMN_1674780:SF3B1	142	7	2	198256698	198299815
ENSG00000125447:ILMN_1675982:GGA3	148	20	17	73232695	73257677
ENSG00000144118:ILMN_1676358:RALB	150	22	2	120997640	121052284
ENSG00000171885:ILMN_1676649:AQP4	152	15	18	24432002	24445749
ENSG00000115524:ILMN_1677165:SF3B1	155	13	2	198256698	198299815
ENSG00000139318:ILMN_1677466:DUSP6	157	1	12	89741839	89746296
ENSG00000139629:ILMN_1677574:GALNT6	157	17	12	51745833	51785200
ENSG00000144227:ILMN_1677624:NXPH2	158	0	2	139428342	139537918
ENSG00000180205:ILMN_1677734:WFDC9	158	12	20	44236578	44259907
ENSG00000100938:ILMN_1677919:GMPR2	159	17	14	24701648	24708445
ENSG00000171723:ILMN_1677962:GPHN	160	0	14	66974125	67648520
ENSG00000152457:ILMN_1678464:DCLRE1C	162	15	10	14939358	14996431
ENSG00000148700:ILMN_1678501:ADD3	162	19	10	111756126	111895323
ENSG00000091831:ILMN_1678535:ESR1	162	24	6	151977826	152450754
ENSG00000186340:ILMN_1678842:THBS2	165	0	6	169615875	169654139
ENSG00000156599:ILMN_1679358:ZDHHC5	168	1	11	57435368	57468659
ENSG00000013573:ILMN_1679413:DDX11	168	10	12	31226779	31257725
ENSG00000138297:ILMN_1679555:TIMM23	169	4	10	51592080	51623365
ENSG00000139370:ILMN_1679731:SLC15A4	170	5	12	129277739	129308541
ENSG00000104341:ILMN_1680196:LAPTM4B	173	9	8	98787809	98864826
ENSG00000203663:ILMN_1680225:OR2L2	173	13	1	248201474	248202607
ENSG00000132692:ILMN_1680300:BCAN	173	22	1	156611182	156629324
ENSG00000166321:ILMN_1680420:NUDT13	174	24	10	74870217	74891586
ENSG00000074211:ILMN_1680507:PPP2R2C	175	11	4	6322308	6474173
ENSG00000116898:ILMN_1680703:MRPS15	176	10	1	36921319	36930038
ENSG00000185436:ILMN_1680805:IL28RA	177	4	1	24480647	24514449
ENSG00000214021:ILMN_1680899:TTLL3	177	14	3	9834777	9896822
ENSG00000152520:ILMN_1681304:PAN3	179	18	13	28713170	28869472
ENSG00000114861:ILMN_1682495:FOXP1	186	16	3	71003844	71633140
ENSG00000214021:ILMN_1682818:TTLL3	188	12	3	9834777	9896822
ENSG00000158006:ILMN_1682919:PAFAH2	188	23	1	26286258	26324648
ENSG00000205220:ILMN_1683026:PSMB10	189	18	16	67968405	67970990
ENSG00000100784:ILMN_1683097:RPS6KA5	190	5	14	91337172	91526993
ENSG00000136247:ILMN_1683544:ZDHHC4	193	1	7	6617065	6629005
ENSG00000161955:ILMN_1683700:TNFSF13	194	1	17	7461609	7464925
ENSG00000166106:ILMN_1683781:ADAMTS15	194	10	11	130318869	130343716
ENSG00000139514:ILMN_1683859:SLC7A1	194	22	13	30083547	30169721
ENSG00000029534:ILMN_1684694:ANK1	199	23	8	41510739	41754280
ENSG00000131016:ILMN_1684836:AKAP12	200	16	6	151561134	151679692
ENSG00000004799:ILMN_1684982:PDK4	201	12	7	95212811	95225803
ENSG00000064886:ILMN_1685045:CHI3L2	201	24	1	111770232	111786062
ENSG00000134250:ILMN_1685445:NOTCH2	204	15	1	120454176	120612274
ENSG00000140157:ILMN_1685742:NIPA2	206	15	15	23004684	23034408
ENSG00000173894:ILMN_1686237:CBX2	209	4	17	77751993	77761378
ENSG00000100031:ILMN_1686531:GGT1	210	17	22	24979718	25024972
ENSG00000010810:ILMN_1686555:FYN	210	21	6	111981535	112194655
ENSG00000131016:ILMN_1686846:AKAP12	211	24	6	151561134	151679692
ENSG00000077942:ILMN_1686952:FBLN1	212	14	22	45898118	45997015
ENSG00000007237:ILMN_1687018:GAS7	213	1	17	9813926	10101868
ENSG00000123444:ILMN_1687092:KBTBD4	213	13	11	47593750	47600567
ENSG00000124440:ILMN_1687481:HIF3A	215	17	19	46800303	46846690
ENSG00000164904:ILMN_1687508:ALDH7A1	215	21	5	125877533	125931110
ENSG00000110090:ILMN_1687589:CPT1A	216	10	11	68522090	68609399
ENSG00000107562:ILMN_1689111:CXCL12	225	4	10	44865613	44881941
ENSG00000107551:ILMN_1690566:RASSF4	233	0	10	45454855	45490172
ENSG00000118137:ILMN_1690884:APOA1	234	19	11	116706467	116708666
ENSG00000186017:ILMN_1691223:ZNF566	236	21	19	36936021	36980804
ENSG00000106605:ILMN_1691436:BLVRA	238	4	7	43798279	43846939
ENSG00000129315:ILMN_1692390:CCNT1	243	20	12	49086752	49110781
ENSG00000161791:ILMN_1692678:FMNL3	245	4	12	50031724	50101197
ENSG00000067842:ILMN_1693481:ATP2B3	249	18	23	152783134	152848397
ENSG00000065268:ILMN_1694479:WDR18	255	14	19	984328	994569
ENSG00000070371:ILMN_1694584:CLTCL1	256	10	22	19166986	19279239
ENSG00000144320:ILMN_1695087:KIAA1715	259	8	2	176788620	176867567
ENSG00000110619:ILMN_1696066:CARS	265	4	11	3022152	3078667
ENSG00000110090:ILMN_1696316:CPT1A	266	16	11	68522090	68609399
ENSG00000138413:ILMN_1696432:IDH1	267	9	2	209100951	209130798
ENSG00000160789:ILMN_1696749:LMNA	269	19	1	156052369	156109880
ENSG00000114349:ILMN_1697315:GNAT1	272	3	3	50229043	50233949
ENSG00000117289:ILMN_1697448:TXNIP	272	20	1	145438469	145442635
ENSG00000124193:ILMN_1697469:SFRS6	272	24	20	42086504	42092245
ENSG00000197119:ILMN_1697544:SLC25A29	273	11	14	100757448	100772870
ENSG00000156650:ILMN_1698441:MYST4	278	22	10	76585340	76792380
ENSG00000166411:ILMN_1698533:IDH3A	279	13	15	78441663	78464291
ENSG00000106683:ILMN_1698649:LIMK1	279	23	7	73497263	73536855
ENSG00000143970:ILMN_1698968:ASXL2	281	16	2	25960557	26101385
ENSG00000197375:ILMN_1699357:SLC22A5	283	9	5	131705401	131731306
ENSG00000083312:ILMN_1699820:TNPO1	286	5	5	72112415	72212560
ENSG00000136783:ILMN_1700159:NIPSNAP3A	287	21	9	107509969	107522403
ENSG00000077942:ILMN_1700541:FBLN1	289	24	22	45898118	45997015
ENSG00000174483:ILMN_1700822:DPP3	291	16	11	66247880	66301084
ENSG00000172530:ILMN_1701216:BANP	293	10	16	87984042	88110924
ENSG00000197857:ILMN_1701852:ZNF44	296	20	19	12353948	12405702
ENSG00000182771:ILMN_1701993:GRID1	297	23	10	87359312	88126250
ENSG00000204961:ILMN_1702420:PCDHA9	300	15	5	140227357	140233515
ENSG00000112146:ILMN_1702928:FBXO9	303	15	6	52916789	52965671
ENSG00000171951:ILMN_1703178:SCG2	305	4	2	224461658	224467221
ENSG00000057149:ILMN_1703855:SERPINB3	308	19	18	61322431	61329197
ENSG00000125863:ILMN_1703916:MKKS	309	4	20	10385428	10414870
ENSG00000108424:ILMN_1703949:KPNB1	309	7	17	45727275	45760998
ENSG00000156804:ILMN_1703955:FBXO32	309	8	8	124515359	124553446
ENSG00000157181:ILMN_1704222:C1orf27	310	16	1	186344970	186390507
ENSG00000100596:ILMN_1704290:SPTLC2	311	1	14	77973272	78083110
ENSG00000180769:ILMN_1704692:C4orf12	313	12	4	85887538	85932430
ENSG00000123453:ILMN_1704973:SARDH	314	17	9	136528682	136605077
ENSG00000167600:ILMN_1705403:CYP2S1	317	1	19	41699115	41713443
ENSG00000001626:ILMN_1705813:CFTR	319	10	7	117119358	117308719
ENSG00000182324:ILMN_1706207:KCNJ14	321	6	19	48958766	48969367
ENSG00000103253:ILMN_1706262:HAGHL	321	12	16	776958	797295
ENSG00000130958:ILMN_1706571:SLC35D2	323	6	9	99082988	99145992
ENSG00000137204:ILMN_1706615:SLC22A7	323	16	6	43263432	43273276
ENSG00000110987:ILMN_1706886:BCL7A	325	4	12	122459861	122499950
ENSG00000075407:ILMN_1707596:ZNF37A	328	15	10	38383264	38412276
ENSG00000127688:ILMN_1708103:GAN	331	4	16	81348575	81413940
ENSG00000064666:ILMN_1708486:CNN2	333	9	19	1026298	1039060
ENSG00000111332:ILMN_1708728:H2AFJ	334	9	12	14927349	14928345
ENSG00000124151:ILMN_1708805:NCOA3	334	20	20	46130646	46285616
ENSG00000107551:ILMN_1708890:RASSF4	335	4	10	45454855	45490172
ENSG00000163820:ILMN_1709032:FYCO1	336	2	3	45959396	46037316
ENSG00000173894:ILMN_1709645:CBX2	339	10	17	77751993	77761378
ENSG00000145740:ILMN_1709728:SLC30A5	339	21	5	68389788	68426896
ENSG00000110090:ILMN_1710052:CPT1A	341	8	11	68522090	68609399
ENSG00000157827:ILMN_1710116:FMNL2	341	13	2	153191751	153506348
ENSG00000074266:ILMN_1710150:EED	341	16	11	85955815	85989778
ENSG00000084234:ILMN_1710482:APLP2	343	1	11	129939716	130014703
ENSG00000148498:ILMN_1710524:PARD3	343	5	10	34398489	35104249
ENSG00000077942:ILMN_1710815:FBLN1	344	20	22	45898118	45997015
ENSG00000149131:ILMN_1711272:SERPING1	347	9	11	57364860	57382326
ENSG00000144554:ILMN_1712122:FANCD2	352	7	3	10068098	10143614
ENSG00000013573:ILMN_1712513:DDX11	354	7	12	31226779	31257725
ENSG00000153944:ILMN_1713088:MSI2	358	6	17	55333931	55757299
ENSG00000104415:ILMN_1713499:WISP1	360	8	8	134203312	134241569
ENSG00000092421:ILMN_1713529:SEMA6A	360	12	5	115779251	115910551
ENSG00000106785:ILMN_1713542:TRIM14	360	15	9	100831557	100881494
ENSG00000117643:ILMN_1713807:MAN1C1	361	23	1	25943959	26112698
ENSG00000160339:ILMN_1714057:FCN2	363	2	9	137772654	137779924
ENSG00000013561:ILMN_1714461:RNF14	365	6	5	141346437	141369856
ENSG00000146267:ILMN_1715096:C6orf168	368	12	6	99728536	99797938
ENSG00000143851:ILMN_1715214:PTPN7	369	5	1	202116141	202130716
ENSG00000164211:ILMN_1716224:STARD4	374	15	5	110831731	110848208
ENSG00000162998:ILMN_1716246:FRZB	374	20	2	183698002	183731890
ENSG00000143125:ILMN_1716259:PROK1	374	22	1	110993822	110999976
ENSG00000153902:ILMN_1716461:LGI4	376	7	19	35615417	35633355
ENSG00000106399:ILMN_1716895:RPA3	378	17	7	7676149	7758238
ENSG00000112146:ILMN_1717063:FBXO9	379	18	6	52916789	52965671
ENSG00000182324:ILMN_1717327:KCNJ14	381	3	19	48958766	48969367
ENSG00000124780:ILMN_1717702:KCNK17	382	16	6	39266777	39282237
ENSG00000122786:ILMN_1717990:CALD1	384	8	7	134429003	134655470
ENSG00000125863:ILMN_1718718:MKKS	387	24	20	10385428	10414870
ENSG00000135750:ILMN_1718863:KCNK1	388	22	1	233749750	233808258
ENSG00000179776:ILMN_1719236:CDH5	391	11	16	66400525	66438686
ENSG00000140157:ILMN_1720344:NIPA2	396	15	15	23004684	23034408
ENSG00000104415:ILMN_1721067:WISP1	400	13	8	134203312	134241569
ENSG00000164284:ILMN_1721138:GRPEL2	401	5	5	148724993	148734146
ENSG00000196132:ILMN_1721167:MYT1	401	10	20	62795827	62873604
ENSG00000131043:ILMN_1721225:C20orf4	401	14	20	34824381	34858840
ENSG00000100422:ILMN_1721325:CERK	401	22	22	47080308	47134158
ENSG00000105146:ILMN_1721333:AURKC	401	23	19	57742377	57746915
ENSG00000156966:ILMN_1721523:B3GNT7	402	22	2	232260254	232265875
ENSG00000114857:ILMN_1721621:NKTR	403	14	3	42642106	42690227
ENSG00000101365:ILMN_1721669:IDH3B	404	0	20	2639041	2644865
ENSG00000113742:ILMN_1722025:CPEB4	405	19	5	173315331	173388979
ENSG00000137757:ILMN_1722158:CASP5	406	16	11	104864962	104893895
ENSG00000139117:ILMN_1722294:CPNE8	407	7	12	39045992	39301182
ENSG00000158089:ILMN_1722524:GALNT14	408	11	2	31133333	31378068
ENSG00000081818:ILMN_1722673:PCDHB4	409	6	5	140501581	140505201
ENSG00000198681:ILMN_1722830:MAGEA1	410	10	23	152481522	152486115
ENSG00000171723:ILMN_1723607:GPHN	414	15	14	66974125	67648520
ENSG00000140526:ILMN_1723662:ABHD2	414	19	15	89631405	89745591
ENSG00000181585:ILMN_1726745:TMIE	431	8	3	46742823	46752376
ENSG00000131626:ILMN_1727050:PPFIA1	433	3	11	70116823	70230500
ENSG00000071909:ILMN_1727490:MYO3B	436	3	2	171034655	171510991
ENSG00000111716:ILMN_1728132:LDHB	439	22	12	21788276	21810776
ENSG00000073464:ILMN_1728369:CLCN4	441	5	23	10125024	10205700
ENSG00000101134:ILMN_1728572:DOK5	442	7	20	53092136	53267710
ENSG00000133028:ILMN_1728975:SCO1	444	9	17	10583654	10600885
ENSG00000188493:ILMN_1729546:C19orf54	447	2	19	41246761	41256408
ENSG00000127588:ILMN_1730256:GNG13	450	15	16	848041	850724
ENSG00000122786:ILMN_1730487:CALD1	451	12	7	134429003	134655470
ENSG00000157827:ILMN_1730491:FMNL2	451	13	2	153191751	153506348
ENSG00000144061:ILMN_1730796:NPHP1	453	10	2	110879888	110962643
ENSG00000172232:ILMN_1730867:AZU1	453	24	19	825097	832017
ENSG00000117009:ILMN_1730917:KMO	454	6	1	241695434	241758944
ENSG00000042781:ILMN_1731101:USH2A	455	10	1	215796236	216596738
ENSG00000135899:ILMN_1731418:SP110	457	6	2	231032009	231090444
ENSG00000164118:ILMN_1731453:KIAA1712	457	12	4	175205056	175254531
ENSG00000145740:ILMN_1732079:SLC30A5	460	15	5	68389788	68426896
ENSG00000132692:ILMN_1732154:BCAN	460	24	1	156611182	156629324
ENSG00000121381:ILMN_1732309:TAS2R9	461	17	12	10961693	10962767
ENSG00000129657:ILMN_1732575:SEC14L1	462	24	17	75137005	75213183
ENSG00000188827:ILMN_1732885:BTBD12	464	10	16	3631182	3661599
ENSG00000231192:ILMN_1732901:OR5H1	464	11	3	97851542	97852483
ENSG00000111799:ILMN_1733756:COL12A1	468	19	6	75794042	75915623
ENSG00000107262:ILMN_1733970:BAG1	470	0	9	33247818	33264761
ENSG00000135577:ILMN_1735704:NMBR	478	17	6	142379467	142409936
ENSG00000121361:ILMN_1735779:KCNJ8	479	1	12	21917889	21927747
ENSG00000123104:ILMN_1736103:ITPR2	480	17	12	26488285	26986131
ENSG00000115112:ILMN_1736527:TFCP2L1	482	15	2	121974163	122042783
ENSG00000160789:ILMN_1737394:LMNA	487	18	1	156052369	156109880
ENSG00000134007:ILMN_1737629:ADAM20	489	1	14	70989079	71001732
ENSG00000168438:ILMN_1737651:CDC40	489	8	6	110501344	110575478
ENSG00000114861:ILMN_1738179:FOXP1	491	24	3	71003844	71633140
ENSG00000108946:ILMN_1738632:PRKAR1A	494	17	17	66508110	66528908
ENSG00000104368:ILMN_1738742:PLAT	495	16	8	42032236	42065194
ENSG00000007908:ILMN_1739393:SELE	499	5	1	169691781	169703220
ENSG00000115464:ILMN_1739454:USP34	499	15	2	61414591	61697904
ENSG00000175213:ILMN_1739618:ZNF408	500	11	11	46722368	46727461
ENSG00000070371:ILMN_1739734:CLTCL1	501	0	22	19166986	19279239
ENSG00000181045:ILMN_1739751:SLC26A11	501	2	17	78194229	78227299
ENSG00000140009:ILMN_1740045:ESR2	502	22	14	64693753	64805268
ENSG00000129152:ILMN_1740048:MYOD1	502	23	11	17741110	17743675
ENSG00000112335:ILMN_1740180:SNX3	503	12	6	108532426	108582464
ENSG00000144040:ILMN_1740604:SFXN5	506	6	2	73169165	73302747
ENSG00000134709:ILMN_1741406:HOOK1	510	12	1	60280458	60342050
ENSG00000101144:ILMN_1741566:BMP7	511	7	20	55743804	55841685
ENSG00000111799:ILMN_1741695:COL12A1	511	24	6	75794042	75915623
ENSG00000147894:ILMN_1741881:C9orf72	512	17	9	27546544	27573864
ENSG00000182957:ILMN_1742824:SPATA13	517	20	13	24734861	24896096
ENSG00000154227:ILMN_1743142:LASS3	519	12	15	100940600	101084925
ENSG00000101849:ILMN_1744795:TBL1X	527	4	23	9431335	9687780
ENSG00000126581:ILMN_1744822:BECN1	527	8	17	40962150	40976310
ENSG00000164292:ILMN_1744949:RHOBTB3	528	3	5	95066879	95132071
ENSG00000143621:ILMN_1745172:ILF2	529	15	1	153634512	153643524
ENSG00000114439:ILMN_1745415:BBX	530	15	3	107241783	107530171
ENSG00000175899:ILMN_1745607:A2M	531	14	12	9220308	9268825
ENSG00000168329:ILMN_1745788:CX3CR1	532	15	3	39304985	39323186
ENSG00000007237:ILMN_1745994:GAS7	533	22	17	9813926	10101868
ENSG00000134352:ILMN_1746604:IL6ST	536	24	5	55230923	55290772
ENSG00000180881:ILMN_1747105:CAPS2	539	20	12	75669759	75784702
ENSG00000171885:ILMN_1747683:AQP4	542	7	18	24432002	24445749
ENSG00000109046:ILMN_1747759:WSB1	542	12	17	25621106	25640657
ENSG00000135297:ILMN_1748147:MTO1	544	3	6	74171301	74218959
ENSG00000168314:ILMN_1750271:MOBP	555	5	3	39508689	39567859
ENSG00000114349:ILMN_1750901:GNAT1	558	11	3	50229043	50233949
ENSG00000125447:ILMN_1751135:GGA3	559	18	17	73232695	73257677
ENSG00000151322:ILMN_1752550:NPAS3	566	23	14	33408449	34273382
ENSG00000110799:ILMN_1752755:VWF	568	1	12	6058040	6233836
ENSG00000129472:ILMN_1753002:RAB2B	569	6	14	21927179	21945132
ENSG00000132313:ILMN_1753016:MRPL35	569	11	2	86426580	86440917
ENSG00000100938:ILMN_1754788:GMPR2	578	21	14	24701648	24708445
ENSG00000067064:ILMN_1755075:IDI1	580	10	10	1085848	1095110
ENSG00000203727:ILMN_1755215:SAMD5	581	0	6	147830063	147891157
ENSG00000102387:ILMN_1755638:TAF7L	582	19	23	100523241	100548045
ENSG00000102144:ILMN_1755749:PGK1	583	12	23	77320685	77384793
ENSG00000233224:ILMN_1756022:HIST1H2AM	584	14	6	27860477	27860963
ENSG00000102239:ILMN_1756165:BRS3	585	8	23	135570046	135575939
ENSG00000123999:ILMN_1756443:INHA	586	16	2	220433884	220440435
ENSG00000128284:ILMN_1756862:APOL3	588	18	22	36536377	36562225
ENSG00000162599:ILMN_1758049:NFIA	594	21	1	61330931	61928465
ENSG00000159167:ILMN_1758164:STC1	595	17	8	23699428	23712320
ENSG00000185838:ILMN_1759595:GNB1L	602	22	22	19770747	19842462
ENSG00000188488:ILMN_1759910:SERPINA5	604	10	14	95047731	95059457
ENSG00000117505:ILMN_1759983:DR1	604	21	1	93811445	93828149
ENSG00000196642:ILMN_1760628:C9orf86	608	14	9	139694818	139735639
ENSG00000221937:ILMN_1760732:TAS2R40	609	4	7	142919130	142920162
ENSG00000143420:ILMN_1760779:ENSA	609	10	1	150573327	150602098
ENSG00000156804:ILMN_1760830:FBXO32	609	15	8	124515359	124553446
ENSG00000101871:ILMN_1761858:MID1	615	6	23	10413596	10851773
ENSG00000204519:ILMN_1762046:ZNF551	616	15	19	58193357	58201167
ENSG00000088727:ILMN_1762192:KIF9	617	12	3	47269516	47324941
ENSG00000140463:ILMN_1762466:BBS4	618	14	15	72978528	73030817
ENSG00000015475:ILMN_1763386:BID	623	0	22	18216906	18257261
ENSG00000083312:ILMN_1763627:TNPO1	624	16	5	72112415	72212560
ENSG00000144061:ILMN_1764127:NPHP1	627	9	2	110879888	110962643
ENSG00000125872:ILMN_1764885:LRRN4	631	3	20	6021424	6034695
ENSG00000135821:ILMN_1765208:GLUL	632	17	1	182350839	182361341
ENSG00000089050:ILMN_1765417:RBBP9	633	19	20	18467184	18477887
ENSG00000078902:ILMN_1765523:TOLLIP	634	8	11	1295601	1330852
ENSG00000130948:ILMN_1765954:HSD17B3	636	2	9	98997588	99064434
ENSG00000082482:ILMN_1765990:KCNK2	636	5	1	215179118	215410436
ENSG00000124256:ILMN_1765994:ZBP1	636	7	20	56178902	56195632
ENSG00000165029:ILMN_1766054:ABCA1	636	12	9	107543283	107690518
ENSG00000130150:ILMN_1766094:MOSPD2	636	16	23	14891563	14940449
ENSG00000100422:ILMN_1767475:CERK	643	17	22	47080308	47134158
ENSG00000114861:ILMN_1768248:FOXP1	647	11	3	71003844	71633140
ENSG00000131724:ILMN_1768505:IL13RA1	648	21	23	117861535	117928502
ENSG00000168418:ILMN_1768511:KCNG4	648	24	16	84255816	84273356
ENSG00000068650:ILMN_1768783:ATP11A	650	11	13	113344643	113541482
ENSG00000168314:ILMN_1768947:MOBP	651	13	3	39508689	39567859
ENSG00000159197:ILMN_1769143:KCNE2	652	24	21	35736323	35743440
ENSG00000165506:ILMN_1769757:C14orf104	656	11	14	50091892	50101948
ENSG00000115109:ILMN_1770245:EPB41L5	659	11	2	120770581	120936695
ENSG00000178338:ILMN_1770266:ZNF354B	659	15	5	178286954	178312029
ENSG00000064666:ILMN_1770290:CNN2	659	17	19	1026298	1039060
ENSG00000154518:ILMN_1770466:ATP5G3	660	19	2	176040986	176049335
ENSG00000188672:ILMN_1770591:RHCE	661	9	1	25688741	25756683
ENSG00000173894:ILMN_1770678:CBX2	662	0	17	77751993	77761378
ENSG00000152684:ILMN_1770811:PELO	662	20	5	52083774	52099880
ENSG00000196963:ILMN_1771066:PCDHB16	664	3	5	140560980	140565793
ENSG00000196776:ILMN_1771333:CD47	665	13	3	107761941	107809935
ENSG00000022277:ILMN_1771815:C20orf43	667	12	20	55043647	55093943
ENSG00000090863:ILMN_1772261:GLG1	669	16	16	74481328	74641042
ENSG00000133048:ILMN_1772289:CHI3L1	669	19	1	203148059	203155922
ENSG00000077327:ILMN_1772458:SPAG6	670	14	10	22634399	22743153
ENSG00000127084:ILMN_1772686:FGD3	671	21	9	95709733	95798518
ENSG00000106785:ILMN_1772689:TRIM14	671	22	9	100831557	100881494
ENSG00000138297:ILMN_1773493:TIMM23	676	5	10	51592080	51623365
ENSG00000085719:ILMN_1773576:CPNE3	676	13	8	87497059	87573726
ENSG00000184156:ILMN_1775004:KCNQ3	683	7	8	133139193	133493200
ENSG00000163421:ILMN_1775257:PROK2	684	15	3	71820807	71834357
ENSG00000183960:ILMN_1775348:KCNH8	685	0	3	19189946	19577138
ENSG00000123096:ILMN_1775486:SSPN	685	16	12	26348269	26387706
ENSG00000182187:ILMN_1776266:CRYGB	689	21	2	209007297	209010892
ENSG00000240583:ILMN_1776857:AQP1	692	11	7	30951468	30965131
ENSG00000112146:ILMN_1777180:FBXO9	693	23	6	52916789	52965671
ENSG00000074660:ILMN_1777658:SCARF1	696	5	17	1537152	1549047
ENSG00000141497:ILMN_1778136:ZMYND15	698	11	17	4643319	4649411
ENSG00000120327:ILMN_1778327:PCDHB14	699	17	5	140602946	140605869
ENSG00000166483:ILMN_1778561:WEE1	701	1	11	9595430	9611531
ENSG00000101846:ILMN_1778956:STS	703	3	23	7137497	7272851
ENSG00000176407:ILMN_1779480:KCMF1	706	6	2	85198216	85286595
ENSG00000118620:ILMN_1780026:ZNF430	709	3	19	21203497	21241653
ENSG00000237318:ILMN_1780406:C21orf86	710	16	21	46714052	46714549
ENSG00000111291:ILMN_1781145:GPRC5D	714	8	12	13093709	13103318
ENSG00000172780:ILMN_1781182:RAB43	714	15	3	128806412	128879879
ENSG00000010810:ILMN_1781207:FYN	714	17	6	111981535	112194655
ENSG00000115604:ILMN_1781700:IL18R1	717	9	2	102927989	103015218
ENSG00000161298:ILMN_1782284:ZNF382	720	2	19	37095719	37119744
ENSG00000117519:ILMN_1782439:CNN3	720	19	1	95362507	95392834
ENSG00000061918:ILMN_1782567:GUCY1B3	721	9	4	156680126	156728782
ENSG00000101972:ILMN_1782609:STAG2	721	13	23	123094062	123556514
ENSG00000137727:ILMN_1782761:ARHGAP20	722	13	11	110447766	110583451
ENSG00000063169:ILMN_1782829:GLTSCR1	722	21	19	48111453	48206534
ENSG00000130035:ILMN_1782978:GALNT8	723	15	12	4829752	4881892
ENSG00000125285:ILMN_1783185:SOX21	724	8	13	95361886	95364389
ENSG00000183837:ILMN_1783805:PNMA3	726	17	23	152224766	152228827
ENSG00000204961:ILMN_1784316:PCDHA9	729	10	5	140227357	140233515
ENSG00000138193:ILMN_1784447:PLCE1	730	1	10	95753746	96088149
ENSG00000144061:ILMN_1784478:NPHP1	730	7	2	110879888	110962643
ENSG00000185554:ILMN_1784552:NXF2	730	17	23	101470280	101581634
ENSG00000164631:ILMN_1784577:ZNF12	730	20	7	6728064	6746566
ENSG00000135048:ILMN_1784661:TMEM2	731	10	9	74298282	74383800
ENSG00000109919:ILMN_1785218:MTCH2	734	0	11	47638858	47664206
ENSG00000119711:ILMN_1785284:ALDH6A1	734	7	14	74526891	74551196
ENSG00000110436:ILMN_1785380:SLC1A2	734	21	11	35272753	35441610
ENSG00000214021:ILMN_1785535:TTLL3	735	15	3	9834777	9896822
ENSG00000164024:ILMN_1785795:METAP1	736	21	4	99916788	99983959
ENSG00000089050:ILMN_1786050:RBBP9	738	0	20	18467184	18477887
ENSG00000083312:ILMN_1786347:TNPO1	739	18	5	72112415	72212560
ENSG00000175445:ILMN_1786444:LPL	740	5	8	19796284	19824769
ENSG00000100664:ILMN_1786734:EIF5	741	8	14	103800493	103811359
ENSG00000167600:ILMN_1787193:CYP2S1	742	23	19	41699115	41713443
ENSG00000148700:ILMN_1787378:ADD3	743	23	10	111756126	111895323
ENSG00000186723:ILMN_1787434:OR10H1	744	5	19	15917817	15918936
ENSG00000157224:ILMN_1787657:CLDN12	745	2	7	90013035	90142716
ENSG00000196739:ILMN_1788377:COL27A1	748	22	9	116917840	117074791
ENSG00000123505:ILMN_1788462:AMD1	749	7	6	111195973	111216916
ENSG00000196136:ILMN_1788874:SERPINA3	751	7	14	95078634	95090397
ENSG00000118777:ILMN_1789641:ABCG2	755	10	4	89011421	89080064
ENSG00000003402:ILMN_1789830:CFLAR	756	10	2	201980827	202029033
ENSG00000007237:ILMN_1790080:GAS7	757	13	17	9813926	10101868
ENSG00000184258:ILMN_1791114:CDR1	762	4	23	139865425	139866723
ENSG00000107562:ILMN_1791447:CXCL12	763	23	10	44865613	44881941
ENSG00000137338:ILMN_1791949:PGBD1	766	16	6	28249349	28270326
ENSG00000177301:ILMN_1792125:KCNA2	767	13	1	111136202	111174096
ENSG00000124440:ILMN_1792799:HIF3A	771	3	19	46800303	46846690
ENSG00000103253:ILMN_1793201:HAGHL	772	21	16	776958	797295
ENSG00000160339:ILMN_1793504:FCN2	773	23	9	137772654	137779924
ENSG00000177889:ILMN_1793651:UBE2N	774	24	12	93802090	93836026
ENSG00000114126:ILMN_1793671:TFDP2	775	2	3	141665888	141868386
ENSG00000143190:ILMN_1794333:POU2F1	778	4	1	167190120	167396582
ENSG00000112335:ILMN_1795557:SNX3	784	12	6	108532426	108582464
ENSG00000141076:ILMN_1796235:CIRH1A	788	3	16	69166418	69202924
ENSG00000105612:ILMN_1796245:DNASE2	788	5	19	12986023	12992335
ENSG00000111752:ILMN_1796710:PHC1	790	20	12	9067196	9094058
ENSG00000074266:ILMN_1796813:EED	791	11	11	85955815	85989778
ENSG00000078898:ILMN_1796928:BPIL1	792	0	20	31595406	31611515
ENSG00000152208:ILMN_1797331:GRID2	793	23	4	93225808	94695707
ENSG00000187239:ILMN_1797342:FNBP1	794	2	9	132649466	132805473
ENSG00000137204:ILMN_1797391:SLC22A7	794	10	6	43263432	43273276
ENSG00000128641:ILMN_1797585:MYO1B	795	13	2	192109911	192290115
ENSG00000134352:ILMN_1797861:IL6ST	797	0	5	55230923	55290772
ENSG00000189184:ILMN_1799026:PCDH18	802	22	4	138440072	138453629
ENSG00000130052:ILMN_1799600:STARD8	805	16	23	67867508	67945684
ENSG00000147614:ILMN_1799889:ATP6V0D2	807	7	8	87111133	87166457
ENSG00000131626:ILMN_1800164:PPFIA1	808	6	11	70116823	70230500
ENSG00000174483:ILMN_1800590:DPP3	810	6	11	66247880	66301084
ENSG00000048740:ILMN_1800638:CUGBP2	810	13	10	11047259	11378666
ENSG00000131467:ILMN_1800975:PSME3	812	4	17	40985423	40995775
ENSG00000196963:ILMN_1801051:PCDHB16	812	14	5	140560980	140565793
ENSG00000185885:ILMN_1801246:IFITM1	813	17	11	311317	315271
ENSG00000161980:ILMN_1801664:POLR3K	815	23	16	96407	103628
ENSG00000164100:ILMN_1801769:NDST3	816	9	4	118954765	119179789
ENSG00000183668:ILMN_1801776:PSG9	816	11	19	43715943	43773685
ENSG00000160882:ILMN_1801917:CYP11B1	817	6	8	143953778	143961236
ENSG00000188373:ILMN_1802192:C10orf99	818	14	10	85933494	85945050
ENSG00000183255:ILMN_1802251:PTTG1IP	818	20	21	46269500	46293752
ENSG00000024526:ILMN_1802819:DEPDC1	821	10	1	68939835	68962799
ENSG00000026508:ILMN_1803429:CD44	824	10	11	35160417	35253946
ENSG00000125844:ILMN_1803810:RRBP1	826	14	20	17594323	17662940
ENSG00000107562:ILMN_1803825:CXCL12	826	20	10	44865613	44881941
ENSG00000153944:ILMN_1804448:MSI2	829	11	17	55333931	55757299
ENSG00000157851:ILMN_1804509:DPYSL5	829	21	2	27070615	27173219
ENSG00000180914:ILMN_1804929:OXTR	831	24	3	8792094	8811314
ENSG00000164485:ILMN_1805385:IL22RA2	833	19	6	137464968	137494785
ENSG00000188992:ILMN_1805609:LIPI	834	18	21	15481134	15579270
ENSG00000142089:ILMN_1805750:IFITM3	835	12	11	319673	320914
ENSG00000138698:ILMN_1806266:RAP1GDS1	838	3	4	99182527	99365008
ENSG00000177189:ILMN_1806294:RPS6KA3	838	7	23	20168029	20285218
ENSG00000107187:ILMN_1806395:LHX3	838	24	9	139088096	139096955
ENSG00000134333:ILMN_1807106:LDHA	842	16	11	18415935	18429765
ENSG00000138398:ILMN_1807611:PPIG	844	23	2	170440850	170497916
ENSG00000135390:ILMN_1807798:ATP5G2	845	21	12	54058950	54071182
ENSG00000172247:ILMN_1808122:C1QTNF4	847	13	11	47611216	47615961
ENSG00000151322:ILMN_1808326:NPAS3	848	15	14	33408449	34273382
ENSG00000108106:ILMN_1808591:UBE2S	850	4	19	55912652	55919325
ENSG00000109113:ILMN_1810486:RAB34	860	0	17	27041299	27045447
ENSG00000066136:ILMN_1810488:NFYC	860	1	1	41157242	41237277
ENSG00000123838:ILMN_1810752:C4BPA	861	15	1	207277607	207318317
ENSG00000117594:ILMN_1811370:HSD11B1	864	23	1	209859510	209908295
ENSG00000213626:ILMN_1811507:LBH	865	21	2	30454397	30546596
ENSG00000167283:ILMN_1812638:ATP5L	871	21	11	118272104	118280559
ENSG00000132313:ILMN_1812777:MRPL35	872	13	2	86426580	86440917
ENSG00000162616:ILMN_1813019:DNAJB4	873	14	1	78444859	78483648
ENSG00000135899:ILMN_1813455:SP110	875	18	2	231032009	231090444
ENSG00000196628:ILMN_1814194:TCF4	879	7	18	52889562	53303185
ENSG00000148700:ILMN_1814526:ADD3	880	10	10	111756126	111895323
ENSG00000100664:ILMN_1815733:EIF5	886	6	14	103800493	103811359
