ENSG00000165533:ILMN_1652309:TTC8	7	14	14	89290978	89344334
ENSG00000175110:ILMN_1655377:MRPS22	25	19	3	138724648	139076065
ENSG00000100664:ILMN_1657769:EIF5	40	24	14	103800493	103811359
ENSG00000174307:ILMN_1659106:PHLDA3	49	20	1	201434620	201438365
ENSG00000109046:ILMN_1664802:WSB1	83	12	17	25621106	25640657
ENSG00000135390:ILMN_1669102:ATP5G2	107	19	12	54058950	54071182
ENSG00000149131:ILMN_1670305:SERPING1	115	18	11	57364860	57382326
ENSG00000151322:ILMN_1671398:NPAS3	122	23	14	33408449	34273382
ENSG00000148737:ILMN_1672486:TCF7L2	128	14	10	114710009	114927437
ENSG00000086061:ILMN_1672496:DNAJA1	128	15	9	33025209	33039905
ENSG00000050820:ILMN_1672596:BCAR1	129	6	16	75262928	75301951
ENSG00000135899:ILMN_1672661:SP110	129	17	2	231032009	231090444
ENSG00000181045:ILMN_1672930:SLC26A11	131	4	17	78194229	78227299
ENSG00000180205:ILMN_1677734:WFDC9	158	12	20	44236578	44259907
ENSG00000171723:ILMN_1677962:GPHN	160	0	14	66974125	67648520
ENSG00000152457:ILMN_1678464:DCLRE1C	162	15	10	14939358	14996431
ENSG00000091831:ILMN_1678535:ESR1	162	24	6	151977826	152450754
ENSG00000104341:ILMN_1680196:LAPTM4B	173	9	8	98787809	98864826
ENSG00000132692:ILMN_1680300:BCAN	173	22	1	156611182	156629324
ENSG00000136247:ILMN_1683544:ZDHHC4	193	1	7	6617065	6629005
ENSG00000004799:ILMN_1684982:PDK4	201	12	7	95212811	95225803
ENSG00000107551:ILMN_1690566:RASSF4	233	0	10	45454855	45490172
ENSG00000144320:ILMN_1695087:KIAA1715	259	8	2	176788620	176867567
ENSG00000110619:ILMN_1696066:CARS	265	4	11	3022152	3078667
ENSG00000117289:ILMN_1697448:TXNIP	272	20	1	145438469	145442635
ENSG00000171951:ILMN_1703178:SCG2	305	4	2	224461658	224467221
ENSG00000057149:ILMN_1703855:SERPINB3	308	19	18	61322431	61329197
ENSG00000108424:ILMN_1703949:KPNB1	309	7	17	45727275	45760998
ENSG00000157181:ILMN_1704222:C1orf27	310	16	1	186344970	186390507
ENSG00000103253:ILMN_1706262:HAGHL	321	12	16	776958	797295
ENSG00000124151:ILMN_1708805:NCOA3	334	20	20	46130646	46285616
ENSG00000107551:ILMN_1708890:RASSF4	335	4	10	45454855	45490172
ENSG00000163820:ILMN_1709032:FYCO1	336	2	3	45959396	46037316
ENSG00000084234:ILMN_1710482:APLP2	343	1	11	129939716	130014703
ENSG00000149131:ILMN_1711272:SERPING1	347	9	11	57364860	57382326
ENSG00000092421:ILMN_1713529:SEMA6A	360	12	5	115779251	115910551
ENSG00000160339:ILMN_1714057:FCN2	363	2	9	137772654	137779924
ENSG00000146267:ILMN_1715096:C6orf168	368	12	6	99728536	99797938
ENSG00000122786:ILMN_1717990:CALD1	384	8	7	134429003	134655470
ENSG00000156966:ILMN_1721523:B3GNT7	402	22	2	232260254	232265875
ENSG00000139117:ILMN_1722294:CPNE8	407	7	12	39045992	39301182
ENSG00000171723:ILMN_1723607:GPHN	414	15	14	66974125	67648520
ENSG00000140526:ILMN_1723662:ABHD2	414	19	15	89631405	89745591
ENSG00000122786:ILMN_1730487:CALD1	451	12	7	134429003	134655470
ENSG00000144061:ILMN_1730796:NPHP1	453	10	2	110879888	110962643
ENSG00000135899:ILMN_1731418:SP110	457	6	2	231032009	231090444
ENSG00000132692:ILMN_1732154:BCAN	460	24	1	156611182	156629324
ENSG00000121381:ILMN_1732309:TAS2R9	461	17	12	10961693	10962767
ENSG00000135577:ILMN_1735704:NMBR	478	17	6	142379467	142409936
ENSG00000181045:ILMN_1739751:SLC26A11	501	2	17	78194229	78227299
ENSG00000154227:ILMN_1743142:LASS3	519	12	15	100940600	101084925
ENSG00000164292:ILMN_1744949:RHOBTB3	528	3	5	95066879	95132071
ENSG00000114439:ILMN_1745415:BBX	530	15	3	107241783	107530171
ENSG00000134352:ILMN_1746604:IL6ST	536	24	5	55230923	55290772
ENSG00000109046:ILMN_1747759:WSB1	542	12	17	25621106	25640657
ENSG00000135297:ILMN_1748147:MTO1	544	3	6	74171301	74218959
ENSG00000151322:ILMN_1752550:NPAS3	566	23	14	33408449	34273382
ENSG00000129472:ILMN_1753002:RAB2B	569	6	14	21927179	21945132
ENSG00000102144:ILMN_1755749:PGK1	583	12	23	77320685	77384793
ENSG00000233224:ILMN_1756022:HIST1H2AM	584	14	6	27860477	27860963
ENSG00000128284:ILMN_1756862:APOL3	588	18	22	36536377	36562225
ENSG00000162599:ILMN_1758049:NFIA	594	21	1	61330931	61928465
ENSG00000188488:ILMN_1759910:SERPINA5	604	10	14	95047731	95059457
ENSG00000196642:ILMN_1760628:C9orf86	608	14	9	139694818	139735639
ENSG00000143420:ILMN_1760779:ENSA	609	10	1	150573327	150602098
ENSG00000101871:ILMN_1761858:MID1	615	6	23	10413596	10851773
ENSG00000144061:ILMN_1764127:NPHP1	627	9	2	110879888	110962643
ENSG00000159197:ILMN_1769143:KCNE2	652	24	21	35736323	35743440
ENSG00000188672:ILMN_1770591:RHCE	661	9	1	25688741	25756683
ENSG00000127084:ILMN_1772686:FGD3	671	21	9	95709733	95798518
ENSG00000184156:ILMN_1775004:KCNQ3	683	7	8	133139193	133493200
ENSG00000120327:ILMN_1778327:PCDHB14	699	17	5	140602946	140605869
ENSG00000101846:ILMN_1778956:STS	703	3	23	7137497	7272851
ENSG00000063169:ILMN_1782829:GLTSCR1	722	21	19	48111453	48206534
ENSG00000138193:ILMN_1784447:PLCE1	730	1	10	95753746	96088149
ENSG00000144061:ILMN_1784478:NPHP1	730	7	2	110879888	110962643
ENSG00000119711:ILMN_1785284:ALDH6A1	734	7	14	74526891	74551196
ENSG00000100664:ILMN_1786734:EIF5	741	8	14	103800493	103811359
ENSG00000003402:ILMN_1789830:CFLAR	756	10	2	201980827	202029033
ENSG00000103253:ILMN_1793201:HAGHL	772	21	16	776958	797295
ENSG00000160339:ILMN_1793504:FCN2	773	23	9	137772654	137779924
ENSG00000078898:ILMN_1796928:BPIL1	792	0	20	31595406	31611515
ENSG00000134352:ILMN_1797861:IL6ST	797	0	5	55230923	55290772
ENSG00000147614:ILMN_1799889:ATP6V0D2	807	7	8	87111133	87166457
ENSG00000183668:ILMN_1801776:PSG9	816	11	19	43715943	43773685
ENSG00000026508:ILMN_1803429:CD44	824	10	11	35160417	35253946
ENSG00000135390:ILMN_1807798:ATP5G2	845	21	12	54058950	54071182
ENSG00000151322:ILMN_1808326:NPAS3	848	15	14	33408449	34273382
ENSG00000108106:ILMN_1808591:UBE2S	850	4	19	55912652	55919325
ENSG00000123838:ILMN_1810752:C4BPA	861	15	1	207277607	207318317
ENSG00000167283:ILMN_1812638:ATP5L	871	21	11	118272104	118280559
ENSG00000135899:ILMN_1813455:SP110	875	18	2	231032009	231090444
ENSG00000196628:ILMN_1814194:TCF4	879	7	18	52889562	53303185
ENSG00000100664:ILMN_1815733:EIF5	886	6	14	103800493	103811359
