FID	IID	1	2	3	4	5	6	7	8	9	10	11	12	13	14	15	16	17	18	19	20	21	22	23	24	25
BLSA	745	0.467830145	0.02150175	0.22110231	0.056390089	-1.134364814	0.471670462	0.113543781	0.807339291	-0.115379999	0.499436969	0.2335249	0.409918461	0.330596444	0.15858389	0.046489439	0.226160519	-0.151024532	-0.339005451	-0.447969569	-0.208966705	0.052122656	0.492727497	-0.321250848	-1.127948969	-0.115908966
BLSA	827	0.665859264	0.067579762	0.23426131	-0.004832052	1.298448123	0.018268575	0.155104652	0.688624107	0.46630214	0.182483236	0.054468447	0.28701559	0.268226546	0.400482825	0.120937447	0.100962984	-0.020305706	-0.063840075	-1.081712641	-0.344087882	-0.128388615	-0.166853104	-1.430658602	-0.237363931	0.022122218
BLSA	1556	-0.194394143	-0.220452331	-0.144014448	0.017940838	0.555539233	0.283432	-0.265422371	-0.062132155	-0.005510692	0.09965869	0.200600515	0.744649572	0.072937571	-0.401154053	0.022375291	-0.123646437	0.61044102	0.288615015	0.14744745	-0.187458722	0.23816275	0.150660526	-1.247411463	0.367807471	-0.19667065
BLSA	1579	0.12453264	-0.202179646	-0.272099288	-0.178968329	-0.558113815	-0.1753885	-0.282463787	-0.378070507	-0.225755547	-0.123474191	-0.093655094	-0.17626042	-0.28677149	0.290184968	-0.09300003	-0.183304366	0.014153973	0.088778002	0.231862933	-0.333511023	-0.216948791	-0.158258221	0.098570168	0.153597953	-0.312115336
BLSA	1595	1.020059428	NA	0.437940212	-0.162235128	-0.926221927	0.421105732	0.490868575	-0.067334103	0.180465948	0.390599346	-1.233869413	-1.701868194	0.618040278	0.295430762	-0.107646053	0.543913179	-0.154042492	-0.783389335	0.087111477	-0.013397619	0.443997758	0.166294998	1.113098377	-0.313157969	0.625577846
BLSA	1603	-0.368036019	-0.0212363	0.326098225	-0.252622835	-0.68782583	-0.141146218	0.076238535	-0.214125454	0.188503988	-0.124645757	-0.000848702	-0.784468144	0.004569321	-0.239349136	-0.061070501	-0.33777868	-0.294934438	-0.088342682	0.342929815	0.531758558	0.070722718	-0.144674678	0.758061571	0.034504212	0.075874443
BLSA	1640	0.291138446	0.170162248	-0.109698049	-0.23856487	0.585612664	-0.022976625	-0.039980236	-0.22015672	-0.00869883	0.080067206	0.008032361	0.986165311	-0.144307794	-0.076507253	-0.014997144	0.164867025	0.211426065	0.317507547	0.147592402	-0.063518339	0.014181248	-0.007650929	-0.487209406	0.124641802	0.16342106
BLSA	1775	-0.759549578	-0.236994237	-0.504781356	-0.024301853	2.081399388	-0.129302846	-0.050423969	0.979429453	0.239397502	-0.223056171	-0.301888808	-0.730523659	0.031261609	0.273549303	-0.213473508	-0.146188023	-0.39266043	-0.229046652	-0.452818937	0.252693211	-0.33042575	0.123275179	-0.784459039	-0.534792552	-0.17219525
BLSA	1802	-0.577169083	-0.005389549	0.005527274	-0.196159512	-0.178524425	-0.098485125	-0.054481398	-0.232942904	-0.120117214	-0.127343573	0.262060182	-0.035960149	-0.147305857	-0.253855	0.110871094	-0.20407493	-0.149669195	0.083160026	0.282775591	0.190328253	-0.087047909	0.033203336	0.621639125	-0.291979201	-0.023296588
BLSA	1805	-0.466165103	-0.003125159	0.082532164	-0.375561728	-0.863894201	-0.244414254	-0.083581864	-0.344766685	0.186422319	-0.274806632	-0.099683278	-0.594236062	-0.255036918	-0.445450287	-0.090739782	-0.480296587	-0.161833168	-0.00729235	0.526887403	0.667700106	0.018455027	-0.233791041	0.84226845	-0.010028455	-0.117524295
BLSA	1838	-0.361126717	-0.188291584	0.091221064	-0.187872577	-0.560146728	0.094787847	-0.05620595	0.266160516	-0.158447807	-0.030712685	0.070344406	0.041498588	-0.10617188	-0.13585491	-0.032087746	0.166829911	-0.195597712	0.170682284	-0.013252896	-0.039162899	-0.156740624	-0.017614067	-0.117014867	-0.609337618	-0.038589558
BLSA	1839	-0.610464423	0.037090743	-0.013486181	-0.040300381	-0.989629695	-0.164809424	0.151362412	0.120978677	0.096917703	-0.315017874	0.128445179	0.035303108	-0.005157569	-0.050984836	-0.011471536	0.186848466	-0.266525253	0.064980769	-0.075403353	0.143832162	0.000951452	-0.097600764	0.384945095	-0.336052573	-0.102227952
BLSA	1840	-0.022274743	0.061742029	-0.259836789	0.146346935	-0.170735396	-0.233913996	-0.295975183	-0.17308659	0.101483815	0.02477978	0.092223409	-0.27293191	-0.115473327	-0.208484568	-0.009676789	-0.091656376	-0.085483017	0.120774876	0.170703957	0.240839595	-0.207742067	-0.109281192	0.348495436	-0.019248552	-0.284146083
BLSA	1883	0.256943211	-0.141154526	-0.067055818	0.071646117	-0.31135113	-0.077585117	0.02246331	-0.2125028	0.007071047	-0.048958324	-0.107779329	0.015670289	-0.105253546	0.256837051	-0.10327941	0.11541427	0.054703637	-0.005935495	0.024140125	-0.144113521	-0.116408265	-0.090019637	-0.277763661	0.268521187	-0.025411037
BLSA	1889	-0.228572775	0.120940946	0.0662299	0.24161392	-0.048719722	-0.143040521	-0.016528712	-0.270737863	-0.148669321	-0.122884317	0.228524019	-0.284603354	-0.163039194	0.007999765	-0.015872414	-0.281813408	-0.110705603	0.077516915	0.287306271	0.196469604	-0.024330663	-0.04298457	0.702999979	0.201761297	-0.081069852
BLSA	1924	-0.253273281	-0.002843387	-0.056764383	-0.328205713	-0.291587804	-0.051344776	-0.036801358	-0.116370423	-0.126418367	-0.079880407	-0.155750399	-0.033992183	-0.048887856	0.16689884	-0.026237421	0.151628187	-0.15865292	-0.097347893	0.075041708	-0.336733857	0.026450863	-0.152870804	0.495089193	0.069585027	0.024926296
BLSA	1961	0.123956644	0.171057886	0.295888775	0.127658529	-0.533725037	-0.063185475	0.148200833	-0.316994531	0.184378248	-0.018120618	0.233729812	-0.324696921	0.094163595	-0.432730534	0.121009677	-0.189453394	0.472805743	0.166910943	-0.044401107	0.302034246	0.141214987	0.021847258	-0.297085528	0.548233421	0.002328394
BLSA	2000	-0.364551299	0.083737085	-0.019054897	0.009083393	1.105037027	-0.160957915	-0.142750726	0.062843311	-0.111070483	-0.038461648	0.145175309	0.249635496	-0.146334241	0.040164514	-0.079619042	-0.221657067	0.230728139	-0.213629338	0.200296102	0.214481783	-0.083795981	-0.061764396	0.128389725	0.800892151	-0.058101664
BLSA	2020	0.363939616	-0.032213768	-0.160996131	-0.008021545	0.210871387	0.059230491	0.004954997	-0.084824743	-0.082709644	0.070340697	-0.102376843	0.392711003	-0.070624606	0.138798324	0.00849906	0.28053054	0.079559732	-0.011969282	-0.114019675	-0.36013329	0.034477992	0.124072144	-0.293688992	-0.401921628	-0.00941043
BLSA	2037	0.04852725	0.104413169	-0.149150474	0.44543411	0.641632197	-0.082312944	0.034380441	0.088921442	-0.120779152	-0.046612609	-0.012130034	0.283952352	0.021358049	-0.013427074	0.011599708	0.2780592	0.119215453	0.224749454	0.28249984	-0.310614064	-0.220077887	-0.123386465	0.13560471	0.002818886	0.121256273
BLSA	2066	0.063594124	-0.03689802	-0.128633332	0.035697286	0.179701326	-0.084461391	-0.019095405	-0.141650268	-0.128450035	-0.064971821	-0.002315918	-0.348899878	-0.037330434	0.076045503	-0.039481337	-0.362123138	-0.046988678	0.060384676	0.019722519	-0.035286593	-0.036023272	-0.058829099	0.000444419	0.785973974	-0.042430855
BLSA	2069	-0.011842461	0.253309213	-0.042102164	0.077092708	-0.164268073	0.086428843	0.0257058	0.106604815	-0.097265456	-0.019511507	0.264500037	0.877779837	-0.062513741	-0.165425377	0.136451435	-0.109527995	0.053885128	0.212648964	0.064885073	0.137689128	0.122887443	0.170715824	0.06652543	-0.215894608	0.213654606
BLSA	2093	0.168839059	-0.058231314	-0.0730313	0.305606078	0.267098254	-0.082099513	0.072228446	-0.042503752	-0.045050791	-0.095152308	-0.028676198	0.146120984	-0.16366441	0.552022764	0.070512098	-0.171198329	-0.182566146	-0.315493724	-0.056282201	-0.099637669	-0.100793332	-0.132793844	0.501995085	0.342562889	-0.143128758
BLSA	2102	0.622199798	0.057474989	0.239903375	0.463136523	0.493768998	0.520500689	0.048659179	-0.242702115	-0.156619372	0.40624452	0.21734544	0.818020282	0.41671945	-0.23377548	0.249907464	0.687504449	0.5240704	0.278582806	-0.605342288	-0.401204464	0.545098263	0.315576048	-0.941584355	0.396825786	0.473066139
JHU	384	-0.059732361	-0.002984715	-0.195803125	-0.070511506	-0.560949097	-0.212185869	0.027568096	-0.207687506	0.231670642	-0.113790793	-0.010523688	-0.33996555	-0.131704319	0.024622374	-0.138458856	0.45057372	0.035514088	0.004474305	-0.087991934	0.314779167	-0.181604547	-0.067574483	0.361505526	0.076771758	-0.066487686
JHU	705	-0.857893666	-0.00860813	0.100846865	-0.209367748	-0.021262327	-0.105387568	-0.016674393	-0.122730195	-0.053157458	-0.099630482	-0.029839028	-0.359248374	-0.106284449	0.235284315	0.047496602	-0.220024541	-0.030574567	0.016286259	0.034939001	0.30680215	-0.12687342	-0.086607282	0.843028358	-0.081480031	0.066451592
JHU	710	0.250697289	0.041288451	-0.051647104	0.071958006	-0.254703144	0.068499392	0.103097888	-0.000942843	0.027282418	0.187953861	-0.038564158	-0.101149894	0.121161029	0.31789621	0.083340747	-0.075147044	-0.06754476	-0.038951604	-0.171171064	-0.176802827	0.026366876	0.13873618	0.231242697	0.506595692	0.078685514
JHU	712	0.34594595	0.026073464	0.01901501	0.048953972	-0.019848659	0.038143054	0.080891792	0.284301983	-0.018801696	0.062524583	0.039234015	-0.019993293	0.035730176	0.206150852	0.072759872	0.001202727	0.057893803	-0.179376007	-0.249761733	-0.107960767	0.208752043	0.148473921	-0.23024708	-0.108051389	0.007534726
JHU	713	0.418233911	0.059160651	0.127809808	0.086856989	1.609697413	0.023339868	-0.216004838	0.562690603	-0.373370423	-0.169596121	0.062125669	0.243341881	0.269766193	-0.46387657	-0.213065082	-0.084672143	-0.223108169	-0.094007402	-0.322049974	-0.024168557	0.008010541	-0.165184148	-0.653683822	-0.95296426	-0.32169702
JHU	719	-0.769656031	0.146725131	-0.06679015	-0.039426455	-0.706436918	-0.060723111	0.067824551	-0.121866622	0.10655167	0.105477696	0.133817787	-0.311938043	0.057675819	-0.180883665	0.094800381	-0.304898317	0.211625738	0.191946206	0.487356521	0.284996914	0.017060993	0.02349845	0.31477701	0.284855615	0.013248663
JHU	993	0.755471934	-0.282219686	-0.161376493	0.14870794	0.110664238	0.240601491	-0.069930285	-0.094338345	-0.074079404	0.079538831	-0.070268306	0.697717687	-0.207865365	-0.134272318	0.041963935	0.121778489	-0.269873826	-0.19257655	-0.140136925	-0.526353596	0.16184611	0.045249703	-0.755043389	0.190816406	0.259360655
JHU	994	-0.430360327	-0.153833242	0.359082766	-0.098761773	-0.139164915	-0.06759912	-0.06534258	-0.265924684	0.151004569	-0.195436333	-0.079451167	-0.134185133	-0.179914661	-0.034403797	-0.10433799	-0.052900438	-0.020695438	0.169728651	0.151432322	0.286489957	-0.160634448	-0.154268369	-0.028283162	-0.086921186	-0.074745683
JHU	995	0.347293301	0.174398076	-0.131137576	0.061590575	-0.01799659	0.075311862	0.088569769	-0.03350239	0.002899682	0.142958756	-0.006531124	0.325420719	0.141435577	0.029482599	0.115500392	0.164087547	0.306763131	0.12247614	0.297383787	-0.357782441	0.047075853	0.117676028	-0.083296139	0.170377396	0.037649239
UMARY	142	0.564733809	-0.12510523	0.092368557	-0.033235868	0.1060617	0.152680948	0.007974793	0.194963658	-0.154378381	0.060344744	-0.032400135	0.059174888	0.061321423	0.277383969	-0.026589923	0.2598909	-0.047754732	-0.257316735	-0.331724932	-0.401000484	-0.005578542	-0.029516108	-0.111554152	0.149472274	0.013543761
UMARY	602	-0.169054091	0.02967437	-0.188627379	0.093703326	-0.092028317	-0.034032171	-0.029251674	0.027642138	-0.146078341	0.03424335	0.141022458	0.165111301	-0.100754354	0.111051437	0.096758844	0.27477812	-0.209520654	0.099046537	-0.291840852	0.101071525	0.011795772	0.015565681	-0.021756349	0.187898071	0.03517555
UMARY	604	-0.561513342	0.813812685	0.061249551	0.03431563	-0.14757823	-0.054902741	0.021544	-0.034262585	0.05896336	0.072456737	0.096869947	-0.169137797	0.072085128	-0.144810452	-0.037785964	-0.121053603	-0.041638857	0.152413383	0.201756142	0.070073172	-0.047804015	-0.031029329	0.356066483	-0.299282708	0.014407637
UMARY	813	-0.063209755	0.044954902	0.113973772	0.079506546	-0.594865803	0.085960959	0.084682633	-0.047278606	0.102041622	0.045410689	-0.058880762	0.018262482	0.096384769	-0.093840662	-0.020104255	-0.093519381	0.043029388	-0.001734868	0.114192726	0.267715409	0.128832275	0.034160653	-0.08303945	-0.020699789	0.097289811
UMARY	819	0.271190266	-0.007557883	-0.005417751	-0.002243636	-0.020302444	0.050571044	0.060372344	0.026128234	0.122151489	0.033687477	-0.027843412	-0.248241598	0.002773411	0.118836877	-0.042819879	-0.04485249	-0.060403631	-0.08920137	0.156528697	0.050979603	0.057490092	-0.057033732	0.254044047	-0.191113444	0.007521655
UMARY	871	0.072036006	-0.024480253	0.027440481	0.061873328	-0.579795682	0.014520583	0.076970211	0.033359053	0.095320488	0.18773914	0.009197354	-0.212367331	0.010634469	0.042249947	0.037584967	0.016065766	0.021578184	0.054825539	0.022399833	0.090787107	0.060217892	0.032921786	0.289960483	0.298763997	0.070220946
UMARY	879	-0.17127461	-0.076927534	0.208631095	0.000868097	0.431641554	0.045513457	0.05800223	-0.016708127	0.080416983	-0.00072456	-0.136981173	-0.190277611	-0.05978002	-0.092798423	-0.002137305	-0.308600772	0.04727745	-0.121525897	0.255831679	0.221144535	-0.042724136	-0.112713771	0.219844443	-0.102449223	0.015107419
UMARY	880	0.328429267	0.04733437	0.081453839	0.113409783	-0.028184538	0.078130383	0.142652441	0.11989458	0.017873215	0.205849967	0.175091276	0.020526352	0.233197848	0.530360367	0.16178394	0.418165318	0.125776363	-0.424570593	-0.197037635	-0.299271737	0.163811521	0.197723973	-1.229109056	0.41477229	0.137403569
UMARY	914	-0.289686439	-0.189389249	0.15855357	-0.030530943	1.097903314	-0.078756725	-0.078674642	-0.007671679	0.007482521	0.022473031	0.083469009	0.002477791	-0.009188435	0.018878981	-0.02117887	-0.052136338	-0.246456925	-0.172304197	-0.135396699	0.201276737	-0.016474501	0.010128625	-0.404232977	-0.419804658	0.049460733
UMARY	933	-0.522365999	0.093823471	-0.389667229	0.023725224	-0.386945556	-0.160657192	-0.072995379	-0.015391834	-0.017658646	-0.126233125	0.090485737	0.177512265	-0.171819004	-0.161633057	-0.045226363	-0.064802485	0.14718359	0.43441055	-0.005404564	-0.062711052	-0.074623208	-0.048346899	-0.421861514	-0.033851964	-0.065909493
UMARY	1028	-0.434676676	-0.164447649	0.224186276	-0.208766984	-0.458118881	-0.218855825	-0.063329563	-0.168888184	-0.067898478	-0.244818522	-0.133790387	-0.206206588	-0.304286631	-0.399415482	-0.166060781	-0.169883904	-0.003820104	-0.206115127	0.10522038	0.055508055	-0.109179884	-0.135796957	0.480162552	-0.259664489	-0.228364922
UMARY	1037	-0.554817372	-0.04936582	-0.199795007	-0.098748768	-0.066456304	-0.13812632	-0.135045233	-0.020772444	-0.159949502	-0.064390798	0.215195267	-0.122888517	-0.077785197	-0.027215953	-0.048171226	-0.165315389	0.088128807	0.003726683	-0.065508557	0.131611866	-0.13193031	0.063769658	-0.282464004	-0.143849034	-0.110007162
UMARY	1064	-0.0003041	-0.007316857	-0.099822072	0.113413932	-0.081747363	-0.043913686	0.019429714	-0.020938103	-0.020139118	0.070149784	0.141631833	0.18127293	-0.04787567	-0.023505535	0.047639807	-0.050126933	0.027694987	-0.093445845	0.148667839	-0.017773304	0.000486519	0.071989517	0.014362506	0.576919131	-0.028006951
UMARY	1065	-0.040419155	0.009875964	-0.027478464	0.103857939	0.368527856	0.052098381	0.1562358	-0.183975897	0.020372473	0.125158737	0.145718785	0.19246987	0.012374701	0.289894077	0.046459645	-0.13650126	0.296136767	-0.137645828	-0.211458534	-0.095779737	0.182137354	0.071468279	-0.269824797	0.484700915	0.031405795
UMARY	1076	-0.353092317	0.080280232	0.074920399	0.005113874	0.316259765	0.052067986	-0.001678476	0.136360323	-0.032172915	-0.056209313	0.003823007	0.073430465	0.014267728	-0.160264847	0.038141221	0.154079809	0.141227701	-0.180727448	0.103288401	-0.034632997	0.09042261	0.067947869	-0.27890513	-0.439587369	0.041100347
UMARY	1078	-0.24375063	0.06046558	-0.223230203	0.037245647	0.184798773	-0.13737624	0.035620246	-0.050543883	0.053844335	0.221081846	0.355774988	0.083511591	-0.057321662	-0.144039106	0.388125489	-0.242259991	0.20127813	0.071609006	-0.112505179	-0.121259359	-0.068362649	-0.009793493	1.038160254	0.475964678	-0.085194949
UMARY	1079	0.059932835	-0.117207696	0.331658421	-0.075868426	-0.043356003	-0.12348468	-0.123597476	-0.128831951	0.022309912	-0.130144408	-0.104548576	-0.161356386	-0.170242011	-0.184303181	-0.142287256	-0.177057402	0.077001739	-0.104703427	0.188662682	0.091771628	-0.264451526	-0.199560275	-0.004441417	0.150724089	-0.029947504
UMARY	1104	-0.026461964	0.026751791	-0.039552077	-0.048115509	0.021144164	-0.063126735	-0.116023312	0.031373158	-0.051775856	-0.04922497	-0.04388188	-0.102073299	-0.061838827	-0.119641296	-0.031760779	-0.117124715	-0.070083407	-0.007330589	0.167829236	0.261317752	-0.094202456	0.00634596	0.388854432	-0.146389272	-0.04556512
UMARY	1105	-0.063644415	0.087278003	-0.094192691	0.038444939	-0.027239553	0.172279229	0.057312331	0.128886286	-0.064730338	0.022068935	-0.002154407	0.087064656	0.094155195	-0.128201162	0.088530284	0.144590571	-0.019139987	-0.072351304	-0.33799092	-0.188307037	0.141557872	0.068998908	-0.368797058	-0.34381287	0.123779833
UMARY	1114	-0.126710956	0.567704557	-0.212100636	0.059112606	-0.189642486	0.031462017	-0.011755424	0.100586332	0.004773544	0.085179692	0.085112519	0.028425313	0.053339845	-0.384375663	0.092315692	0.068159565	0.115392309	0.259478446	0.557353987	0.00568671	0.155964785	0.090527668	-0.64131921	-0.093568291	0.058266187
UMARY	1133	-1.242640833	0.221251342	-0.168741741	0.135229901	-0.91424817	0.102099672	0.168227402	0.114005468	0.063221337	0.119444145	0.14982477	0.488878178	0.172060061	-0.109986635	0.081267948	-0.060503361	0.215556877	0.66335168	-0.081293344	-0.041862254	0.14706389	0.20933986	-1.050544869	-0.258212464	0.132754913
UMARY	1134	-0.029456266	-0.10067628	-0.18959006	0.058815376	-0.195284317	0.102117276	0.049152787	0.035299791	-0.001287964	0.011473938	0.005746946	-0.081048704	0.105196376	0.073346957	0.074731297	-0.147752368	-0.063566304	-0.076566774	0.145891984	0.057408616	0.05940968	0.002005243	-0.036817994	0.09249818	0.025409186
UMARY	1136	0.235864434	-0.122940921	0.048978785	-0.054067285	-0.125035777	-0.087757056	0.033469752	-0.158741722	0.07872952	-0.007185632	-0.016133305	-0.110793809	-0.08333363	0.039958568	-0.05214219	0.04060234	-0.001462214	0.067561767	-0.075688965	0.084429576	-0.036959424	-0.14539606	0.226803473	-0.394703513	-0.058676819
UMARY	1158	0.362215553	-0.01696038	-0.126683286	0.032239734	0.103667542	-0.00340406	0.076249935	0.071915129	-0.159371754	0.044821519	-0.002318185	0.052231311	0.063469829	0.144224468	-0.090897142	0.264552324	-0.122970221	0.104811192	-0.266775132	-0.169001556	-0.021738544	0.01129138	-0.287727521	0.093578344	0.016333107
UMARY	1170	-0.224971636	0.006845995	-0.002171815	0.014940105	-0.050467599	0.056898956	0.093071741	0.05409225	-0.06835031	0.046781253	-0.04677588	0.142598403	0.007713905	-0.003983239	0.050491706	0.160546107	-0.066941432	0.064033049	-0.167847246	-0.191277776	0.04849677	0.015216701	-0.446715507	-0.212785019	-0.021862671
UMARY	1206	0.678993251	-0.041190666	-0.085292879	-0.021451595	0.15367753	0.040681876	0.145704996	0.122740996	0.02589154	0.01258451	0.021944518	0.044402148	0.081959646	0.222508999	-0.066353907	0.352802788	-0.139796674	-0.173565983	-0.207621821	-0.236169658	0.021115646	0.041668686	-0.066622503	0.458403753	-0.033601431
UMARY	1209	-0.033452422	-0.079513273	-0.190556191	-0.009656655	-0.258917031	0.052841442	-0.078855266	-0.032591054	-0.039073815	0.139142165	-0.054104188	0.108452521	0.038498675	-0.086728474	-0.074560902	-0.027815654	-0.229590915	0.258061111	0.047432954	-0.029889295	0.049963381	0.031597854	0.046010304	-0.065130528	0.087502208
UMARY	1226	0.181476717	0.031173515	-0.161148069	0.06876231	0.306040082	0.095607085	-0.041969289	0.151193292	-0.077874922	-0.023599148	0.047208874	0.091472065	0.088396162	-0.198199489	0.07561053	-0.00264136	0.067052158	0.192736219	0.120777462	-0.123033217	0.091764294	0.061505505	0.2345794	-0.000226573	0.090692684
UMARY	1230	-0.071634045	0.152589278	-0.140142028	-0.045654215	-0.365870034	-0.029732815	-0.092433233	-0.045579934	-0.05006924	-0.067117146	0.063272395	0.011589945	-0.031877816	0.000756959	-0.112029239	-0.083480648	0.022797934	0.135772524	0.008684396	0.197365339	-0.032330773	0.027639017	-0.019760246	-0.246950476	-0.025698349
UMARY	1260	0.408533697	0.112035812	0.078120444	0.120157387	-0.177866698	0.182399445	0.03096617	0.173101436	-0.069762004	0.227046429	0.096435835	-0.070368558	0.179240189	0.108993676	0.152659398	-0.008921864	-0.027737609	-0.156961453	-0.112763385	-0.058668985	0.163132042	0.164339111	0.529065188	0.040180019	0.179056285
UMARY	1326	0.006924019	-0.037869959	0.309025724	-0.077712189	-0.103005202	0.05720131	0.009517574	0.000560944	0.105221679	-0.039228142	-0.046282682	-0.140401025	-0.008045355	-0.078979525	0.043933	-0.129917511	0.109783331	-0.155572194	0.215880575	0.226727586	0.02803685	-0.013507896	-0.22092403	0.187144819	-0.01702595
UMARY	1454	-0.110242863	0.058335421	-0.217989731	0.013646202	0.301743637	0.015325726	0.076173955	-0.01777559	-0.160995074	0.078655279	0.019374748	-0.051949417	-0.023570885	-0.011873092	0.014318623	-0.004423215	0.019526734	-0.02780704	0.159601845	-0.245780245	-0.032052235	0.031788497	-0.090943853	0.313128385	-0.051874377
UMARY	1465	0.578525168	-0.226331613	-0.045740317	-0.103072641	0.405866802	-0.020750691	0.082261629	-0.056510745	-0.134075882	-0.127164446	-0.067037572	-0.114163245	0.023106418	-0.058151285	-0.125776218	-0.002398953	-0.130893341	0.072360823	-0.007418148	-0.29144912	-0.001848994	-0.006889396	-0.238273002	-0.643335477	-0.001531041
UMARY	1486	-0.075640362	-0.170428788	0.22852623	-0.144994095	-0.021342954	-0.094254542	-0.045057228	-0.137938757	0.054825266	-0.22369559	-0.052529794	-0.113491554	-0.140831616	-0.031282679	-0.121503645	-0.002728008	0.060194919	-0.16035201	0.16043095	0.180770696	-0.118147916	-0.101846213	0.038117672	0.463350228	-0.095210171
UMARY	1498	0.409233905	0.126131471	0.286634141	-0.014614767	-0.069372865	0.009057515	-0.019182191	0.049439132	0.013988824	0.033443049	-0.076723705	-0.129446822	-0.110292615	0.211439508	0.012942753	0.057955531	-0.090034194	-0.143313536	-0.239422028	0.038927164	-0.004223978	-0.044079747	0.307727871	0.494193452	0.025459125
UMARY	1502	-0.225941062	-0.084355484	0.010093094	-0.028273163	-0.387176582	-0.125583504	0.008402204	-0.071960854	0.210966121	-0.0245507	-0.161758611	-0.056043558	-0.150848109	-0.19300405	-0.129661854	0.390497851	0.122902217	0.138352021	0.198098057	0.393989247	-0.149835366	-0.09855954	-0.219944385	-0.468541687	-0.152614507
UMARY	1535	0.11279904	-0.042093213	-0.17606035	-0.114536971	0.139931718	0.030909144	-0.001213537	0.029871179	-0.093184293	-0.029970164	-0.022764286	0.102724045	0.003041212	0.042681809	-0.051262117	-0.073056019	0.038705568	0.091143647	-0.047186891	-0.172612131	-0.000921047	-0.004478514	0.253568442	0.352798657	0.001710313
UMARY	1540	0.088965843	0.007947945	-0.213273653	-0.02381664	-0.296289147	0.003299715	0.106170938	-0.09825746	0.134910747	-0.055698642	-0.207104601	-0.22700912	-0.032998637	-0.291753676	-0.071061508	-0.060755765	-0.016640606	0.204632049	-0.092826673	0.434092279	0.013513745	-0.006068653	0.809211543	-0.412353867	-0.055519647
UMARY	1541	-0.066369069	0.007103023	0.187757127	0.074528392	-0.363855533	0.105586517	0.047296058	0.010774454	-0.028118773	0.087845726	0.119508905	0.049526402	0.119153603	-0.160681141	0.107794752	0.027089767	0.074831988	-0.07814895	0.023336827	-0.199355487	0.07542147	0.028732048	0.283265804	-0.220334682	0.105696805
UMARY	1544	0.270761019	-0.052050561	0.090670433	-0.101095192	-0.202843219	-0.087592889	-0.045815416	-0.057372745	-0.034875134	-0.169342941	-0.06596994	-0.195545176	-0.016570385	0.101485403	-0.09586951	-0.163146986	0.082203106	-0.050881715	0.340514229	0.101003671	-0.099651176	-0.081221914	-0.071717523	-0.002724928	-0.047667424
UMARY	1545	-0.869452787	0.142458945	-0.094893683	0.181532902	-0.664386152	0.127663083	0.119474997	0.030066468	-0.058716081	-0.055626222	0.116029525	0.046673245	0.142876284	-0.266542038	0.105897135	-0.191210507	0.023906401	0.194668293	0.180110256	0.067507109	0.181208459	0.065019544	0.023090465	-0.70058918	-0.000269612
UMARY	1568	-0.184356808	0.10340031	-0.170120375	-0.023371775	-0.872624985	-0.067512681	0.059280021	0.054263766	-0.115687452	-0.107724357	0.041443375	-0.073312543	-0.00250354	-0.125862905	-0.007192329	0.145260066	-0.008795913	-0.079546001	0.262790536	-0.165276892	-0.028758063	-0.039132091	-0.040096444	-0.373120743	-0.075530889
UMARY	1570	0.52772223	-0.027010299	0.155622937	0.014844609	0.247109108	0.017845771	0.080575869	0.070216792	0.100022381	0.070931054	-0.107977955	-0.031033543	-0.013124358	0.088492898	-0.010908825	0.042554342	-0.102469409	-0.180606191	0.049213951	0.122521546	0.04090037	-0.019713308	0.209589207	-0.00761218	0.05041677
UMARY	1571	-0.581308432	0.300158329	0.038452854	0.055775897	-0.547489898	-0.052598151	0.055055453	-0.090848679	0.290041697	-0.189058273	0.0242311	0.053435406	0.04041432	-0.39861103	0.056071471	-0.061067532	0.065738485	-0.072501022	0.542866641	0.295010293	0.154262835	-0.03536756	-0.057612279	-0.383010629	-0.025896442
UMARY	1578	-0.377901504	0.191775805	-0.067284593	-0.066844132	-0.697616628	-0.158703752	0.000753361	-0.114157203	0.117771326	-0.113458547	0.017097389	-0.215968756	-0.1241407	-0.288505066	0.003883343	-0.273614076	0.071675938	-0.13169431	0.206536107	0.33627223	-0.128670914	-0.038320159	0.317753899	-0.113284387	-0.07035935
UMARY	1583	0.596459351	0.030899431	-0.059282373	-0.011461129	1.406119304	0.009163139	-0.028744277	0.07558779	-0.067971604	0.199438204	0.084093462	0.114807358	0.146518813	-0.066864847	0.065900664	0.597894743	0.264963953	0.038451786	-0.091610815	-0.312244087	0.075636411	0.024409627	-0.49939196	0.540316551	0.089585629
UMARY	1584	-0.059451266	-0.004520793	0.220114009	0.080254992	-0.336627786	-0.018019713	-0.00884992	-0.076736039	0.180624759	-0.020490401	0.027871229	0.060923079	0.000207868	-0.133537885	0.227120424	-0.1111968	-0.03613402	-0.041215532	0.162873474	-0.019815267	-0.017982213	0.10342651	-0.477560456	0.462848447	-0.045168461
UMARY	1611	0.236460114	0.001563056	0.304652922	-0.046990919	0.305002743	-0.125688353	-0.153072579	-0.099323775	-0.014981874	-0.25781579	0.031972885	0.057426253	-0.21814853	0.042609611	-0.121928019	-0.089893032	-0.218009767	0.016761386	0.288499585	0.160931498	-0.178617241	-0.113752514	0.297918598	-0.382078894	-0.210164921
UMARY	1612	0.128109855	-0.07977176	0.149452229	0.075215204	0.349566586	0.018446335	-0.070219615	0.051229032	0.019223068	0.119018891	0.121162223	0.112955002	0.155049473	0.417683478	0.201667515	0.020765977	0.069411878	0.014552089	-0.478241721	-0.261770383	0.029266126	0.066438383	-0.372442181	0.472986101	0.043193777
UMARY	1613	0.700900272	-0.018809376	-0.257116628	0.02876673	1.457420585	0.016793337	0.10366383	0.59127794	0.085460209	0.294408021	0.023356559	0.209066128	0.022021983	0.102517406	-0.056030615	0.370925537	0.148274139	-0.220239703	-0.131848588	-0.258454304	-0.02800056	0.050788593	-0.195337303	0.369661629	0.117657718
UMARY	1614	-0.189471925	0.003119713	-0.071623228	0.098663164	-0.097035791	-0.003932814	0.184537972	0.017772297	-0.120511246	-0.002625994	0.041969844	0.139323718	0.004013066	0.152906742	0.0324921	0.096999207	-0.249225485	-0.152457651	-0.088195363	0.222890033	-0.029853696	0.022475329	0.464014961	0.338839204	0.069192567
UMARY	1648	-0.061674638	-0.060548126	0.140667855	-0.023247792	-0.326297218	-0.019812111	-0.037043232	-0.062890842	-0.093094942	0.003311672	0.005668335	-0.125476159	-0.001796074	0.27059803	0.007205308	-0.13904984	-0.167499382	0.007335328	-0.260311682	0.062735001	0.013671613	-0.010137256	0.628513386	-0.097094352	-0.024665035
UMARY	1652	0.577444493	-0.040890226	-0.284844127	0.063393985	1.40235588	-0.030410006	0.101365157	0.216428038	-0.00027146	0.159351291	0.033512195	0.135027946	0.120544205	0.175350909	0.01829274	0.347139871	0.165315272	-0.222990775	-0.410460947	-0.251954146	0.039454136	0.058332319	-0.184892816	0.770379462	-0.024382005
UMARY	1668	0.358102326	0.089528813	-0.162481299	0.047978673	0.790492628	0.078664842	0.097918122	0.240692588	-0.057198273	-0.016878443	0.060654123	0.001200069	0.113465951	-0.054345546	0.076399266	0.0024255	-0.061558669	-0.008264781	-0.08562129	-0.03270475	0.17695514	0.162559065	-0.442016238	0.225699027	0.091036931
UMARY	1710	-0.050995512	-0.180205568	0.372989802	-0.017513666	-0.303467065	0.085708769	0.072858663	-0.074719364	-0.166609293	-0.020942242	-0.012085841	-0.130948284	0.082862669	0.214510206	-0.130101017	-0.039409756	0.040147812	0.138004624	-0.1777511	-0.033275483	-0.008126562	0.005636074	-0.184112126	-0.112375113	-0.065212748
UMARY	1712	0.314873504	-0.051761172	0.046961606	0.059597139	0.309954929	0.050073515	0.023245665	0.109867971	-0.093223377	-0.017177258	-0.054300595	0.104640093	0.088161944	0.044580317	0.046539889	0.086799056	-0.087502336	-0.016000305	-0.054916852	-0.105095817	0.106582115	0.07306732	-0.259895433	0.061668232	0.085900398
UMARY	1713	-0.051531769	-0.198392425	0.115006635	0.0258955	0.462161854	-0.072832388	-0.069112476	-0.032159012	0.028961737	-0.041945318	-0.141798331	1.23E-05	0.031487305	0.060180106	-0.067063916	0.032998582	-0.078198583	0.021447216	-0.012201045	-0.15624925	-0.045385863	0.019294421	-0.186188695	-0.015888708	0.014257705
UMARY	1715	-0.138902294	-0.128663598	-0.229669444	-0.005870072	0.063149838	0.009025969	-0.092490644	0.002045138	0.134952248	-0.008799868	-0.133613466	0.016520582	0.019692365	-0.001358714	-0.013035516	0.059457346	-0.003328885	-0.171726907	-0.0817741	0.011942783	0.091371104	-0.014722821	0.496463144	-0.433064872	-0.022923911
UMARY	1792	-0.277164843	0.033491354	0.17332257	-0.016982918	-0.13620675	0.051120432	0.086426872	-0.135667396	0.080010544	-0.118157128	-0.029156501	-0.017862997	-0.035802031	-0.10219778	0.04913278	-0.182418262	-0.063215686	-0.089099508	0.057183234	0.443588261	-0.047972703	-0.060555875	0.299081232	0.015775435	-0.044441132
UMARY	1795	0.110818509	-0.221578001	0.074266786	0.000534968	-0.262417554	0.027622643	-0.07010471	-0.041687087	-0.100311206	0.069097931	0.03384443	-0.124674447	0.080348077	0.179932934	0.083650741	-0.044307384	-0.120166661	0.080330159	0.119663042	-0.202991531	-0.043976142	-0.038102729	0.269863958	0.126921125	-0.027203849
UMARY	1797	0.12217441	-0.078392362	-0.019199703	-0.08609859	-0.291459164	0.038153972	-0.132001775	-0.021128301	-0.084563541	-0.023912152	0.045897928	-0.249963904	-0.001840228	0.128017727	-0.129071375	-0.10295229	-0.046438607	-0.350307415	-0.061979153	-0.072687166	-0.112939795	0.008812879	0.006735413	-0.282329018	0.06449152
UMARY	1825	-0.130384544	-0.142034772	-0.100488166	-0.043656862	-0.067072086	-0.021847276	-0.083422042	-0.077582039	0.035809459	-0.061355804	-0.142664041	-0.289485485	-0.006766772	0.02964607	-0.127624604	-0.16853311	-0.204030223	0.054247889	0.040396057	0.111718864	-0.085127171	-0.070355025	-0.004030727	-0.293962495	-0.120752644
UMARY	1827	0.000540685	0.013858691	0.090993935	0.012508282	-0.729551201	0.003256053	0.114988065	-0.259877861	0.217920864	-0.059242666	-0.045942976	-0.045236946	0.057336131	0.054137591	-0.077722579	-0.268820609	-0.024703401	0.052708137	0.240696484	0.132347752	-0.02350829	-0.04643682	0.692632127	0.075167156	0.040855982
UMARY	1830	0.010733421	0.224788397	-0.148246588	0.108773338	-0.279668794	0.190887053	0.0532381	0.008114724	-0.125711415	0.231060191	0.076379951	0.100184641	0.093643964	0.051262383	0.164128838	0.156805931	0.013417755	-0.002807414	0.035909075	-0.300719531	0.190232725	0.140047381	0.019294401	0.36935572	0.117616687
UMARY	1846	-0.042327541	0.090580354	0.020955867	-0.08890626	-0.406082899	0.006062742	-0.030312376	-0.006721247	-0.122869971	0.222221895	-0.04626163	-0.093029173	0.007144393	-0.122425023	-0.058573652	0.268083302	-0.187912845	0.087812936	-0.020724833	-0.157938107	0.028459418	0.023375863	0.222341812	-0.249567662	-0.015951308
UMARY	1847	0.280956695	-0.077391447	-0.01875267	0.095489058	-0.360951049	-0.100400861	0.032114468	-0.122387156	0.022091309	0.136988135	-0.112112005	0.320059356	0.058130213	0.398325649	0.012202067	-0.090692805	-0.025711105	-0.053148559	0.124290882	-0.071420853	-0.024503454	-0.014549214	0.172616044	0.066183239	0.03426185
UMARY	1849	-1.09573336	-0.002198014	0.069536432	-0.126081384	0.735546156	-0.041083947	-0.003259942	-0.102709031	0.138052939	-0.205417394	-0.001732006	-0.159990654	-0.020683329	-0.382131154	-0.10451498	-0.110738123	0.109941157	0.225199156	-0.167221555	0.141717135	-0.035493063	0.020020913	-0.537775541	-0.864297676	-0.009387361
UMARY	1862	0.006642738	0.072140261	0.024420232	0.079224085	0.26673178	0.124594139	0.067427177	0.003436407	0.044542551	-0.007023259	0.033920891	-0.064221328	0.048891254	0.019016958	0.058141091	0.089319926	-0.071497229	-0.235038836	0.217328303	0.271524794	-0.015540465	0.120062018	0.677925954	0.601604446	0.028918004
UMARY	1865	0.059580165	0.037273072	0.007502748	0.013707968	-0.373736168	0.01908367	0.082940369	-0.011927455	0.042726443	0.089336124	-0.094073871	-0.19408214	0.025424857	0.170794872	0.083122531	0.028206668	-0.146005835	-0.08465299	-0.216280054	0.131432785	-0.005281288	0.018997263	0.385569812	-0.011831644	0.033764123
UMARY	1866	0.100074847	-0.196719244	0.294132502	-0.115396868	0.528865544	-0.199150549	-0.116567898	-0.101922952	-0.049942034	-0.151336196	-0.171230484	-0.091535199	-0.135273361	0.166807659	-0.032973144	-0.016712787	-0.072869836	0.02507214	-0.025304475	0.032106385	-0.056432666	-0.122192082	-0.275002625	-0.364258241	-0.197551669
UMARY	1867	0.017143002	-0.029395623	0.208451134	0.01443947	-0.572271392	0.007998469	-0.073419717	-0.136725651	0.159758026	0.011830724	-0.108959406	-0.179915872	-0.002353861	-0.07038894	-0.077061308	-0.252103697	-0.161024467	-0.113585456	-0.064861202	0.210018262	-0.090548273	-0.042281344	0.500709993	0.017783161	-0.039524536
UMARY	1902	0.23606195	-0.179594093	-0.033076876	0.007448443	-0.073705039	0.056179743	0.026110716	0.012490199	-0.043708995	0.061457421	0.04344941	-0.227155283	0.050696775	0.044859595	0.042823351	-0.030834979	-0.136378445	-0.333338897	-0.096221588	0.168854243	0.049087532	-0.011449804	0.562694453	0.167769547	0.004133268
UMARY	1903	-0.194942942	0.117876577	0.281089017	0.128147669	0.134609263	0.00937216	-0.014695196	0.046071154	0.029587164	0.072945303	0.007302359	-0.012550457	0.058134504	0.092271367	0.067669879	-0.06959477	0.089327609	-0.085937717	0.064129662	0.172034153	0.099446634	0.125808544	-0.236831083	-0.34507344	0.037912679
UMARY	1907	-0.087568855	-0.114245925	-0.156341224	0.084227091	0.012204453	-0.111491211	0.055598334	-0.027218389	-0.032306648	-0.063526011	-0.110590204	-0.220170241	-0.123959603	0.187620766	-0.099783361	-0.22282151	-0.039652475	0.261935995	0.019368458	-0.051531271	-0.120570483	-0.162861557	0.335690124	-0.097311282	-0.190785117
UMARY	1917	0.458948813	-0.020408671	0.338679032	-0.093741994	-0.644321124	-0.160665217	-0.060790252	0.057936329	0.008588283	0.107665657	0.030555592	-0.145787444	0.061123259	0.203891314	-0.119389227	-0.138623816	-0.080675666	-0.026906224	-0.059477716	-0.001040318	-0.139666275	0.012295735	0.644895907	0.233784264	-0.08579056
UMARY	1935	-0.312698746	-0.077512153	-0.165063922	-0.153112175	-0.580549554	-0.211640858	-0.024722908	-0.004849624	0.040320642	-0.226906886	-0.062716665	0.042481403	-0.126109589	-0.331727643	-0.0965934	0.044260772	0.143095701	0.176715566	-0.06582103	-0.189046147	-0.102710802	-0.079954878	-0.062472474	-0.164961891	-0.0910477
UMARY	1936	-0.437121782	-0.008009853	-0.076446569	-0.038014617	0.60576404	0.069925064	0.064617621	0.042762815	0.034402592	-0.075237326	0.06873252	0.046033289	0.067103935	-0.183247082	0.0031226	-0.165830246	0.004169704	0.406137991	0.255592428	0.177609566	-0.004472847	-0.031883997	-0.340678604	-0.593488021	0.039681995
UMARY	1939	0.959528606	-0.345426074	0.314989832	-0.0898073	0.774840812	0.480363523	-0.786922217	-0.708803209	-0.250753361	0.273155024	-0.106561171	0.284747585	-0.392320808	0.505113348	-0.056978828	0.072704544	-0.463870825	-0.251099136	-0.475370232	-0.631413514	0.062923069	-0.279444031	-0.164390837	0.226493062	0.415612778
UMARY	1940	0.184346719	-0.059428925	0.225005427	-0.038598974	0.369458288	-0.048996702	-0.001591349	-0.100682956	0.154011849	-0.011377319	0.091746081	-0.186491646	0.034197913	0.307483705	0.053608968	-0.251793651	-0.072061465	-0.125277502	-0.062512332	0.111917407	-0.022821661	-0.066370103	0.367049424	0.711561152	-0.031887559
UMARY	4263	0.209044535	-0.029143991	-0.278639918	-0.003286214	0.825282845	-0.101352044	-0.048311428	0.599724344	-0.192716648	0.063339404	-0.001066227	0.200038604	0.084792655	0.143063968	-0.030030968	0.21653288	0.2199532	-0.206771756	-0.599447132	-0.336541595	-0.081550485	0.090626897	-0.218141307	-0.298784604	0.067463903
UMARY	4540	-0.609578729	0.212406195	-0.205954028	-0.119022837	-0.244887308	0.005359119	-0.132876348	0.172950172	0.103444901	-0.135966002	-0.17173555	-0.178232969	-0.002562176	-0.178520501	-0.080185012	0.040882953	-0.046897897	0.184027895	0.04817818	0.043480672	-0.001879071	-0.004719449	-0.025129395	-0.688776004	-0.0365118
UMARY	4542	0.267897594	0.018966799	-0.151595051	0.025663437	-0.43475554	0.006875618	0.202334946	-0.04499156	0.243075231	0.123970278	0.002183774	-0.007882115	0.037337911	0.316327026	0.108163846	-0.190059439	0.157437395	-0.06659599	0.01961667	0.110283971	-0.051750844	0.038342764	0.321407072	0.869793089	0.060152813
UMARY	4543	-0.010375652	-0.14547102	0.303205729	0.040981268	-0.235379688	-0.066729604	-0.066706403	-0.110051091	-0.103830327	-0.135033646	-0.129359162	-0.138903159	-0.044080545	-0.091825818	0.008886472	-0.174499272	0.032246725	0.072645223	0.120990345	0.138264188	-0.099975157	-0.030393163	-0.271489202	-0.063476439	-0.061610772
UMARY	4549	-0.247033019	0.076162869	0.557565736	-0.016388788	-0.631762586	0.033679004	0.081466788	-0.119886673	0.132053352	0.038835248	-0.038736322	-0.276985758	-0.022029268	-0.088233417	0.032666402	-0.204575962	0.123966642	-0.456723467	0.244005525	0.428632952	0.043351587	0.00504541	0.131685378	0.328445877	0.051303753
UMARY	4590	-0.230518615	-0.080422868	-0.226480491	-0.080179629	-0.444802789	-0.116989259	-0.073650827	0.052534492	-0.173612879	-0.142857601	0.083103338	0.409443785	-0.110261786	-0.017426755	-0.107909634	-0.105297058	0.07693382	-0.058835175	0.137149845	-0.023372301	-0.201435163	-0.065776972	0.371669343	-0.075954011	-0.077757159
UMARY	4593	0.066473567	-0.091483259	-0.024074035	-0.056271709	-0.019355859	-0.019966618	0.15948611	0.034683497	0.039752762	-0.126359849	-0.095744591	0.127176766	-0.023301677	-0.135562026	-0.018983193	0.144556385	0.115749627	-0.034309397	0.107520558	-0.19883367	-0.011153892	-0.005229126	0.062704889	-0.019491808	0.02251304
UMARY	4598	-0.005211497	-0.084561274	0.268473416	-0.113096559	-0.340198299	-0.0982201	0.053744249	-0.099153865	0.131234563	-0.054996259	-0.079866825	-0.20426022	-0.036494897	-0.062493997	0.026060931	-0.201164905	0.003939571	-0.175183621	0.123561174	0.181962344	-0.041086307	-0.030423727	0.42488715	0.288536258	-0.014090564
UMARY	4636	0.13470498	-0.003354282	0.062982387	-0.025386676	-0.340893098	-0.071074975	-0.090892109	-0.097750547	0.047920028	0.003454312	-0.03388843	-0.317069003	-0.091266572	-0.076403494	-0.072509164	-0.053540823	0.091085584	0.015779657	0.09484747	0.130422024	-0.083747328	-0.059873597	0.317013011	0.629415762	-0.0557371
UMARY	4640	-0.166821711	-0.051736351	-0.237371075	0.428929753	0.339486996	-0.002921346	-0.032136518	-0.038309848	0.044113851	-0.125296811	-0.104675362	0.218671029	-0.084876246	0.110095835	-0.030847094	-0.144964476	-0.031482006	0.051729199	0.062443195	-0.09753019	-0.033624903	-0.127095179	0.19677401	-0.271524292	0.03009871
UMARY	4725	-0.448519362	-0.038315689	0.114284793	-0.056819532	-0.384868815	0.004054719	-0.142593414	-0.031131081	0.042099529	-0.060336716	-0.07677274	-0.080829604	-0.180802764	-0.126178354	-0.088369511	-0.177581076	0.100697905	-0.123263259	0.229740661	0.158589629	-0.074983426	-0.113409135	0.188464873	-0.70500752	-0.11084844
UMARY	4726	-0.255888014	-0.021398104	0.185520374	-0.132907657	-0.008337283	-0.070978228	-0.10122787	-0.072124504	0.047762759	-0.054297033	-0.019904116	-0.062110904	0.051708842	-0.070017405	0.001327059	-0.121408275	0.008528603	0.100510445	0.07559641	0.198630206	0.057407765	0.012817901	0.237515567	-0.385582088	-0.092916467
UMARY	4727	-0.353790828	0.04839596	-0.316910089	0.057322355	-0.444887084	-0.013055913	-0.076949603	0.057062071	-0.099342851	0.058464809	0.061850337	-0.09908534	0.107250606	-0.1208043	-0.038752613	-0.01088497	0.078412615	0.632770196	0.124740567	-0.020932662	0.047612378	0.061454477	-1.153436924	-0.535614195	0.002688329
UMARY	4729	0.338466715	-0.118542158	-0.22705228	0.105533709	0.524009917	0.150059335	0.017866407	0.009019542	-0.054389003	0.244102613	-0.062858963	0.663518394	0.068628719	0.129722374	-0.008323711	0.187408397	-0.198254068	0.141807292	-0.370121936	-0.257618825	0.056689483	-0.101658693	-0.041397908	-0.158338946	0.103576943
UMARY	4782	0.072227727	0.038022608	-0.048049824	-0.066785731	-0.113207029	-0.083573059	-0.086185701	-0.172330574	-0.072755132	-0.111901389	0.011526877	0.271823882	-0.180341245	-0.093049147	-0.117593027	-0.271723346	0.076972123	0.13254644	0.107044741	0.152400896	-0.037320758	-0.066463878	-0.071332824	0.646964541	-0.096033317
UMARY	4786	-0.106949329	0.192782327	-0.218428846	-0.03731229	0.003477244	0.044027269	0.020732748	0.11366975	-0.003626266	0.032494067	0.027524098	-0.16484489	0.106530897	-0.002624092	0.001980237	-0.121320113	-0.000721949	0.204606625	-0.006097242	0.001789848	0.0605158	0.050687276	-0.247138072	0.11052685	0.02276131
UMARY	4788	0.00884144	-0.19666352	-0.361145447	-0.108119142	3.212352059	-0.074856466	-0.413019737	0.229794767	-0.096590061	-0.415904369	-0.157763356	0.716247759	-0.284065714	0.000811534	-0.196876463	0.617342613	-0.033393499	0.55635727	-0.57450843	-0.301882048	-0.15296528	-0.103303536	-1.290169423	-0.142351799	-0.207537662
UMARY	4789	0.400665072	0.080019445	-0.191417563	0.0395151	0.45127383	0.143693278	0.100303249	-0.186714601	0.056390259	-0.117983196	0.168953504	0.431081195	0.105741241	-0.277914448	0.171054252	0.140960273	0.323027577	1.052051376	-0.014655893	-0.10564068	0.348659779	0.077306005	-1.451883321	-0.593305742	0.07067767
UMARY	4841	0.054846741	-0.05395986	0.134959508	-0.044601838	-0.165865422	-0.070201539	0.097841163	-0.011990128	-0.007300862	-0.047860281	-0.026552013	-0.000183812	-0.069418388	0.534742187	-0.019426645	-0.154493861	-0.345053872	-0.046458074	-0.071033867	-0.044065254	-0.039941047	-0.034259991	0.330027347	-0.242640979	-0.060204863
UMARY	4842	0.192845307	0.107803539	-0.181053745	-0.025210693	0.34053899	0.270783555	0.108167694	0.195101504	-0.171472905	0.123941205	0.151252781	-0.163977263	0.039550838	0.239058424	0.104535989	0.661729742	-0.069739547	-0.349585365	-0.226851613	-0.324234609	0.11966597	0.075864663	-0.13480043	0.100198987	-0.027415254
UMARY	4903	-0.056596706	0.186829529	-0.198769727	-0.037626258	-0.725883461	-0.046204655	0.027741452	-0.100979299	-0.015549182	0.067336302	0.100207771	-0.397436461	-0.068990062	-0.086299658	-0.054089871	0.130152246	0.104397725	-0.035013278	-0.123606941	0.003424495	-0.094385152	-0.008434568	-0.16111737	0.274598595	0.124188556
UMARY	4915	0.152523947	-0.067522518	-0.059832983	0.026145097	-0.456106457	0.002031588	0.10443107	0.096603662	0.051115622	0.172049845	0.008937815	-0.049425193	0.054082614	0.099302416	0.104171121	0.109518678	-0.181092893	-0.125663654	-0.084639054	-0.04259109	0.065139459	0.083124534	0.557780136	0.076464434	0.077641088
UMARY	4916	0.312589402	0.007271715	0.196510972	-0.065202916	-0.249207436	-0.014120331	0.006596768	0.047877652	-0.027250717	-0.095365706	-0.069558712	-0.065907095	-0.009028612	0.275169079	-0.003740511	-0.039212243	-0.318696338	-0.30860834	-0.038153959	0.0942158	-0.088785357	-0.03631875	0.535556504	0.222194433	-0.062300259
UMARY	4924	0.778730395	0.05176445	-0.118022719	0.154265605	0.169545728	0.356465566	0.05512478	0.063438528	-0.209711891	0.129059391	0.007522708	0.555690549	0.313324019	0.051079343	0.156350963	0.332325794	0.214946079	0.10452017	-0.348294978	-0.492892651	0.235236512	0.164625464	-0.186065982	0.644560213	0.045172767
UMARY	5024	-0.637848839	0.073596636	0.811745957	0.062331042	1.943087182	-0.086360751	-0.049871344	0.148873819	-0.074027083	-0.08266928	0.058783147	-0.250872418	-0.009487738	-0.444038951	0.068906423	0.118783667	0.01759812	-0.32750634	-0.05682981	0.658633792	-0.03478964	0.044937357	-0.191983237	-0.652719587	-0.021342283
UMARY	5028	0.147453331	-0.084408187	-0.256288605	-0.046870615	-0.686661153	-0.048656998	-0.04364713	-0.060761387	0.031337137	-0.069893664	0.042049066	0.402740708	-0.051839218	-0.413652493	-0.035322834	0.047194498	0.063012086	-0.177580776	0.349864314	-0.144822548	-0.099020842	-0.051117926	0.051593039	0.459889488	0.018667037
UMARY	5078	-0.358033195	-0.074887055	-0.10370854	-0.189229849	-0.440518296	-0.172517118	-0.092493002	-0.063109162	0.151051508	-0.174373372	-0.087778042	-0.123934738	-0.091303599	-0.160155817	-0.077678613	-0.237234215	-0.015763005	0.173674606	0.314523699	0.204395843	-0.116811385	-0.038656423	0.160858638	-0.151695172	-0.090318234
UMARY	5079	-0.214780197	-0.021289894	-0.171941105	-0.048835587	-0.348227814	-0.042454187	0.033451795	0.17360023	0.099745613	-0.028954448	0.033707134	0.160103526	-0.049260331	-0.233485779	0.005016725	-0.070681174	0.229433805	0.294576887	0.164226963	-0.114912793	-0.000523034	-0.01415018	-0.43928135	-0.319371449	0.007004865
UMARY	5081	0.277651466	0.000262437	0.226191719	-0.0067014	-0.271601586	0.032389484	-0.04787696	-0.175909013	-0.002306241	0.001511177	-0.027630234	-0.205650897	0.028172618	0.118463255	-0.015211312	-0.202989939	0.010092448	-0.0856525	0.134669769	0.067264219	-0.064120562	0.010691037	0.096387224	0.24704701	0.014683825
UMARY	5086	0.48103589	0.027255854	-0.086687994	0.042015886	-0.430262966	0.027629786	0.102409465	-0.138729344	0.083778457	0.069775064	0.066337405	0.082897229	0.065661253	0.019927125	0.005073738	0.079820498	0.128843357	-0.091227677	-0.119517465	-0.145839503	0.012154433	0.023244094	-0.072812423	0.401483826	0.067560222
UMARY	5087	0.032029981	0.082454638	-0.167319733	0.05997619	0.321371534	-0.017035758	0.011307464	0.06925879	-0.008325079	0.037749329	0.074110945	0.103228673	0.06885016	0.014673999	0.093280949	0.095040347	0.226563041	0.022254182	0.041628356	-0.313554586	0.083325492	0.09839782	-0.004369853	0.219799783	0.063856393
