FID	IID	1	2	3	4	5	6	7	8	9	10	11	12	13	14	15	16	17	18	19	20	21	22	23	24	25
BLSA	745	0.259141477	0.272802092	0.827652351	-0.255876495	0.458485326	1.051490642	0.863791463	0.328135192	0.418606489	0.090059	-0.187044044	1.560725346	-2.053620011	0.248297763	-2.01085505	0.136678398	0.467875725	0.055955987	0.5726152	0.313026654	-0.3653208	0.346564992	-0.08856455	-1.110067757	0.110787515
BLSA	827	0.00686072	0.036105247	0.124101457	-0.207393859	0.23242112	0.693263405	0.17177705	0.205623767	0.515024051	-0.229446722	-0.533735695	1.492942092	-0.83044535	-0.04632648	-1.967394697	0.12896199	0.05161474	-0.03334565	0.153595049	0.324715528	-0.119419076	-0.576674771	-0.963781389	0.00668138	-0.157131243
BLSA	1556	0.109306589	0.114367572	0.070236081	0.176722911	0.283563964	-0.088829015	-0.148148996	0.033588064	0.511622144	0.177743649	-0.295627797	-0.141142893	1.161515164	0.032427259	-0.580467227	0.02387432	0.138411455	0.303830886	0.259421017	-0.230315012	0.053160773	-0.224814294	-0.342961866	0.283755917	0.078409815
BLSA	1579	-0.278224565	-0.125791789	0.203639558	-0.030363287	0.095635418	-0.104692911	-0.044110866	-0.208149857	-0.080773595	-0.316876199	-0.319493252	0.258070088	0.761613647	-0.16404138	0.482146139	-0.068783326	-0.171458784	-0.134153313	-0.363592042	-0.326459882	-0.067182145	-0.308791684	0.430353491	-0.246222238	-0.249679465
BLSA	1595	-0.130500922	0.507325229	-0.166671282	0.109138537	-0.437965102	-0.402524547	0.082542984	0.519274496	0.313032792	0.195599763	0.387090126	-0.867406829	-0.463858615	0.341295139	-0.028963161	-0.370859894	0.171544614	-0.910970296	-0.265484805	0.649118355	-0.087058914	NA	-0.006432682	0.191911903	0.248277138
BLSA	1603	0.01808625	0.002982455	-0.259565944	0.176598841	-0.210448535	-0.294313364	-0.079332311	-0.040618257	0.026392007	0.05145455	0.320284885	-0.270626041	-1.650970883	-0.061495316	0.621417914	0.08873131	-0.087839708	0.010731757	-0.12929514	-0.116768943	0.089921646	0.135952176	0.952706733	-0.126155205	-0.032136295
BLSA	1640	0.072295445	0.123145595	-0.222500432	0.123202854	0.074050527	-0.248525099	-0.259241955	-0.031192285	0.251013295	0.080890707	-0.248835852	-0.722754149	1.369090398	0.012985687	-0.100986395	0.207397994	0.137921113	-0.082379258	-0.103076204	0.085949357	-0.061901876	-0.190687849	-0.849630022	0.22169013	0.140797597
BLSA	1775	-0.173914732	-0.406284415	0.773477231	-0.447382951	-0.132259793	0.334988631	0.565326677	-0.015414728	0.170221362	-0.078234404	-0.216487017	0.565676745	-0.595461897	-0.092877819	-0.170387836	-0.217337153	-0.224226722	-0.093077899	0.036891554	0.251836965	-0.116965218	0.047369802	-0.369344173	0.50696625	-0.28639241
BLSA	1802	0.043098467	-0.204048867	-0.016015366	0.149616842	0.015633969	-0.273539528	0.210057449	0.038275666	-0.265012349	-0.055833043	0.183230433	-0.321262195	-0.444960454	-0.184373442	1.049607248	-0.071283991	-0.15205561	0.047064988	0.061665125	-0.180540566	-0.13518767	0.151510791	0.598688408	-0.167177326	-0.173001362
BLSA	1805	-0.120598652	-0.009666531	-0.240149214	0.308857814	-0.685732308	-0.169633693	-0.077779869	-0.092153945	-0.592741953	-0.160152588	0.802061934	0.434885317	-0.715402087	-0.113810586	1.091907871	-0.134278684	-0.161984332	-6.03E-05	-0.312938137	-0.289137272	-0.060792817	0.183189536	1.38860488	-0.096849122	-0.047770506
BLSA	1838	-0.072463707	-0.178389683	0.070622157	-0.197635614	0.005027245	0.153686469	0.073894428	-0.095220825	-0.146915797	-0.029007092	-0.15479232	0.733242893	-0.541856888	0.165413868	-0.309344621	0.028033819	-0.169221784	0.03504889	-0.014210346	0.055548919	-0.337542421	-0.005334146	0.172690187	-0.221878484	-0.020930939
BLSA	1839	0.143719638	0.148102151	0.212516479	-0.160162694	-0.015209536	0.132127585	0.138595249	-0.135236801	-0.252802661	0.116645699	0.493984297	0.182525923	-0.276089343	0.01016123	-0.440045264	0.11262381	0.101432975	0.137087246	-0.120764951	-0.203694148	-0.027909838	0.283378906	0.640570632	-0.128992159	-0.006846991
BLSA	1840	-0.191503222	-0.082111767	0.115216135	-0.237604677	-0.035607494	-0.146861365	0.079249408	-0.079145673	-0.235723477	0.001607621	0.350249248	-0.228015864	0.031822928	-0.165121871	0.013125404	0.112599163	-0.084749292	0.042763327	0.028916038	-0.171263176	0.307036106	0.170427356	0.42072386	0.003096613	-0.132567509
BLSA	1883	-0.082675341	-0.121807953	0.013895875	-0.059779062	0.258109573	0.132623449	0.00741595	0.020235502	-0.265792404	-0.057225832	-0.139335438	0.182693549	-0.265135823	-0.083480552	0.175554422	-0.174090932	-0.126691169	-0.149459372	-0.05810572	-0.166990404	0.318936482	0.213222053	-0.103130937	0.022508262	-0.048607213
BLSA	1889	-0.028151214	-0.105587325	-0.077899346	-0.037698784	0.087377989	-0.115694899	-0.122427367	-0.105053067	-0.179132879	-0.083122405	0.297133869	-0.144918915	-0.264043107	0.007997281	0.382699052	0.066623137	0.008204943	0.057173503	-0.135760578	-0.178487105	0.114678276	0.23051414	0.404538862	-0.244761644	0.025958048
BLSA	1924	-0.09733145	-0.080277335	-0.343158978	-0.254734055	0.109835818	0.001670504	-0.260193547	-0.129997012	-0.32806971	-0.036916839	0.419836435	0.050871343	-0.093020666	0.003040957	0.04180426	-0.103759786	-0.105485887	-0.04158708	-0.066378763	-0.071278336	-0.074040654	0.169953322	0.279477943	-0.124166076	-0.076461287
BLSA	1961	0.235311589	0.350208586	-0.868501684	0.128033728	-0.583937151	-0.343759154	-0.471580953	-0.00013959	-0.315513619	0.285610617	0.63193815	-0.401860588	0.41797801	0.077323668	0.031766062	0.104399262	0.098899114	0.212221437	-0.044570407	-0.031435483	0.212641435	0.056621405	0.193999011	0.361178794	0.084180397
BLSA	2000	0.032578356	-0.081699803	-0.28442147	0.349485396	-0.348163931	-0.267309827	-0.156649426	-0.161526477	-0.2417926	-0.070319482	-0.091715907	-0.188126147	0.944536373	-0.079039405	0.654769434	0.046803539	-0.020964964	0.194953738	-0.089079298	-0.11332719	0.112588912	-0.079610941	0.066154187	0.098734169	0.082903134
BLSA	2020	-0.065966646	-0.058918122	0.19337629	-0.089685667	0.045083721	0.114674112	0.11931089	0.196872743	0.190796391	-0.089793532	-0.338928149	-0.514504565	0.195731007	0.000298093	0.002413408	-0.002812859	-0.019216762	0.047726334	0.044654003	0.186485159	-0.111703234	-0.082864225	-0.699830169	0.102315496	-0.066725191
BLSA	2037	0.077565464	-0.129470266	-0.188294998	0.173834634	-0.197372587	-0.30559781	-0.415195417	-0.021203233	0.104603611	-0.170133173	-0.225517517	-0.667083951	0.849004794	0.282084615	0.811209326	-0.173336667	-0.01005123	0.058330827	0.153455214	-0.098529416	-0.104546186	-0.132610312	-0.771771624	0.406075832	0.095619466
BLSA	2066	0.005119577	0.000369349	-0.109654641	0.082442351	0.146881397	0.221079007	-0.171433482	-0.111778606	-0.171147646	0.00468431	-0.006613946	-0.133712073	0.070459462	-0.087225048	0.394694038	-0.041599802	-0.010026935	-0.026856234	0.024795261	-0.085920421	0.427837998	-0.045288575	0.255295413	-0.030072477	-0.075576737
BLSA	2069	0.230577704	0.026293972	-0.14530237	0.12255432	-0.237152915	-0.152694848	-0.284184138	-0.325908789	0.227844435	0.118467066	-0.150938723	-0.052314975	0.682324647	0.087973928	0.653351966	0.1411277	0.11171779	0.25498264	0.110359204	0.11467006	-0.515417395	-0.034466293	-0.442524505	0.083878352	0.24583905
BLSA	2093	-0.094702937	-0.109777537	0.195401778	0.08929617	0.3079948	0.194978012	0.023891563	-0.245102549	-0.320499375	0.021054429	-0.027938704	-0.141963869	0.675064059	-0.218005206	0.097893346	-0.001080785	-0.247889079	-0.116055559	-0.059067471	-0.122753062	0.578875858	0.282040832	0.470390927	-0.447676799	-0.045767031
BLSA	2102	0.102372111	0.112129144	0.122000333	-0.011467255	0.763748485	-0.116605759	0.154425216	0.455836264	0.666761488	0.233243899	-0.948805017	-0.665940241	1.035724636	0.026497617	-0.895915636	0.161369439	0.30423979	0.130073383	0.315956195	0.405549419	-0.030689242	-0.589602221	-1.636222616	0.655226191	0.306822019
JHU	384	0.011748403	0.018308444	-0.050541032	0.01517653	-0.296200733	0.057257231	-0.135745944	-0.22801972	0.021326776	-0.003336337	0.207575633	0.968908792	-0.967257337	0.151095254	0.159431605	-0.105360244	0.002661534	0.008174784	0.004621002	-0.104100143	-0.128290842	0.095868112	0.689821784	-0.278733725	-0.115175332
JHU	705	-0.062609705	-0.076094482	0.140886361	0.010390572	0.199056538	-0.06716424	-0.009991836	0.137340565	-0.22974785	-0.008246523	0.403809855	0.390724504	-0.873268139	-0.03774078	0.332734235	-0.006132296	-0.070867471	-0.097129216	-0.145046304	-0.102535453	-0.071118355	0.129879954	0.811047848	-0.209614631	-0.150373766
JHU	710	0.202405474	0.171175711	0.20602109	-0.114065982	0.214781095	0.323084862	0.049792025	0.02938977	-0.034896777	0.18910883	0.01025499	0.337775433	-0.80765868	0.157879387	-0.215940134	0.108533673	0.133453494	0.038494437	-0.020219005	0.087971459	0.210549866	0.113639685	-0.09285439	-0.245828208	-0.084772939
JHU	712	0.035803338	0.08030145	0.278481785	-0.291840427	-0.048182362	0.168183573	0.237871782	-0.102249263	0.184472862	0.122033837	-0.336254014	-0.213986323	-0.070672094	0.016470476	-0.28458049	0.098690593	0.131696617	0.084295957	-0.017005813	0.110740472	0.403406244	0.272049031	-0.078070477	-0.175855649	-0.190974494
JHU	713	-0.267871822	-0.341168451	-0.013717655	0.107270858	-0.079433314	0.110721884	0.160635932	0.041261534	0.324600513	-0.423474532	-0.232851016	1.073041098	-0.364210877	-0.365524712	-0.249915486	0.122418549	-0.186117334	0.139374047	0.341552667	0.007401636	-0.13505529	-0.479694314	-1.08726998	-0.266118711	0.480379255
JHU	719	0.159588125	0.22617232	-0.174242966	0.33030449	-0.336936558	-0.085897377	-0.168446666	-0.192885122	-0.248377277	0.163825116	0.224682614	-0.323775754	0.384157044	0.122682695	0.577364505	0.081058902	0.091920926	0.047439643	-0.062955463	-0.038947428	-0.035020751	-0.023859555	0.604425079	-0.055304254	0.034202181
JHU	993	-0.13073359	-0.247244364	-0.105034658	-0.175429107	0.195500227	-0.175927868	0.077617412	0.306074651	0.095524855	-0.148139759	-0.313883771	-0.989335401	0.740711856	0.012266558	-0.492488559	-0.262325455	-0.208100131	-0.21803535	0.032929117	-0.010071006	-0.319294063	0.027343685	-1.110440642	0.641416806	-0.128590355
JHU	994	-0.137450545	-0.026240913	-0.148381345	0.157523101	0.265396619	-0.251251413	0.008432871	-0.024244221	-0.151079552	-0.031625332	0.07126476	-0.919723985	0.840877801	-0.062191053	-0.024186228	-0.067759366	-0.018915775	-0.047227684	-0.150049317	-0.122092967	-0.044857246	-0.033859362	0.704608096	-0.129022257	0.122075888
JHU	995	0.189120323	0.194790284	-0.13347158	-0.039330033	-0.113981512	-0.079006653	-0.220165575	0.033331808	0.038176449	0.139854701	-0.034599052	-0.323628364	1.117320426	0.005062175	0.197580552	0.030875644	0.124268141	0.044613383	0.016173116	0.171633429	0.119680436	-0.101367237	-0.441267318	0.719060629	0.033229561
UMARY	142	-0.003794993	-0.007804877	0.123919633	-0.240493128	0.119709203	0.113600826	-0.050174495	0.220202148	0.022016079	-0.042685023	0.049594298	-0.262508107	-0.307136025	0.047676818	-0.715408828	-0.025377306	-0.070782805	-0.097062999	0.123423406	0.130983687	0.113546732	0.094163383	-0.595163154	-0.169481612	0.016650305
UMARY	602	-0.014138458	-0.025850677	0.272276023	-0.119792381	-0.09082488	0.310913835	0.025417056	-0.120546034	-0.090197521	0.017990475	-0.186167587	0.741537807	-0.391711657	0.070451119	0.019843514	0.030996533	-0.015206493	0.137672204	0.009251129	0.008227724	-0.061594088	0.026739652	-0.104992538	-0.199006056	-0.031688152
UMARY	604	-4.48E-05	0.085363937	0.105855345	0.142697085	-0.357494283	-0.250291954	0.099265896	-0.052407679	-0.107904753	0.080155442	0.090499524	-0.036266345	0.428674177	0.084536374	0.60298671	0.099029179	0.019337683	0.085779935	0.101689496	0.158500985	0.06110155	-0.069882075	0.16855032	0.005820721	0.089487025
UMARY	813	0.038593556	0.066627689	-0.039423669	0.06130218	-0.360762825	0.220210232	-0.02068872	0.003624598	-0.036275094	0.018970713	0.261739372	0.619362288	-0.414011855	0.099251534	0.090690367	0.025841262	0.057645543	0.001861112	-0.001024935	0.013585521	0.006606624	0.070997978	0.500169447	0.106713117	-0.035001949
UMARY	819	-0.07248415	-0.005135933	-0.154268505	0.010992362	0.046998153	-0.038587981	-0.193779912	0.067659587	-0.071597083	-0.069588784	0.305437367	-0.091602388	-0.118339059	0.091866652	0.141864703	-0.01361547	0.001729825	0.000730976	0.02386291	0.024625519	0.036045897	0.084216027	0.018412707	0.078137629	0.132634153
UMARY	871	0.011385377	0.098107904	0.042365083	-0.027167831	-0.263464438	0.33120569	-0.148072342	-0.021561958	-0.078107372	0.028222768	0.219968139	0.927703982	-0.61555333	0.047524677	-0.083068536	0.008955825	0.025653258	-0.004357733	-0.031830081	-0.042569664	-0.020907315	0.248052948	0.197835183	0.11477079	-0.056449885
UMARY	879	-0.074674286	-0.057933378	-0.125853089	-0.059832552	-0.166868182	-0.10383887	0.005307868	0.031453276	-0.054516654	-0.1166855	0.153249191	-0.4192707	0.117646559	-0.115064896	0.103074426	-0.06732129	-0.055111938	-0.071707317	-0.078665646	-0.056428979	-0.047999665	-0.000734954	0.446774961	0.338820485	0.035971721
UMARY	880	0.220094776	0.259180673	0.055492681	-0.33625929	-0.162092417	0.536864132	-0.071980348	0.092097318	0.211217306	0.191889946	-0.272202094	-0.00663077	0.109254092	0.085826974	-0.309923059	0.202761018	0.175994171	0.074749601	0.165910744	0.088294969	0.198072313	0.139813276	-0.56605307	-0.067113015	-0.032354397
UMARY	914	0.006033252	-0.035400034	-0.052433267	-0.085358676	-0.05821852	-0.22455371	0.037968604	0.000547298	0.046965802	-0.015602444	0.048611631	-0.384820317	-0.098534542	-0.112833438	0.083120243	0.105253681	-0.006957262	-0.047655988	-0.027178477	-0.016990908	-0.01386111	-0.009746801	0.295931653	-0.306801286	0.28683036
UMARY	933	-0.010635074	-0.047485105	0.103081333	0.090057063	-0.183938125	0.438388527	-0.033203241	-0.181494963	-0.052690496	-0.059413247	-0.044212833	0.782617185	-0.283434948	0.008653513	-0.050851271	0.019059263	-0.01401769	0.109551291	-0.077368347	-0.077156354	-0.276265097	-0.049477101	-0.132286792	0.004033802	-0.123017316
UMARY	1028	-0.192598026	-0.202069857	0.024792798	-0.131479761	-0.341959889	-0.263642013	0.226658496	-0.210239667	-0.032527746	-0.136579001	-0.006641733	-0.132131313	0.030167933	-0.062222367	0.542729437	-0.142937501	-0.116264146	-0.001439326	-0.102861249	-0.006821191	-0.210309546	0.069909738	0.288631339	-0.302772023	-0.176510794
UMARY	1037	-0.110864401	-0.069141285	0.164335349	0.05460507	-0.316373555	-0.074585707	0.258218401	-0.21321166	0.270522434	-0.025408009	-0.059687095	0.982954836	0.035954931	0.048218097	0.128222969	-0.085603554	-0.076899596	-0.068737831	-0.107970428	-0.108825041	-0.244800556	-0.044881739	-0.007511708	-0.128880208	-0.217588773
UMARY	1064	0.062481414	0.088729041	-0.178024088	-0.241390234	-0.248802047	-0.17403874	-0.299957721	-0.117036253	-0.101040314	0.165115189	0.09278798	-0.203053232	0.75669284	-0.111906728	0.401687114	0.151774818	0.028693279	0.167904854	0.010583065	-0.122368536	0.518732013	0.286548099	0.302606639	0.15697403	-0.021318828
UMARY	1065	0.056717797	-0.014665462	-0.072540304	-0.250327827	0.20673151	0.152333331	-0.017311599	0.016735546	0.051161712	-0.037598103	-0.476166561	-0.131991251	0.452838404	-0.213639039	0.622799243	-0.005230025	-0.120895789	0.358292439	-0.009439097	0.073987459	0.557906325	0.058156895	0.088878629	0.161766867	-0.182486748
UMARY	1076	-0.005176209	0.068959196	-0.258721736	-0.003915161	-0.064687252	-0.10621938	0.050229518	0.157453686	-0.061292877	0.092123715	0.237888742	-0.801355931	0.116010822	0.113593799	-0.345366515	-0.03304059	0.017131405	0.029845857	-0.051880695	0.072671057	-0.159422651	0.066510104	0.182545742	-0.015876187	0.252331639
UMARY	1078	0.137174655	-0.051778881	0.219428904	0.40289859	-0.11466013	0.059271812	-0.193950699	-0.34442745	-0.213996928	-0.015281442	-0.347385062	0.67958969	0.289435996	0.073673629	0.130110066	0.419308479	0.030977306	-0.025261479	0.060028577	-0.10033743	-0.035306617	0.024815322	-0.158898551	0.703100684	-0.267360584
UMARY	1079	-0.190010883	-0.114468491	-0.064559733	0.108276788	0.233569844	-0.332183736	0.042968053	-0.063331623	-0.137866503	-0.194375705	0.205778774	-0.606043086	0.25297857	0.010605321	-0.024160339	-0.131317116	-0.089541214	-0.081427201	-0.08084858	-0.147065866	0.272039525	-0.058520961	0.311292273	-0.049535854	0.130887196
UMARY	1104	-0.050771753	-0.023917225	0.186567223	-0.010864005	-0.098521947	-0.167394288	-0.039670434	-0.047601332	0.148037054	-0.030455229	0.050905774	0.101614997	-0.375016914	0.023668778	0.223636388	0.04313008	-0.055600398	-0.057548795	-0.061876025	0.008694151	0.013810352	-0.015493582	0.420814963	0.036819038	-0.000411748
UMARY	1105	0.065388599	0.08434851	0.144990385	0.311257688	0.123875788	-0.138341331	0.288128201	0.176196998	0.073725829	0.014595278	-0.406740648	-0.32995638	0.516040624	0.069236349	-0.749591663	0.046782304	0.038999564	-0.009031824	0.041012526	0.165399754	-0.149897097	-0.178939987	-0.361951219	-0.17850535	0.132026506
UMARY	1114	0.101085723	0.213055545	0.063790424	0.252655899	-0.084506376	-0.16363748	0.067134901	0.016339524	0.042502313	0.123285073	0.16532839	-0.033208623	-0.297164729	0.115985236	0.319099235	0.088215496	0.126000855	0.139202697	0.071817189	-0.023761481	-0.173409732	0.036032565	-0.05642191	0.042615894	-0.094067985
UMARY	1133	0.26711997	0.22583667	0.142466753	0.174307172	-0.235917064	0.695476531	0.161594736	-0.090732369	0.525202723	0.229741885	-0.248382088	1.465737724	-0.966466329	0.196961053	-0.249482337	0.103785362	0.229716211	0.194395574	0.145958926	0.022370023	-0.496772395	-0.042209177	-0.345459599	-0.12261712	0.004156715
UMARY	1134	0.020000443	0.02968709	0.042735296	0.165958224	0.011741126	0.048719675	-0.085522154	-0.042762482	0.016743194	0.034191982	0.092277283	0.250390957	0.093129912	0.088174155	-0.186432817	-0.008458754	0.049568714	0.035654588	-0.030886864	0.018126867	-0.100984443	-0.101058829	-0.299700039	-0.070215851	0.075871737
UMARY	1136	-0.034261795	-0.061121669	-0.141631902	0.119682663	0.278077016	-0.170594091	0.107902558	0.050089447	-0.213052189	-0.035242729	-0.01163863	-0.46429588	0.348614689	0.02251615	-0.346575899	-0.007460835	-0.064665879	-0.08859391	-0.107460374	-0.078843766	-0.058666838	0.093476869	-0.002105533	-0.257307741	0.099198416
UMARY	1158	-0.028456884	-0.11649684	0.021665834	-0.080093182	0.279986488	0.092182376	-0.038337424	0.076607643	-0.158357074	0.038643046	0.000908272	0.47212656	-0.336574751	-0.078093859	-0.481054143	-0.014426486	0.023246465	-0.030485747	0.076149572	0.052908722	0.040125107	-0.137211338	-0.419471938	-0.079677941	-0.04573361
UMARY	1170	0.054563511	-0.024705266	-0.027599839	-0.191033524	-0.030068562	0.136988179	-0.009183975	-0.005154052	0.036846213	0.01683712	-0.192366504	0.544558715	-0.030381647	0.007256573	-0.043193653	-0.00353987	-0.021308475	0.055118119	0.059092774	0.067390373	-0.077018453	0.045521117	-0.280046886	-0.060576622	0.016878931
UMARY	1206	0.08546369	-0.009233007	-0.049797935	-0.418724876	0.031389484	0.165554874	-0.147018049	-0.049585386	-0.093323628	0.038944693	0.162114027	0.264299887	0.295367358	0.089190148	-0.120995393	0.010763111	0.125864716	-0.084623905	-0.010764529	0.011528346	0.372016073	0.033017183	-0.441424091	-0.025520411	-0.094231871
UMARY	1209	-0.026170985	-0.078131118	0.139066143	0.139608966	-0.116763022	0.03398352	-0.044891287	0.030841083	-0.006933236	-0.031029213	-0.117357365	0.420493409	-0.847152082	0.090052735	0.103109847	-0.006940904	-0.037540693	-0.069793897	0.019796149	0.018640316	-0.166805959	-0.114267482	-0.287199411	0.047476415	-0.019980274
UMARY	1226	0.011650916	0.201746299	0.010967855	0.373264609	0.021035257	0.192270777	-0.115794233	0.054777059	-0.027233513	0.081654063	0.242374708	0.400133289	0.028984269	0.100521081	-0.684604535	0.06995565	0.059572312	0.047629727	0.036259636	-0.010766056	-0.051624474	0.283676132	-0.312998505	0.058739109	-0.046186193
UMARY	1230	-0.004846643	0.055594058	0.028425748	-0.239487062	-0.084944661	0.127464293	0.035467025	-0.057590498	0.019468527	-0.002221888	0.105160592	0.66946138	-0.456316309	-0.009034832	0.544621485	-0.056999736	0.024140835	-0.09174173	0.008648738	-0.05041903	-0.110756513	-0.05372273	0.251487551	0.059272883	0.044199855
UMARY	1260	0.141193878	0.150112551	0.123712482	0.157106126	-0.161737517	-0.180784239	0.000730775	0.171836335	0.271875412	0.152035988	0.029684938	0.454738079	-0.294512892	0.156464123	-0.063333466	0.096952444	0.157611511	0.036674109	0.193184943	0.121015222	0.140454604	0.187658375	-0.207002317	-0.064600293	0.222353198
UMARY	1326	-0.064155723	0.002894611	-0.189761769	0.010310695	-0.294598181	-0.167312766	-0.058956705	0.09723347	0.122354433	0.008022687	0.127282431	-0.302753359	-0.245091563	-0.023195125	-0.019073952	0.019022485	0.000209504	-0.067050172	-0.0224267	-0.034405724	0.16896852	-0.015539779	0.352186691	0.082865765	0.011205968
UMARY	1454	0.054414655	0.039780445	0.137129337	-0.132065761	0.13044272	-0.112375095	0.033769598	0.014580666	0.005068728	0.057086055	-0.031056602	-0.007071405	0.445383705	-0.092866928	0.179279797	-0.00420002	-0.012737963	0.007462568	-0.009756682	-0.05518844	0.33457086	0.113256123	-0.119024183	0.110662797	-0.10994496
UMARY	1465	0.015297047	-0.045754508	0.157754899	0.097440463	1.059240519	-0.094067189	0.03678082	0.044146792	-0.060206893	-0.067780795	-0.22125879	-0.775021347	0.168941324	-0.060641416	0.114503263	-0.190810046	-0.034919851	-0.177932361	-0.107529283	0.012131816	-0.365546297	-0.03750464	-0.246938178	-0.089179146	0.052908079
UMARY	1486	-0.142300178	0.034139301	-0.024614787	-0.008477451	-0.086841404	-0.062756476	0.179269163	0.015195434	-0.036333937	-0.074923696	0.037865121	-0.597066619	0.18088009	-0.038677976	0.063845429	-0.085054686	-0.147052074	-0.100263999	-0.017744825	0.038899825	0.097576496	0.090623918	0.352380227	-0.16288953	-0.120020881
UMARY	1498	-0.017448058	-0.083988073	0.015643816	-0.055150826	0.025031193	-0.102111858	-0.130178152	0.008589268	-0.046255648	-0.087943899	0.060042199	-0.007843348	0.132128263	-0.048419149	-0.012431757	-0.080318214	-0.011934947	-0.0506512	-0.066445541	-0.01347556	0.195678733	-0.081542643	0.115952786	-0.15733431	0.062446958
UMARY	1502	-0.127541352	-0.005053766	0.054215186	-0.055669701	-0.399826763	-0.196063565	-0.012977924	-0.127080152	0.064327491	-0.119340383	0.040709113	0.174662158	0.00559315	-0.038842498	0.072566258	-0.068891568	-0.111405446	-0.129658146	-0.005919892	-0.136377053	-0.26353379	0.065087422	0.149129273	-0.130911506	-0.145814416
UMARY	1535	0.020843413	0.035843363	-0.225907141	-0.136809662	0.231059164	-0.101650073	-0.214500171	0.026387547	-0.147788956	0.053681872	0.290997965	-0.312393457	0.36252791	0.10433566	-0.029063011	0.028189839	0.012787922	-0.00807614	0.04183849	0.003341216	0.311679442	-0.206550751	-0.099699218	0.083566814	0.009934316
UMARY	1540	-0.078730641	-0.065615085	0.024351448	-0.029505443	-0.120438562	0.107103525	-0.073635487	-0.077366875	-0.334597667	-0.096799688	0.359927462	0.754490501	-0.564120894	0.057361594	-0.26841162	-0.037893413	-0.071087767	0.009885717	0.018819126	-0.01264042	-0.033022277	0.484065175	0.594743642	0.153593993	-0.015277299
UMARY	1541	0.105784708	0.090488804	0.061355893	0.102900199	-0.052779203	0.078789731	0.013298351	0.158702649	-0.081154936	0.048606875	-0.011443488	0.217307591	0.265540996	0.07987657	-0.117934126	0.05503223	0.131376822	0.081245293	0.150016979	0.072942134	-0.071534302	-0.022487074	0.099575707	-0.134707513	0.123640773
UMARY	1544	-0.044904857	-0.00714338	0.088123883	0.304141129	-0.062508663	-0.36431345	0.059887524	-0.099499921	0.069208827	-0.018546896	-0.005257961	-0.226631039	0.44942759	-0.021758194	0.197046153	0.014956726	-0.070587829	-0.051276759	-0.065991567	-0.013186669	-0.078610664	-0.13242723	0.266077113	-0.054364694	-0.019845925
UMARY	1545	0.12864859	0.097241382	-0.131510812	0.072610809	-0.359534063	-0.110566658	0.344839265	0.092434592	0.30948835	0.145402174	0.013154144	0.083999855	0.873433975	0.018325939	0.389143797	0.084915274	0.012427746	0.061799938	0.001256501	0.113338291	-0.346435299	-0.143462467	-0.053685392	0.034211199	0.164874156
UMARY	1568	0.000421913	0.015070069	0.028293428	-0.169681836	0.086838846	0.185900458	0.07191009	-0.052386809	-0.104090893	-0.027508959	0.201590082	0.211952247	-0.013403008	0.060200222	0.055641	-0.036363622	0.035829904	0.053883498	0.040922737	-0.048725844	-0.385691516	0.087788935	0.102469066	0.290540029	-0.127407177
UMARY	1570	0.014828164	-0.016196051	-0.04263192	-0.102909614	-0.045154809	-0.094021686	-0.100859275	0.009821827	0.072406502	0.008093955	0.258552696	-0.231419795	-0.536879323	-0.003744586	0.013181846	-0.053003871	0.043631052	-0.021972081	-0.047113534	0.07396788	-0.053755044	-0.012060964	0.108461473	0.106177976	-0.02984063
UMARY	1571	0.109279439	0.042903289	-0.151903977	0.18588756	-0.441307339	-0.28654708	0.113359775	0.015168666	0.101281185	0.05133425	0.125231076	-0.12219763	0.582508576	-0.033339265	0.449431098	-0.071341586	0.084199252	0.103575768	-0.098942554	-0.022934146	-0.347396915	-0.126087082	0.682237758	-0.21082839	0.157705558
UMARY	1578	-0.029311614	0.058980863	-0.339644074	0.145835776	-0.416698676	-0.31936453	0.017636381	-0.119091965	-0.238850988	-0.068643405	0.406853078	-0.080201685	0.560849166	0.205028909	0.327480197	0.049098053	-0.076811035	-0.073160186	-0.052965826	-0.187159871	-0.025089256	-0.092057885	0.422047412	-0.006127076	0.094824423
UMARY	1583	0.143565449	0.152755185	-0.147206078	-0.297058616	0.060705412	-0.065205207	-0.178940629	0.194068653	0.261470134	0.136320285	0.127223896	0.031085257	1.005000687	-0.038648029	-0.39467516	0.16017906	0.177798038	0.088482925	0.187201084	0.020202123	0.396702239	-0.119758414	-0.986055937	0.353128227	-0.111884948
UMARY	1584	0.180620247	0.124452055	-0.084897598	0.120553794	-0.099591429	0.072155011	-0.223106869	-0.150808942	-0.160498564	0.056929106	-0.150414541	-0.100028492	0.192260902	0.032534089	0.376273189	-0.03265439	0.030744623	0.057341242	0.006373569	-0.090555705	0.008080972	0.091061649	0.385553325	0.177689218	-0.038948926
UMARY	1611	-0.029272266	-0.150754043	-0.002514558	-0.064923288	0.418644412	-0.20061779	0.01580831	-0.134202415	-0.393239458	-0.159141064	-0.00413054	-0.753310042	0.452738448	-0.113598805	0.314143767	-0.052916944	-0.149268425	0.078361782	-0.101070143	-0.172528376	0.013099378	0.128572732	0.287186859	-0.19252043	0.152807141
UMARY	1612	0.087841294	0.003957468	0.360690173	-0.055526891	0.136415595	0.501093237	-0.033812634	-0.038797924	0.126407182	0.208586693	-0.356185178	0.657109574	-0.874704493	0.071411086	-0.035350868	-0.074469876	0.01046451	0.075936431	-0.033098953	-0.05958227	-0.124745865	0.099276657	-0.564469308	0.068636421	-0.198738909
UMARY	1613	-0.007478988	0.023044107	0.279217122	-0.102725961	0.132536462	0.575435936	0.085590177	-0.104841968	0.226218468	0.034797881	0.17007061	1.158673436	-0.805590326	0.102903991	-0.499590068	-0.011566667	0.100269726	0.070945257	0.07426197	-0.024289121	0.166014955	0.06642501	-0.742625387	-0.105296736	-0.192602364
UMARY	1614	0.10668837	0.045721479	-0.142563102	-0.123443392	0.370156985	0.034279304	-0.164083017	0.024056366	0.016486776	0.044629099	0.239619638	-0.115271072	-0.475368381	-0.003505672	0.032896698	0.126250997	0.056165682	0.042735536	-0.033006745	-0.038242907	0.185992189	0.121840071	0.150741959	-0.145891119	0.077666821
UMARY	1648	-0.119292593	-0.040363421	0.223679411	0.011933694	-0.223173267	0.082278103	0.145840637	-0.080900422	0.055330938	0.001441034	-0.104948647	0.017193916	-0.802019002	0.00583032	0.312386626	0.080694794	0.004965219	-0.085520148	0.078371819	-0.008149265	0.050319761	0.250123031	0.101473981	-0.043914265	0.12890714
UMARY	1652	0.124353286	0.067054603	0.094115386	-0.324575714	0.613674366	0.057680664	-0.160296816	0.060923561	0.076970847	0.037408536	0.022086825	0.316258405	-0.435328023	-0.135091575	-0.712058984	0.092269116	0.046312469	0.012849442	0.013943122	0.07133024	0.300800004	-0.005798427	-1.229796189	-0.029927932	-0.255158081
UMARY	1668	0.110568228	0.071455056	-0.033916459	-0.102839781	0.18686107	-0.124164972	0.007143141	0.073996493	0.021410094	0.077308384	-0.03659801	-0.250374007	-0.761293284	0.043861514	-0.248981469	0.061404402	0.089396328	0.051956041	0.084336039	0.037318345	0.114320626	-0.065010706	-0.018704275	-0.120243189	0.095228894
UMARY	1710	0.006954035	-0.065488067	0.106297185	-0.047425632	1.127391567	0.143291741	0.083319873	0.062409579	-0.052168079	0.002471021	-0.40411941	-0.4417235	0.087992834	-0.063209183	-0.365748147	-0.059020277	-0.01621229	7.11E-06	-0.009721953	0.055441992	0.411359033	0.077275777	0.214009918	-0.585627872	0.005192332
UMARY	1712	0.052345802	0.061070369	-0.111965719	-0.02028858	0.071895144	-0.015183541	-0.107167123	0.107248928	0.051791881	0.056307005	0.124863477	-0.492586475	-0.765828066	0.004265603	-0.076159121	-0.00488535	0.070864208	-0.02071628	0.039819813	0.074258657	-0.125740706	-0.064495713	-0.07526793	0.138801656	0.147609019
UMARY	1713	-0.032125386	-0.128750813	0.083944402	0.025237975	-0.014292435	-0.226726777	0.053532153	0.012838429	0.068601833	-0.038619938	-0.328655545	-0.739084264	0.690398502	-0.202577282	0.214846002	-0.082390285	-0.022426418	-0.104185332	-0.021110135	-0.132185778	-0.085550371	-0.105074424	-0.162776564	0.125931436	0.073954915
UMARY	1715	-0.055248532	0.097624277	0.124532957	0.222017907	-0.022560938	-0.058871935	0.098731704	0.02090075	0.0094467	-0.008014741	-0.175767227	-0.163410879	0.234951181	0.012957082	-0.4446078	0.035152449	0.033033011	-0.047210332	0.015553455	0.009556516	-0.295272472	-0.082846686	-0.396787154	-0.205768132	0.001824515
UMARY	1792	-0.039876725	-0.017325183	-0.189919671	-0.115578258	-0.071605172	-0.184498707	-0.061128127	-0.064703863	0.035084716	0.026152777	0.124740781	-0.477875519	0.330075143	0.020652335	0.248779725	-0.000901355	-0.04781935	0.024997431	0.07114103	-0.003575246	0.088894348	-0.036651602	0.599315638	0.000351361	0.110192833
UMARY	1795	0.038522621	-0.09040006	0.024971853	0.13331152	0.089142313	-0.050376339	-0.200552621	-0.027572616	-0.063669975	-0.08358768	-0.01744627	-0.153216335	0.4167971	-0.130620252	0.131352305	-0.061355032	-0.017721584	0.059631587	0.006760657	0.074776279	0.244533002	-0.075428313	-0.133015149	-0.005235234	0.057653526
UMARY	1797	-0.070882101	-0.115195665	0.066744375	-0.036764912	-0.182252487	0.020077928	0.318051172	0.155979265	0.099158376	-0.014364152	-0.080276387	-0.209191138	0.418261281	-0.032027231	0.148628453	-0.027418956	-0.075960413	-0.065189537	-0.082796049	0.049718269	-0.096597324	0.012746701	0.09487918	-0.266469942	0.070807957
UMARY	1825	-0.148067704	-0.08978303	-0.005166597	-0.278037843	-0.100845011	0.092956194	0.046270731	0.048122382	-0.108326277	-0.08915413	0.101560721	0.511066899	-0.4230936	-0.035012582	0.167731315	-0.122968222	-0.109251835	-0.039241904	-0.033750983	-0.070297342	-0.062686373	0.020681328	0.258665351	-0.024767879	-0.191802226
UMARY	1827	0.072803384	0.03010757	-0.410245713	0.208944832	0.133508621	-0.183384891	-0.031455905	-0.091812812	-0.156505769	0.011654738	0.124571179	-0.43650766	0.623496578	0.091214169	0.510280275	-0.033156201	0.074937965	0.025580872	-0.010493936	-0.141991199	0.230584597	-0.007886234	0.482345534	-0.11243785	0.09670757
UMARY	1830	0.125036517	0.167937641	0.016466907	-0.242161222	-0.186432547	0.057411619	-0.182534599	0.060317947	0.066467315	0.197736644	-0.0590752	0.259050775	0.528968079	0.183601784	-0.156152109	0.126164346	0.246081825	0.14436358	0.118740722	0.174853018	0.239643199	-0.037555309	-0.682777658	-0.032850875	0.098663493
UMARY	1846	-0.048670826	-0.023993648	-0.120709008	-0.019960333	-0.334504535	0.027220131	0.151388655	0.029808327	0.031171624	-0.056127406	0.27069874	0.091404894	-0.342820386	0.059591033	-0.14543034	-0.052640526	-0.055443006	-0.154302313	0.001114293	0.096199919	-0.216459717	0.019712589	0.025832596	0.166686551	-0.011052253
UMARY	1847	0.049178652	0.106182513	-0.033191209	0.293452225	0.403461911	-0.165591628	-0.037590126	-0.083080728	-0.085893422	-0.022664178	-0.392077289	-0.612597359	1.39231751	-0.050873338	-0.11540242	0.085786006	0.038979467	0.007690743	-0.030554923	-0.073357016	-0.055331589	-0.136327352	-0.079674892	-0.143818486	0.125398115
UMARY	1849	-0.059017179	-0.079982811	-0.239882126	-0.04986457	-0.278184209	-0.054895369	-0.011364834	-0.059093929	-0.153961239	-0.004389674	-0.051976269	-0.666122793	0.353894843	0.108776986	0.058567468	-0.02613658	0.012958988	-0.061456414	-0.103534114	-0.017490121	-0.32476488	-0.083175781	0.398257448	0.188741948	0.117107422
UMARY	1862	0.115999082	0.126915776	-0.343859679	-0.129236326	-0.351263156	-0.125527957	-0.137950266	-0.030464493	-0.034236798	0.101086207	0.230564982	-0.19944717	0.34630932	-0.011197354	0.373661546	0.078250555	0.142500079	0.059222072	-0.02656012	0.010757678	0.342656862	0.055899485	0.317439438	-0.021475564	0.085116851
UMARY	1865	-0.006118896	0.03907633	0.099735242	0.069383315	-0.143082988	0.01816489	0.062975862	-0.056459594	0.106625409	0.037441956	-0.025984798	0.19203317	-0.584466285	-0.088314056	0.112397638	-0.036795124	0.005954044	-0.070880311	0.021737314	0.064662227	0.09406899	0.077379206	0.135118504	0.207781682	0.000220509
UMARY	1866	-0.119725609	-0.171192998	0.003279678	-0.049248117	0.402611075	-0.00933649	0.216710764	-0.133001002	0.01005007	-0.10077186	-0.311467005	-0.309324966	0.614754037	-0.187280467	-0.062768218	-0.084887882	-0.116448436	-0.151794369	-0.113189324	-0.104085932	-0.004513343	-0.165475251	-0.078392239	-0.226585996	-0.019117119
UMARY	1867	-0.039364774	-0.067979716	-0.072965541	-0.049095158	-0.246224475	0.063891126	0.008095855	-0.162705469	-0.093601986	-0.042130835	0.307560665	0.550818222	-0.590500175	-0.087606791	0.244343335	-0.046859151	-0.066193495	-0.072282823	-0.013811585	-0.007905208	0.118018107	0.247524706	0.474219673	0.085915649	-0.041975584
UMARY	1902	-0.038812147	-0.037821368	0.083251736	-0.016114925	-0.12459063	0.134125134	0.022685931	0.021587173	-0.060557684	2.00E-05	0.217327063	0.149152507	-0.552516732	0.078306998	0.437059673	0.015549604	0.033556094	0.009256974	0.032217395	0.009066499	0.209499489	0.152870157	0.207582498	0.067671206	0.021221353
UMARY	1903	0.148048829	0.116323797	0.069367091	0.107287399	-0.253466931	-0.227357991	-0.05654985	0.058049896	-0.042862699	0.060290039	-0.308966116	-0.419903634	-0.433395776	0.093874129	0.021617035	0.062900918	0.085393453	0.022286653	-0.028983814	0.007347048	-0.258080988	0.133582336	0.327697072	-0.117423285	0.133054294
UMARY	1907	-0.103096997	-0.075981402	0.079908126	-0.005050888	0.470476863	0.36669499	-0.109842294	-0.110360125	-0.208020129	-0.057741264	0.118357607	0.589025789	-0.718515738	-0.112936095	-0.152364173	-0.077578303	-0.089326049	-0.10533056	-0.078074823	-0.140525313	0.036167587	-0.138706246	0.277405768	-0.241812819	-0.232524628
UMARY	1917	-0.011942526	-0.055087012	-0.001311417	0.084852467	-0.215252738	-0.106959357	0.089149774	-0.110031642	-0.18999194	-0.049948233	0.009887033	-0.113280915	0.541455567	-0.01580058	0.250650735	0.029924581	-0.010224384	-0.01053257	-0.098693989	-0.042329671	0.103210664	0.087937055	0.552996355	0.11916688	0.158017179
UMARY	1935	-0.06698415	-0.084825305	-0.062252598	0.28972249	-0.214104591	0.358920897	0.158030183	-0.147460609	-0.142445429	-0.141139556	-0.033910851	0.767051735	0.08223793	-0.018869155	0.139062825	-0.067615222	-0.129666548	-0.101923555	-0.047384795	-0.148254827	-0.374485677	-0.092050141	-0.111788384	-0.020638705	-0.23743638
UMARY	1936	0.105975566	0.103811989	-0.150223907	0.143753191	0.421966994	-0.009543422	-0.220081664	0.080651285	0.002118081	0.02162075	0.079147566	-0.875540589	0.748151865	-0.006447598	0.047177338	-0.048846076	-0.037326944	0.03490944	-0.161033138	-0.099690441	-0.465924293	-0.089929331	-0.228993617	0.116499979	0.286370059
UMARY	1939	-0.698471144	-0.522063928	-0.141348566	-0.186308534	-0.631440746	-0.159232682	-0.051431986	0.599608576	0.338978248	-0.331059775	-0.527817277	-1.076774402	0.233400017	-0.365936804	-0.691448579	-0.117741983	-0.032896631	-0.145427137	0.285376537	0.699189519	0.716668034	-0.724345222	-0.780390921	0.416627438	0.029399264
UMARY	1940	0.119190012	0.078845751	-0.162720585	0.042432165	0.216214828	0.038061918	-0.128982226	-0.151542352	-0.136883553	0.030904885	-0.107629748	-0.084920897	-0.083261098	0.072250999	0.46654221	0.018143244	-0.013214768	0.045785161	0.018982707	0.044906959	0.406663471	0.194717294	0.893551312	-0.240449061	-0.027889256
UMARY	4263	0.033289378	0.016862631	0.25781644	-0.092426872	-0.054484302	0.042930691	0.114470264	-0.09340083	0.388687087	-0.032574356	-0.458636867	-0.202365899	-0.06717202	0.005795788	0.020825325	-0.083417619	-0.085940564	-0.069356066	0.033453003	0.049534994	-0.048407753	-0.0308186	-0.624741283	-0.002819624	-0.07871669
UMARY	4540	-0.147012671	-0.099575229	0.359193919	-0.007708357	-0.200441891	0.278619745	0.338802786	0.038154254	0.272442219	-0.077526186	-0.184222451	0.982861217	-0.921195743	-0.149310061	-0.239559734	-0.096908066	-0.135225908	-0.117293638	-0.078407359	-0.00851032	-0.334936232	0.065228268	0.010001701	-0.253560551	-0.220722454
UMARY	4542	0.038546553	0.070849674	-0.024686504	-0.097964599	0.096585681	0.120155289	-0.104955055	-0.127874829	0.001309403	-0.003581284	-0.146297717	0.526620046	0.181628486	-0.041744213	0.410650153	0.003740098	0.103260593	0.109692282	-0.000368848	-0.115875295	0.39537396	-0.019999244	0.175450461	0.132190672	-0.142208306
UMARY	4543	-0.108435465	0.002394656	-0.126136979	0.012740798	-0.064594358	-0.065193293	0.118809485	-0.016418006	-0.026418716	0.012714485	-0.036865942	-0.334772646	0.438802369	-0.076691074	0.162057234	-0.065929735	-0.066967797	0.002215846	0.005274158	0.008225184	-0.217791321	-0.183118053	0.173620481	0.140873342	0.011815414
UMARY	4549	-0.049557633	0.009477088	-0.265458773	-0.143562251	-0.374785125	-0.073815808	-0.064748978	-0.009726842	0.096785756	-0.067306285	0.333914408	0.02717796	-0.310942506	0.040151394	0.291270589	-0.030289837	0.001485388	0.012695353	-0.084740552	0.035094622	0.135777799	-0.039498308	0.795740729	0.01430103	0.05232821
UMARY	4590	-0.009049256	-0.212801072	-0.128570255	0.145663194	-0.076111299	-0.187321249	0.098134475	-0.138429261	-0.258365969	0.030507404	0.103632045	-0.586002977	0.307507679	-0.004618856	0.459695661	0.073770769	-0.067920813	0.042756438	0.085168487	-0.020665658	-0.020145595	0.027080753	-0.0425655	0.160108425	0.000704759
UMARY	4593	-0.016854894	-0.003002944	-0.073621658	0.124539912	0.00271704	0.044071869	-0.182062608	-0.083372278	-0.040212895	-0.041538464	0.029630106	-0.395213099	0.311925218	-0.028714879	-0.290000974	-0.016604953	-0.01829336	-0.060509494	-0.066264295	0.016934761	-0.006310663	0.163556429	-0.391896764	0.315158353	-0.13575529
UMARY	4598	-0.053980652	-0.044003248	-0.06171435	0.054815128	-0.056108308	-0.076449089	-0.06126559	-0.0609666	-0.091447507	-0.049076774	0.106339246	-0.060615652	0.096386586	-0.037262168	0.141395692	-0.063681398	-0.039866151	-0.050436104	-0.014296188	-0.004822588	-0.01325775	0.077402887	0.351881912	-0.04237369	0.075158972
UMARY	4636	-0.07747312	0.009186895	-0.169957453	-0.002020141	0.129906218	0.062335413	-0.029013022	-0.158040739	-0.153132918	-0.042621916	0.285495011	0.381085039	0.053126713	0.023428573	-0.226105786	-0.014258824	-0.00774098	-0.052304884	-0.050361025	-0.012928975	0.0751141	-0.108081749	0.144471998	0.098610669	0.00998137
UMARY	4640	-0.121550602	0.051050437	-0.155174199	-0.019532397	0.05647907	-0.083765611	-0.140868578	0.033538254	-0.457646617	-0.132542361	0.295741093	-0.229010154	0.131492407	-0.050961066	-0.239451738	-0.096691938	-0.056925664	-0.014579363	-0.100169202	-0.056621692	0.24549464	-0.021746615	0.322489054	0.132451206	-0.141561984
UMARY	4725	-0.143816587	-0.10900112	0.007932857	-0.011710532	-0.364093235	-0.108660667	0.168571442	0.148050265	0.108644596	-0.115057185	0.204557386	-0.343324334	-0.193616687	-0.144466429	0.179673745	-0.182960265	-0.097350872	0.013394405	-0.061061211	-0.066574109	-0.271294007	-0.029529594	0.387662054	0.072249958	-0.112105417
UMARY	4726	0.108625116	0.042041733	-0.286198917	-0.030027349	-0.181040791	-0.138804168	-0.016387181	-0.071849944	0.112842537	0.039586617	0.189904303	-0.143752406	0.528048795	0.031577605	0.304795257	0.083858469	0.101142439	0.000161313	0.009877157	-0.054842006	-0.292434946	0.006320743	0.112531052	0.010513316	0.104137367
UMARY	4727	0.16108876	0.139319734	0.400554203	0.276977678	-0.111963278	0.279537168	0.048343013	-0.024364207	0.171737922	0.066640443	-0.427779631	0.907132509	-0.217468149	0.014889526	-0.093938735	0.072450788	0.038421384	0.067197838	-0.012023196	-0.068721261	-0.410098203	-0.29582241	-0.737221349	-0.065810433	-0.144867222
UMARY	4729	-0.060031637	-0.135355801	-0.097310571	-0.18662681	0.088843019	0.190599318	-0.233312397	0.273377846	-0.077640253	0.012445076	0.006465051	0.087196248	-0.99522233	0.020926034	-0.226632989	-0.016860801	-0.018973379	0.00554149	-0.062140983	0.164140045	0.194343088	0.032458808	-0.320539319	0.083959286	-0.082321557
UMARY	4782	-0.139606278	-0.102422599	-0.029202353	0.011774469	0.006927563	-0.130874715	-0.14419793	0.072782109	-0.154825532	-0.129397043	0.052401855	-0.150750893	0.201638804	-0.103147874	0.102744465	-0.186207212	-0.119224109	-0.054929122	-0.080159444	-0.102517053	0.10426308	-0.242896422	-0.057260363	0.173960396	0.071593875
UMARY	4786	0.017402163	0.028794952	0.02928616	0.144652114	0.180608512	-0.03418438	-0.14923462	-0.014671561	-0.076399887	-0.015158836	-0.021740142	0.425685389	-0.293316782	0.058642613	-0.307963687	0.102185091	0.02779752	-0.000252983	-0.001561176	0.020050402	-0.066192995	-0.112468671	-0.372588126	0.118433725	0.104847161
UMARY	4788	-0.169899492	-0.372613997	0.114531678	-0.142760913	0.883129074	-0.308631823	-0.112856237	0.412393158	0.263835456	-0.152686191	0.145958475	-1.024367658	-0.408953576	-0.209727922	-1.129128055	-0.165664344	-0.405472117	0.055369098	-0.013250128	-0.051747139	-0.585316482	-0.423656785	-0.829530026	0.022630601	-0.113809448
UMARY	4789	0.111129838	0.04784605	0.335013219	0.34480023	1.4372645	-0.211785728	0.113505074	0.67244152	0.14441116	0.020801394	-0.393013708	-0.816861641	-1.528721656	-0.000877893	-1.776785058	0.047601448	0.236382333	0.056965764	-0.040053195	-0.047448681	-0.182182447	-0.246685332	-0.909199942	-0.022183049	0.113829787
UMARY	4841	-0.019935266	-0.04937277	0.203188669	0.01419585	0.173542846	0.16415023	0.277093134	-0.098308869	-0.14706164	-0.02821648	-0.378992489	-0.088558924	-0.401617971	-0.083024617	-0.029952311	0.042906798	-0.001225778	-0.044058247	0.103878273	-0.072242172	0.00336802	0.281342853	0.394084207	-0.43912691	-0.046747236
UMARY	4842	0.077161845	0.032580461	0.354498206	-0.504607774	0.173501702	0.051144742	0.163475532	0.064310104	0.094438167	0.052984377	-0.30414526	0.214278024	-0.184591517	0.0103797	0.07884595	-0.132850743	0.05018859	0.037682692	0.072788944	0.205176765	0.088743983	0.195630836	-0.79061331	-0.038297077	-0.113115997
UMARY	4903	-0.005447589	-0.005994917	-0.253685731	-0.129628266	-0.140240767	0.065645561	0.071803907	0.135498819	0.415657399	0.077236209	0.131615638	0.724170532	-0.166674547	0.014311143	0.270613913	-0.081278857	0.008989282	-0.012592341	0.061430146	0.133297556	-0.161635213	-0.234287713	0.098658807	-0.097044591	-0.046487947
UMARY	4915	0.0844682	0.059418327	0.263846433	0.013766877	-0.031772996	0.134282148	0.145439234	-0.069675257	0.135493191	0.049514678	-0.066400921	0.008699433	-1.175042287	0.162595599	0.392061391	0.048868254	0.069233244	0.038393326	0.062614503	0.047876506	0.109294771	0.503655228	-0.080882939	-0.206468049	0.024485007
UMARY	4916	0.023702584	-0.121354833	0.122242188	0.01431429	0.141692686	-0.207592808	0.202677765	0.013116904	-0.095993108	-0.071562897	0.049701076	-0.52003655	-0.192466695	0.01432128	0.085379542	0.096834236	-0.041988573	-0.116065405	-0.057484495	-0.126341755	0.240681954	0.192126688	0.383347243	-0.259701459	0.170502566
UMARY	4924	0.028450706	-0.135542794	-0.286505239	0.273637238	0.342915339	-0.181819564	-0.058031511	0.204177848	0.32127289	0.274366531	-0.55521944	-0.464779379	1.545294929	0.198982464	-0.136888076	0.092143917	0.064722617	0.112009102	0.238186267	0.332485732	0.053079399	-0.357535908	-1.346909296	0.526579597	0.130197203
UMARY	5024	0.064743311	0.119227191	0.10565993	-0.080865811	-0.272953837	0.015452504	0.506669915	-0.033512389	-0.140721624	0.016975784	-0.172777561	-0.526980802	0.054956903	-0.078921847	-0.157347762	0.047643512	0.043960187	0.053133064	0.028972738	-0.046270587	-0.26399466	0.0418185	-0.173045433	-0.023824616	-0.03849888
UMARY	5028	0.008635418	0.027211347	-0.14545216	0.101898731	-0.331009087	-0.123153681	-0.106745253	-0.164931904	-0.250873497	-0.013175157	0.094759583	-0.210540322	0.858547898	-0.161043353	0.35767576	0.028852646	-0.088550096	-0.100452901	-0.087947929	0.004728007	-0.155290206	0.090349904	0.013239909	0.419333288	-0.054859035
UMARY	5078	-0.075942232	0.003531999	0.125827909	0.162983929	0.060357217	0.025333319	0.086006019	-0.187198818	0.178331554	-0.118324527	0.061117792	0.382729658	-0.397787402	-0.0716199	0.364936843	-0.019549766	-0.096137015	-0.026603017	-0.072639051	-0.122039792	-0.120416319	-0.111775105	0.611503247	-0.054390679	-0.110354223
UMARY	5079	0.030273165	-0.010649066	-0.193384615	0.101588	0.013929772	0.122021905	-0.144162787	-0.074477854	0.154144212	0.015623394	0.115411524	0.694659137	-0.308265272	0.002542934	-0.030510617	0.07380135	0.000906347	-0.014423367	-0.012085517	-0.003555545	-0.160340026	-0.115473242	-0.042103597	0.222318752	-0.110340552
UMARY	5081	-0.043595965	-0.025224169	-0.165333569	-0.123373699	0.11607949	-0.234728128	-0.15139343	-0.02010174	-0.183343424	0.017366177	0.085911106	-0.084760102	0.467057521	-0.043841883	0.124256096	-0.029561178	-0.016428466	0.036412873	-0.08658194	-0.090282006	0.254174279	0.027817206	0.731171117	-0.295898301	0.059400654
UMARY	5086	0.061115006	0.104699885	0.125471537	-0.109464296	-0.364274854	0.262264684	-0.105566602	-0.025458473	-0.042345796	-0.002728434	0.049373091	-0.12347782	0.796497711	0.103780803	-0.205583169	-0.020939522	0.025017621	0.074620725	0.033823324	-0.09225394	0.245724446	0.088572595	0.379994519	-0.009310099	0.059770027
UMARY	5087	0.095170712	0.187472679	0.086013833	0.089970267	0.093166112	0.004593978	-0.292552311	-0.023400718	-0.07875707	0.139088075	0.214779534	-0.309555534	0.438178591	0.098415827	-0.183447294	0.095499362	0.090732379	0.055863488	0.09243485	0.017042621	0.16555413	0.028661456	0.099333635	0.084811931	-0.014748258
