FID	IID	1	2	3	4	5	6	7	8	9	10	11	12	13	14	15	16	17	18	19	20	21	22	23	24	25
BLSA	745	0.21579298	-0.444212361	0.499407513	0.085126221	0.692656563	0.171741798	0.644041769	-0.738372432	0.096768183	0.836059667	0.390684292	0.266265171	-0.354290483	0.677611785	-0.156446136	0.171189786	1.336948018	-0.452153477	0.122162129	0.16383291	-0.571519104	0.100518985	0.295308125	0.436919128	0.093013112
BLSA	827	0.303138577	0.129395635	0.21766137	0.160133879	0.347194799	-0.352500379	1.308829752	0.238850472	0.143620344	0.13871089	0.539426219	-0.225016402	-0.177117583	0.925820187	-0.314810691	1.167223002	0.534240635	-0.547721873	-0.002239586	0.134095306	-0.273899718	-0.110650702	0.157034956	0.502342009	-0.064693523
BLSA	1556	0.209098617	-0.010157395	-0.330558205	0.059182075	-0.258916382	0.371743206	-0.030957435	0.501488235	0.101169683	-0.014582348	0.2893359	0.586510708	0.094918043	-0.120308377	-0.007205585	0.431195785	0.22992088	0.475336278	0.018147329	0.127725651	0.246350169	0.444684079	-0.014326283	-0.115529869	0.113432206
BLSA	1579	-0.309079892	0.091408831	-0.256475331	-0.207925692	-0.283994735	-0.142377979	0.106734702	-0.573345968	-0.215275192	-0.197350304	-0.253657562	0.458424606	-0.138850006	0.45304818	0.092789155	0.660128638	0.531851741	0.059942973	-0.196349603	-0.234124809	0.254699221	0.247383822	-0.182563486	0.073300233	-0.223140421
BLSA	1595	-0.664192783	-0.008854069	1.040407912	1.1064434	0.598747206	-0.640341913	0.793140598	-1.135703498	0.253329456	0.323607961	-1.580067795	0.014889399	0.032419792	-0.580628818	-0.17203191	-0.665391765	-0.040774575	0.114352283	0.756762995	0.417592787	0.076756164	-3.050716274	0.206953178	-0.456032809	-1.066945306
BLSA	1603	-0.04847131	-0.271161086	0.068809106	-0.016116615	-0.095496575	-0.017335861	-0.551879974	0.242163326	-0.068214698	-0.399714288	-0.079824497	-0.396699372	0.173700327	-0.548630517	-0.017097197	-1.27036583	-0.605200973	-0.306602357	-0.155771368	-0.036224712	-0.179172127	-0.142301407	-0.065011531	0.028010466	-0.034315588
BLSA	1640	0.185369232	-0.172826936	-0.145845373	-0.002606292	-0.099096364	0.120897774	-0.170217813	0.001022362	0.077495106	-0.055984119	0.162660122	0.440140252	0.123716636	-0.148506057	0.088197589	1.072067845	-0.238703179	0.445042021	0.054389579	0.193804149	0.260235467	0.147595825	0.074203894	-0.160489965	0.103395531
BLSA	1775	-0.14683735	0.373835086	0.146321644	-0.001979903	-0.124592633	-0.155056922	0.901499288	2.381057171	0.12881427	0.448574696	-0.360163203	-0.497673332	0.185732512	-0.476989079	0.1665189	-0.544114743	0.014648974	-0.55054887	0.232070676	-0.030525023	-0.150908337	-0.165437748	0.004703418	-0.365713576	-0.141373252
BLSA	1802	-0.063946256	-0.213147104	-0.10787449	-0.131304984	-0.135691051	0.063370133	-0.874629888	-0.020094487	-0.096720703	-0.083943544	-0.063353744	0.017444709	-0.035996602	-0.545436365	0.158976236	-0.623759375	-0.429310277	0.042184265	-0.218933812	-0.103544911	-0.076110515	0.510804654	-0.091743005	-0.167186531	0.238035986
BLSA	1805	-0.158576659	-0.164813732	-0.148612295	-0.109085807	-0.253430234	-0.123788013	-1.034232314	-0.15326212	-0.253915668	-0.51404814	-0.179145393	-0.481672904	-0.005447714	-0.365571808	0.259491483	-1.165361685	0.056513653	-0.188223279	-0.228531651	-0.066381149	0.129525614	-0.244227688	-0.150620023	0.15027283	-0.17928032
BLSA	1838	-0.010459016	-0.041298991	0.048922953	-0.087149991	-0.244504923	-0.045527547	-0.700483433	-0.182056744	0.075807276	0.027210472	-0.300610713	-0.074503929	-0.123000375	0.736899773	0.106487708	-0.460841969	1.160825555	-0.063005713	-0.023345215	0.063654698	-0.034775215	0.085728146	0.020327866	0.171808561	0.157132494
BLSA	1839	-0.084876802	-0.000255156	-0.165730207	-0.186605691	-0.125981616	0.14251995	-0.527035917	-0.391891942	-0.120522432	-0.110751284	0.128539866	-0.24662235	0.115021023	-0.377643734	-0.096549504	-0.710853468	-0.10862445	-0.334172922	-0.092715186	-0.141035251	0.063471872	0.552703545	0.150324377	0.138393986	0.138293324
BLSA	1840	0.171076339	0.094866003	-0.224359972	-0.312748636	-0.03058664	0.127487586	-0.141455883	1.046533152	-0.154748774	-0.076393172	0.479852425	-0.180106751	0.07798393	-0.21470009	-0.050948446	-0.086604966	-0.869740789	0.019824324	-0.204623563	-0.071904738	-0.16155415	0.33453048	-0.162816911	0.118871641	0.005727335
BLSA	1883	-0.160912933	-0.072765723	-0.127770117	-0.119522557	-0.083391331	-0.124762932	0.156737053	-0.207837461	-0.113994581	-0.055125584	0.242116831	-0.212254195	-0.0602536	0.509120099	-0.093605853	-0.151786878	0.143325454	-0.021900585	-0.074794734	-0.17033726	-0.089709242	-0.002300806	-0.177225481	0.305620296	-0.050407361
BLSA	1889	0.056313584	0.146725808	-0.175575714	-0.206044808	-0.191805221	0.150884597	-0.341862767	0.566055318	-0.131757468	-0.134691269	0.116200527	-0.235115724	0.00036313	-0.609371791	-0.003363683	-0.592349668	-0.506361135	-0.013892998	-0.113760141	-0.073214334	-0.234329148	0.537894064	-0.092202141	0.036087939	0.118526371
BLSA	1924	-0.211309456	0.35999363	0.052846601	-0.057356266	-0.114685796	-0.006414822	-0.208169406	-0.261137835	-0.081445368	-0.421713938	-0.022254757	-0.621411882	-0.163598357	0.07834034	-0.007317081	0.048287731	-0.463570941	-0.188937686	-0.029865469	-0.169451077	-0.120952082	0.099883975	0.017862955	0.502836899	-0.082222715
BLSA	1961	0.129770297	0.066362097	-0.11371391	0.022552493	0.032605024	0.184188621	-0.047256323	0.57729677	-0.083830899	-0.027638363	0.062573606	-0.155744981	-0.108672859	0.09158097	-0.000203335	-1.144724097	-0.610962819	0.041118546	-0.014683394	0.174918314	-0.098098288	0.053933929	0.051714322	-0.209224031	0.13149782
BLSA	2000	0.046888119	0.195874563	-0.071782575	-0.12902166	0.055496631	0.029579283	0.178578529	-0.106309079	0.062491164	0.159604197	-0.097491557	0.072562078	-0.042000115	-0.28070561	0.187626632	0.19002133	-0.374686955	0.185479287	-0.160746746	-0.145060312	0.286668597	0.286090995	-0.125737729	-0.301985361	0.070756949
BLSA	2020	-0.042830189	-0.183072014	-0.019179027	0.094595313	0.026813055	-0.063647006	0.297836633	-0.342374938	0.084343929	0.002339735	0.105884439	0.595664044	0.040759576	0.484400016	0.436345728	1.354138542	0.157240617	0.056331685	0.004153242	-0.015535967	-0.008992337	0.079115862	-0.009820235	0.077382699	0.035536759
BLSA	2037	0.213828973	0.064573584	-0.195082812	-0.033677972	-0.090015895	0.060153717	-0.103635814	-0.079945357	0.121281403	-0.258861772	-0.036389472	0.552604646	0.029703257	0.564188328	-0.009963309	1.528622217	0.50719207	0.424354796	0.028255584	-0.089614081	0.491838294	0.13003304	-0.113416159	-0.331695795	0.239687479
BLSA	2066	-0.060863542	0.066933858	-0.135309673	-0.190974915	-0.073032058	0.078872295	0.398203464	0.050998606	-0.119824101	-0.111213045	-0.039446877	-0.249334175	-0.002919231	-0.206827673	-0.170399218	-0.562096025	-0.176031169	-0.111248312	0.000216805	-0.097191582	-0.09695734	0.172447483	-0.024014293	-0.106213732	0.050626546
BLSA	2069	0.301566284	-0.104245414	0.051147746	-0.056981425	0.115657529	0.262322726	-0.516900707	-0.017657634	0.016806206	-0.06477301	0.179614477	0.135882588	0.079822012	0.279382382	0.019478587	0.711105454	0.279976209	0.19843428	0.111878612	0.074755912	0.303080863	0.159668474	0.163245699	-0.20355883	0.25397822
BLSA	2093	-0.055902682	0.071587078	-0.220009271	-0.152896845	-0.042032745	-0.102198652	0.466007913	-0.679108243	-0.156887783	-0.396663402	-0.113868367	0.014014804	0.133979152	0.315107014	-0.179697279	0.108612988	-0.653040638	-0.295942491	-0.111404098	-0.209453314	-0.246594856	0.131716811	-0.150090828	-0.018276644	-0.152543862
BLSA	2102	0.185415867	0.025253809	0.312354127	0.473966677	0.37808339	0.010190339	-0.002892028	-0.716367674	0.435210647	0.987339965	0.429385231	0.421752992	0.124027534	-0.640179156	-0.236272791	0.53565715	0.124324094	1.011949823	0.299727614	0.303218789	0.230946197	-0.359099544	0.217909312	-0.105939547	0.245282215
JHU	384	-0.148785611	-0.066704466	0.148460144	-0.205079317	-0.161082004	0.071063384	-0.150805489	-0.090993939	-0.043646216	-0.383657956	0.321223662	-0.569017504	-0.031311016	0.269944827	-0.161917076	-0.548065067	0.065495442	-0.519664938	-0.184595213	-0.237269369	-0.351788927	0.405692321	-0.048323577	0.117933372	0.020281898
JHU	705	-0.138480164	-0.115094586	0.024161491	-0.068217665	0.07215135	0.002906761	-0.562092656	0.199529762	-0.20998788	0.022981365	-0.277518125	-0.032749698	0.065739591	-0.298946587	-0.279400955	-0.936578885	-0.559376169	-0.681649497	-0.059200591	-0.100240591	-0.305292356	0.268297715	-0.161349097	-0.034058589	-0.150259897
JHU	710	-0.011348695	0.064798165	0.056906508	0.124073736	0.116378567	0.061086848	0.673077164	0.193054395	0.024846011	-0.083478905	0.120030905	-0.237930004	0.052368036	-0.159549917	-0.088672025	-0.181928616	-0.170233248	-0.105160606	0.136061915	0.132195825	-0.10540673	0.020350628	0.082683762	0.124639857	-0.023558527
JHU	712	0.019516802	0.160943126	-0.083054731	-0.043310822	-0.019420079	0.064226569	0.391835806	-0.255665645	-0.041492274	0.034617725	0.080646301	-0.21031248	-0.095164963	0.820429119	-0.121420762	0.007583071	-0.239367163	-0.504049346	0.158090448	-0.025412627	-0.013662116	0.14092641	0.119890604	0.224508698	-0.032380876
JHU	713	0.361782661	-0.112665311	0.090347214	-0.082660945	-0.310960856	-0.096510618	-0.285139544	-0.106694399	0.134996723	0.529868899	-0.111391901	0.014695733	-0.109904854	-0.185609041	-0.111879964	1.797586528	2.229445271	0.479450044	-0.060106512	0.112159112	0.024538563	0.037189317	-0.406079386	-0.489273811	-0.100160297
JHU	719	0.085246071	-0.047952259	-0.100703707	0.054943409	0.124147396	0.126604088	-0.594212661	0.375244008	-0.065343066	-0.23839988	-0.175286923	0.233068869	0.141511063	-0.084586818	0.502479964	-0.767229327	-0.050489521	0.237517482	0.043712304	0.143550763	0.015208679	-0.138477047	0.026704457	-0.051892072	-0.042598984
JHU	993	-0.180197882	0.079833041	-0.113274052	0.176436972	0.042020325	-0.209140779	0.650270965	-0.298697956	0.163690817	0.027048808	-0.178717859	0.258161981	-0.130428379	0.123760259	-0.19438365	1.067549989	-0.351602098	0.516981146	-0.143219023	-0.09617194	0.246462468	-0.319218285	0.313292628	0.203080285	0.307759837
JHU	994	-0.166417661	-0.049911732	0.009274097	-0.100477332	-0.102350409	-0.069268464	-0.298566363	0.017478815	-0.022944046	-0.057903923	0.147419954	0.204424733	0.098068371	-0.409506962	0.148258096	-0.453778516	-0.789712766	0.135130887	-0.07330271	-0.003478918	-0.040162228	-0.17969391	-0.080445745	-0.046431038	-0.109750401
JHU	995	0.17868448	0.086754022	-0.032116964	0.144291964	0.239115711	0.04903221	0.175632777	-0.033255042	0.059879929	0.148923866	0.073593985	0.33965837	0.009122151	-0.075934881	0.306936373	0.014860823	-0.134159748	0.441444828	0.182559383	0.074667745	0.530102648	-0.235067149	0.153626354	-0.048506702	0.130667247
UMARY	142	0.076280454	-0.049402601	0.159635367	-0.022269306	0.093049162	-0.047772984	0.335711642	0.051130017	-0.01767468	0.125635987	-0.045388266	-0.182264833	-0.035128889	0.02981548	-0.36471705	-0.062950162	-0.251863577	-0.229140331	-0.000599319	-0.109797157	-0.276656531	-0.02307107	0.043248922	0.355450681	-0.036466509
UMARY	602	0.062954161	-0.061261627	-0.13306812	-0.135652933	0.024907841	0.084509119	-0.041974333	-0.25679796	0.029239196	0.047529154	0.135700534	-0.003227972	0.055809056	0.293191269	0.116583233	0.210657944	0.314102904	-0.001553398	-0.021199843	-0.066482466	0.088229984	0.563510642	-0.077467189	-0.151543452	0.165347811
UMARY	604	0.095891793	0.079705884	0.025858551	0.01262735	0.082720976	0.025405491	-0.356504965	0.209581702	-0.059509724	0.145333009	-0.315290608	-0.061140067	0.032002492	0.065696831	0.055403449	-0.128616437	-0.069977803	0.408292491	0.021887475	0.107786767	0.062515434	-0.292584062	-0.009819112	-0.092307761	-0.056412927
UMARY	813	0.035219317	0.111811082	0.027809781	0.091680507	0.063741919	-0.011873527	-0.036211833	-0.099233923	0.041023154	-0.139899214	-0.148524119	-0.205145388	-0.115682703	-0.035353096	-0.11799455	-0.080438462	0.297207057	-0.185485642	0.039786123	0.0305905	0.081515558	-0.055363126	0.049173532	0.062538094	0.038723397
UMARY	819	-0.043031232	0.083046956	0.002673434	-0.015372803	-0.051259004	-0.071711389	0.347506537	0.026295276	0.017689984	-0.037851209	0.090761448	-0.238489517	-0.134679792	-0.567341023	-0.006090841	-0.215383877	-0.031073063	-0.141087295	0.006977826	0.048872014	-0.009082607	0.019113664	-0.011661787	-0.16047236	0.046239529
UMARY	871	-0.031942229	0.152313476	-0.044488466	0.029429935	-0.012794662	0.021902509	0.114832274	0.045952455	-0.009769809	-0.20683714	-0.219905629	-0.18613465	-0.006887577	0.066300438	0.027655815	-0.224793169	0.25419425	-0.252905079	-0.041975466	0.056878794	0.216193137	0.061630203	0.013149215	0.027164557	0.01491996
UMARY	879	-0.084654639	0.06530914	-0.026800434	0.00931631	-0.065628812	-0.139623999	-0.296101321	0.423294026	0.067211573	-0.053976427	-0.109266372	-0.007667604	-0.090269577	-0.088783161	-0.025319575	0.004257263	-0.089670368	-0.181836092	-0.041294281	0.002835888	0.120509656	-0.128174231	-0.054894701	0.036289568	-0.024876627
UMARY	880	0.185313146	0.070451434	-0.008752317	0.122186437	0.133540411	0.216838196	0.604498805	0.329128413	0.103456194	-0.020493676	-0.257706657	-0.241638836	-0.01305661	0.788879917	-0.273317279	-0.038994041	-0.195200904	-0.380641479	0.174669377	0.087220453	-0.152039629	0.161080339	0.148314578	0.24942454	0.194343854
UMARY	914	0.022520488	-0.051208286	0.025389106	-0.104220738	0.025375343	-0.004690199	-0.462089349	0.362056548	-0.090848334	-0.032701603	0.017594284	-0.218204657	0.08459207	-0.428159314	-0.077669269	-0.259903643	-0.112381423	-0.205691491	0.029560955	0.009040266	-0.151870271	-0.176322467	0.010930709	-0.002660989	0.015975041
UMARY	933	-0.02013873	0.055426379	-0.166348042	-0.162559306	-0.064660221	0.00683507	-0.342649192	0.056900667	-0.081927893	-0.170197442	0.085910293	-0.219242578	-0.08166026	0.359882791	0.079699554	0.094456052	0.62315647	-0.173657014	-0.066429763	-0.096238023	0.14061982	0.275722065	-0.009443967	0.086605049	0.134033721
UMARY	1028	-0.090899523	-0.306455476	-0.047296977	-0.110615017	-0.161598925	-0.167622476	-0.471665033	0.072752177	-0.105060114	0.211031672	-0.254082452	0.263176753	0.094446008	0.09341313	-0.177782124	-0.356760516	-0.197328245	0.11887724	-0.211758193	-0.175279078	-0.168768796	0.127700531	-0.185123403	-0.038346119	-0.231504384
UMARY	1037	-0.05283288	-0.189913865	-0.050219711	0.003211018	-0.096210271	-0.035653209	-0.288152968	-0.366981085	-0.069987038	0.21959131	-0.239187088	0.185871075	-0.019261679	-0.312086273	0.155466081	0.252381313	0.075611512	-0.111338821	-0.093858923	-0.155491269	-0.073149733	0.206821075	-0.08231738	-0.465836028	-0.125182832
UMARY	1064	0.037660505	0.021749732	-0.093726079	-0.160807643	-0.025164607	0.119276799	0.068919571	-0.166848364	0.01963194	-0.294555232	-0.057088089	-0.148011742	0.002379904	0.400933357	0.195814268	-0.147588388	-0.30104992	-0.147124245	-0.067861987	-0.068125141	0.084192734	0.315318243	0.131842551	0.13054239	0.198249706
UMARY	1065	0.098966085	0.275427054	-0.127698835	0.080608687	-0.012817714	0.057711468	0.328954878	-0.014300584	0.088062698	0.084706106	-0.287452176	-0.02922209	-0.016313087	0.80752463	-0.059274251	-0.505293513	-0.582940287	-0.256299611	-0.083796887	-0.07597179	-0.163350513	0.371125672	0.003554869	0.142221866	0.318729311
UMARY	1076	0.046561469	-0.092257983	0.006145723	0.102668658	-0.000334562	0.07223882	-0.618876383	0.165046586	0.049709369	0.061788605	0.035666029	0.095826241	0.044530735	-0.370483785	0.124325626	-0.198119856	-0.295742958	-0.135233574	0.054533851	0.020410529	0.008951035	-0.137495816	0.089540877	-0.003483492	0.045814992
UMARY	1078	0.023963863	-0.024205236	-0.287174791	-0.05359897	-0.050889042	0.003551861	0.096899388	-0.317160866	-0.034888213	-0.543335844	0.297138646	-0.192383909	0.136372836	0.077785497	0.043109845	-0.183629725	-0.557177821	0.003048501	-0.040882091	-0.005592942	-0.091131777	0.255937165	-0.147280064	0.361285801	0.007681493
UMARY	1079	-0.175684819	-0.188676499	-0.121262573	-0.176634109	-0.196133032	-0.166832634	0.126547886	0.163934344	-0.182081389	0.052732899	0.13674956	0.141897566	-0.091469641	-0.322200249	-0.026575097	-0.233311092	-0.25055258	0.135449155	-0.165715533	-0.134306734	-0.01505289	0.150030927	-0.176612398	0.007298092	-0.098447982
UMARY	1104	-0.030286321	-0.024894168	0.029570091	-0.01002432	-0.000487344	0.01792416	-0.023407128	-0.018209189	0.019146575	0.088189508	-0.052819617	0.100947685	-0.045968644	0.323078055	-0.113729236	-0.013391468	0.024576119	0.10876084	-0.023121023	-0.026023389	0.200089562	0.04314234	-0.033138992	-0.190424442	-0.007437654
UMARY	1105	0.068381909	-0.005000873	0.012632488	0.123411022	0.076078858	0.041988221	0.017288414	-0.450041869	0.13554233	0.251033542	-0.004723187	0.210962844	0.095991847	-0.316819789	0.210665438	0.067056534	0.224668176	0.475361817	0.205044184	0.085665921	0.050013598	-0.301067295	0.130633124	0.097220613	0.048936203
UMARY	1114	0.11071499	0.000124114	0.009747597	0.057544101	0.108830945	0.125074857	-0.43823171	0.114346572	-0.005089834	-0.161931096	0.03073568	0.104158159	-0.016766011	0.200156048	0.110567841	-0.159403849	0.365555182	0.15199227	0.100326959	0.249985046	0.067192663	-0.022429339	0.124475396	0.062467705	0.04563672
UMARY	1133	0.215485768	0.160923235	0.000634724	0.116735239	0.122228283	0.221712291	-0.567351307	-0.301048917	0.041936552	0.012999978	-0.057762032	-0.149089344	0.017427836	-0.018821545	0.074800347	0.553609478	0.90079128	-0.251401323	0.114050387	0.100733876	0.182921151	0.227506667	0.195114339	-0.145626138	0.139868766
UMARY	1134	-0.013857446	0.012978485	0.070089099	0.118944837	0.030090399	0.046492208	-0.155279358	-0.557257974	0.076716186	-0.122218547	-0.122522138	0.00415428	-0.042697792	-0.170628444	0.06775484	-0.090912207	0.141769843	-0.015153535	0.047671925	0.075746832	0.017704559	-0.067172149	0.001119001	-0.161422828	0.014328412
UMARY	1136	-0.049072129	-0.082220917	-0.06602354	-0.119092508	-0.085655539	-0.060882228	-0.141343058	0.20777435	-0.029209423	-0.010770883	0.312508501	0.033511815	-0.19411598	-0.398760586	0.02134047	-0.26509728	-0.359088835	-0.022934269	-0.034569054	-0.083936469	-0.157497765	0.017682255	-0.053519258	0.056040613	-0.047117585
UMARY	1158	-0.055918214	0.057679507	0.021438151	0.083370395	0.056373992	0.037800993	0.340842469	-0.161097409	0.010736875	0.117971429	0.040261072	-0.101262869	-0.015747753	-0.076515869	-0.087030115	0.21915117	0.398813993	-0.077846458	0.015316955	-0.017620144	-0.062312434	-0.039974966	-0.020107505	-0.07152994	0.013866383
UMARY	1170	0.026491745	-0.083197373	0.049169274	0.010316232	0.040859008	0.033964523	-0.227699568	-0.034377834	-0.007995797	-0.056739416	-0.068999149	-0.035408229	0.091289709	0.432576279	0.080644517	0.076950082	0.325122752	-0.044375934	0.03091874	-0.008934745	-0.174241355	-0.136856741	0.019114749	0.021510204	0.002886789
UMARY	1206	-0.020567697	0.09533109	-0.046102055	-0.099984818	0.040806519	0.078560773	0.524999266	0.208982106	0.06405179	-0.062938356	-0.137327095	-0.290921482	-0.081359204	0.388717008	-0.159322218	0.200565873	0.017682434	-0.195451888	0.063677607	-0.110967062	0.021033944	0.000974392	0.021307414	0.212759747	-0.026773364
UMARY	1209	0.028146642	0.145073842	0.010180747	0.133906865	-0.056437972	0.02906144	0.137511757	0.123260281	0.085687849	-0.238637607	-0.142237033	0.079418363	-0.024610009	0.084012186	-0.085311881	0.23410211	0.755032764	0.25046682	0.059376192	0.054727755	0.074123525	0.12570914	0.009147804	-0.177099701	-0.043602853
UMARY	1226	0.015573105	0.017332433	0.093342226	0.098928552	0.007186331	0.069147353	0.078648635	-0.132528858	0.095711695	-0.438071459	0.102782697	0.083379467	0.178997206	-0.099892602	0.18640621	0.067955175	0.12118701	0.019818099	0.129288355	0.042780509	-0.151845856	-0.12130452	0.075326194	-0.017616332	0.047237744
UMARY	1230	0.033623141	-0.012468869	0.007524976	-0.050185544	0.077791423	-0.020307853	-0.058639634	-0.126013769	0.033877869	0.042043392	-0.050196379	0.174488974	0.047189936	0.346333706	0.122444962	-0.065265949	0.652525967	0.04548021	0.008636701	-0.02958952	0.015829305	0.1131266	0.027679505	-0.107191533	0.019288512
UMARY	1260	0.128838002	0.052480939	0.125527488	0.254228168	0.128156107	0.073607316	0.467758475	-0.372683426	0.166878637	0.079940782	-0.066687641	0.092108838	0.1970309	-0.334800966	-0.055022442	-0.345753312	0.203997346	-0.047214857	0.193601065	0.082261376	0.110222894	-0.086795916	0.163933931	-0.340442789	0.136257665
UMARY	1326	0.001744033	0.017023077	0.102661741	0.064843338	-0.004112029	-0.038476455	-0.024457325	-0.109165121	0.031620503	0.139367658	-0.142560807	-0.019793696	0.018532486	0.141726541	-0.034154043	-0.011893283	0.03264108	-0.166659449	-0.022912309	0.014291867	0.101077928	-0.287273887	-0.011899647	-0.159170492	-0.027711865
UMARY	1454	0.004110071	-0.05928884	0.145450648	0.024408732	-0.010365792	0.036823567	0.279687946	-0.221290236	-0.10483949	-0.022296548	-0.198022218	0.081333986	-0.138442869	0.552747197	0.11253717	0.082606919	-0.028681734	0.015907355	-0.088465679	-0.013566216	0.095283193	0.249526744	-0.055209985	0.008282095	0.14134092
UMARY	1465	-0.096875578	-0.192102884	0.072673518	-0.038496047	-0.017721108	-0.123895587	-0.264980227	-0.399078155	-0.033144605	-0.05821362	0.40819874	-0.097023323	-0.051193707	0.186209694	-0.189777939	0.139301536	-0.372400309	-0.09242571	-0.044758868	0.02750304	-0.18338495	-0.30544322	-0.026452672	0.057071998	-0.079316919
UMARY	1486	-0.172776057	-0.183637085	0.069272212	-0.081565022	-0.069591205	-0.165591233	0.060494758	0.137845992	0.005131487	0.082527488	-0.115748669	-0.124824651	0.139887718	-0.179423832	-0.148765798	0.11463237	-0.371554851	-0.060981732	-0.101286289	-0.069118937	-0.000890661	0.007305394	-0.139191876	0.067061376	-0.103866909
UMARY	1498	-0.02127336	0.089822658	0.075065807	-0.013866412	-0.080635155	-0.048354548	0.198876642	0.047861806	0.025687837	0.090034196	-0.135861264	-0.040503701	-0.148545648	-0.35785253	-0.135618979	-0.119027465	-0.13698593	-0.021379896	-0.02737319	0.008662665	0.012935172	-0.089541379	-0.001108304	-0.100345889	-0.04983788
UMARY	1502	-0.170776318	-0.048873697	-0.113197011	-0.085091084	-0.062420563	-0.08873568	-0.293506973	0.776807026	-0.141807716	0.114864394	-0.209411999	-0.075218399	-0.145372093	0.07722321	0.000237824	0.111673465	0.168431578	0.092332115	-0.024420533	-0.019971399	0.146605582	-0.100310583	-0.110418097	0.059675103	-0.193716094
UMARY	1535	0.05996974	-0.144990065	0.04868974	-0.025465905	-0.05886868	0.00815542	0.305386664	-0.033397739	-0.067254316	0.071983563	0.007084533	0.169207817	0.028345478	-0.337045493	0.227683606	0.215558557	-0.204676633	0.22252648	0.074818508	0.074831391	0.254148933	-0.086221924	-0.035668298	-0.063768062	-0.082678132
UMARY	1540	-0.057559426	-0.03088082	0.150540906	-0.011300201	0.012829527	-0.003325415	-0.667275765	-0.243032576	-0.098025689	-0.250801643	-0.153022183	-0.156424093	-0.173830011	-0.061362627	0.086173844	0.061866479	0.117755141	-0.098770906	-0.041139372	0.071722482	0.062429705	-0.231143083	-0.066039456	-0.112524833	-0.148610807
UMARY	1541	0.040562537	0.01589593	0.171946425	0.105448678	0.08555557	0.09817416	0.08655451	-0.181162116	0.120383947	0.18779443	-0.012467108	-0.012182985	-0.001447905	-0.136082461	0.015560928	-0.067910567	0.177703015	0.153523237	0.102954285	0.140367573	-0.170947892	-0.105108398	0.039467415	-0.071288653	0.083834333
UMARY	1544	-0.124268539	-0.058492607	0.092407631	-0.018122336	-0.078880784	-0.024312452	0.18499167	-0.274749384	-0.100593113	0.187150125	-0.132493503	0.245320276	0.00836475	-0.147453078	-0.009756495	-0.050263163	-0.018596206	0.295421339	-0.063053252	0.046401627	0.213191807	-0.198550716	-0.060677071	-0.071246773	-0.059414235
UMARY	1545	0.14688627	-0.163835727	-0.12309472	0.114132037	0.0850561	0.137033623	-0.566857498	-0.339391626	0.121626618	0.298655762	-0.084862264	0.291902352	0.168660661	-0.216450451	0.263758596	-0.004073183	0.248507237	0.333976372	-0.023743413	0.182800321	-0.093652216	0.119443759	0.06118875	-0.14936287	0.063923606
UMARY	1568	-0.014363632	-0.166975812	-0.015521286	-0.01806841	0.041646247	0.063607139	-0.127851101	-0.45408338	-0.025264341	-0.211784802	0.01251062	0.018861246	0.083957411	0.396671215	0.158939686	0.176577187	-0.102688837	-0.086637971	-0.039182928	-0.013358921	0.129557482	-0.041839543	-0.015529632	0.31001166	-0.020272013
UMARY	1570	0.010312544	0.094883556	0.023798111	0.042126945	0.03235992	0.00455551	-0.100674818	0.186484626	-0.018559096	-0.126944112	-0.070185948	-0.111657986	-0.08453082	-0.080168431	-0.032630117	-0.022864863	-0.157504681	-0.19884659	0.058341434	0.030289758	0.330610961	-0.251319735	-0.01199565	0.088953142	-0.031608602
UMARY	1571	0.036322625	-0.244011388	-0.04965091	0.143370854	0.087402926	0.059723923	-0.725242923	0.01157333	-0.055873635	0.142007209	-0.058368971	0.408434762	0.134057826	0.174124435	0.137839415	-0.09847216	-0.022278855	0.254172071	-0.037832929	-0.007722813	0.20601497	-0.097274106	-0.006009937	0.139131849	-0.049461879
UMARY	1578	-0.066138668	-0.117188043	0.047366373	-0.018450009	0.078727792	-0.086894783	-0.137963127	-0.352361735	-0.103187661	0.05629032	-0.169026767	0.134500382	0.016305886	-0.396428716	0.262196963	-0.19678509	-0.136301903	0.116484057	-0.098240929	-0.091011811	0.055818399	-0.107117869	-0.08188064	-0.168479587	-0.058664782
UMARY	1583	0.110393395	0.001689138	0.03210585	0.037467303	0.088693821	0.032094514	0.754695253	0.63479708	0.093454148	0.130453991	-0.064728989	0.123379001	-0.064886216	-0.161795393	0.222444614	0.38490373	-0.040970802	-0.04034647	0.154362625	0.06847155	0.239166537	0.197177325	0.102038775	0.270036133	0.086690998
UMARY	1584	0.060831947	0.120897865	-0.146350348	-0.082770736	0.045428192	0.08264819	-0.100339345	0.072539929	-0.029102873	-0.266175967	-0.033904014	0.135441096	0.0662111	0.049903218	0.038044964	-0.10315836	-0.195211702	0.0342697	0.024388098	0.024615617	-0.102703703	0.214256882	0.022873137	0.07521419	-0.008796883
UMARY	1611	-0.024272703	0.067964661	-0.207187885	-0.267813148	-0.132050028	0.037633701	-0.557608866	0.362305476	-0.198924063	-0.000129972	0.632911408	-0.211214738	-0.037029617	-0.065673448	-0.025577895	-0.131468707	-0.543989189	-0.121069571	-0.168558214	-0.218706103	-0.025080155	0.100259821	-0.178486783	0.105296914	0.026011956
UMARY	1612	0.233729197	0.158465312	-0.033599478	-0.151187145	0.04532864	0.129727747	0.304993951	1.093025795	-0.017174526	-0.073404048	0.218441625	-0.422556759	0.086609318	0.250355112	-0.14399384	-0.587441612	-0.309827928	-0.272081111	0.000410971	0.011869039	-0.263331969	0.0424074	0.026957646	-0.073908436	0.055286616
UMARY	1613	0.06318859	0.524301395	-0.09768307	-0.058951643	-0.052519074	0.067325608	0.315967351	0.496094702	0.09708445	-0.315746394	-0.236588716	-0.270950344	-0.151851066	0.784107945	-0.198238697	0.056347231	-0.008988128	-0.591846142	0.052398942	-0.052527488	-0.281007759	0.229880055	0.049735705	0.222916116	-0.043766874
UMARY	1614	0.075199346	0.065841283	-0.007871033	-0.047986524	0.094314758	-0.004043343	-0.045640801	-0.428197561	-0.020174518	-0.087641233	0.337370727	-0.273605194	0.102900262	-0.098894903	-0.126586569	-0.389823963	-0.267004963	-0.271066066	0.123578703	-0.065581038	-0.076760295	-0.080329627	0.080269206	-0.100712576	0.044677675
UMARY	1648	0.010063123	-0.090630807	-0.043953702	-0.022137787	0.00668055	-0.051883298	-0.114202799	0.037407528	0.017431618	0.026442158	-0.142312501	-0.131830267	-0.014326708	-0.097244801	-0.173966887	-0.314810211	0.109900572	-0.186576583	0.05754218	-0.034128562	-0.441178304	-0.026231756	0.012094522	0.078758744	0.026353259
UMARY	1652	0.099080609	0.360669934	-0.038081123	0.000552454	0.025998668	0.105479221	0.474175453	0.380159236	0.054192516	-0.256888886	0.009293893	-0.153858463	-0.053224796	0.906565289	-0.104951987	0.009151773	-0.303243369	-0.371711295	-0.058232809	-0.109436859	0.049205774	0.405491289	0.055335146	0.351831206	0.002204898
UMARY	1668	0.078679037	0.079641787	0.084395783	0.109580529	0.136635238	0.134198384	0.147219835	0.022269514	0.084501561	0.031953568	0.052254489	-0.232861822	0.053479575	-0.042155162	0.061053133	-0.035048847	0.112100038	-0.207502264	0.12383584	0.033756721	-0.010029557	-0.012400696	0.110029731	-0.019051271	0.060385849
UMARY	1710	-0.093249856	-0.109752219	-0.09760707	-0.009511357	0.226215396	0.068575232	0.15702617	-0.090507535	-0.068168101	0.31494272	0.30082507	-0.094282254	0.201329586	-0.444336684	-0.244056247	-0.281553142	-0.314207575	0.00241527	-0.096656784	0.083042611	-0.194964966	0.124015433	0.009125401	-0.059665788	-0.059126574
UMARY	1712	0.096773954	0.017731844	0.056669253	0.103124062	0.137844217	0.022491725	-0.042101521	-0.162787563	-0.012311597	0.093729286	0.196768385	0.007945127	-0.035001703	-0.126629225	0.110525738	-0.00237439	0.169472405	-0.107495853	0.081169286	0.109261303	0.263517028	-0.247473574	0.101545615	-0.051604838	0.014117463
UMARY	1713	-0.059855119	-0.104814397	0.001152635	-0.041028038	0.01084083	-0.008403416	0.300893119	0.463021903	-0.024819981	0.148294812	-0.03622556	0.01406451	-0.180011961	0.06203204	0.001584885	0.253472866	-0.083004562	0.296601947	-0.086877403	0.124148679	-0.003352745	-0.163108359	-0.072060214	0.013308266	-0.102051248
UMARY	1715	-0.002147631	0.067408828	-0.0361755	-0.043560795	0.009061036	-0.046732696	-0.239930674	-0.043053272	0.021089937	-0.020890245	0.017178714	0.037183521	-0.051481724	-0.001247688	0.116654717	0.266937501	0.113336318	0.205099383	0.015114151	-0.066911611	-0.085699578	-0.286551023	-0.022610432	0.166536249	-0.013138162
UMARY	1792	0.021639059	-0.212184102	0.015123354	-0.072350089	0.034996211	-0.013129358	0.124352207	-0.276189568	-0.092387624	0.150442316	-0.11799046	0.195633036	0.141159736	-0.303863308	-0.126887397	-0.046572327	-0.396597618	0.057187356	-0.00998614	0.061692275	0.063682031	-0.016895714	0.011998791	-0.093624739	0.077549265
UMARY	1795	0.01595154	0.032905865	0.060367561	-0.036627932	-0.040389927	0.029031233	0.308159079	-0.064400537	0.021137149	0.10872701	-0.051468534	0.167479358	0.017341112	-0.386677949	-0.036552319	-0.04528156	-0.155553904	0.234822181	-0.024792427	0.00428775	-0.162925586	0.018842982	0.025673301	-0.234561298	-0.009483813
UMARY	1797	-0.08892778	-0.003188206	0.164751211	0.097242369	-0.001702977	-0.112631357	0.076145887	-0.076305003	-0.048959372	0.20197922	-0.015649225	-0.027996216	0.111945655	0.164212477	-0.161420497	0.198420923	-0.186527019	0.219974521	0.034752305	-0.071198927	-0.235981517	0.020651743	0.036043484	0.020589511	-0.156279919
UMARY	1825	-0.039548137	0.102174651	0.000664387	0.005853317	-0.140542216	-0.130900245	-0.107558416	0.032175082	-0.019977507	0.085455166	0.027896824	-0.053244983	0.035169698	-0.07987814	0.095400868	-0.092062101	0.444167586	-0.105987333	-0.107726693	-0.052080118	0.137519825	0.286625027	-0.053749842	-0.204023932	-0.08663432
UMARY	1827	0.01303904	0.018902057	-0.013822821	-0.059292262	-0.028414371	0.027826359	0.08041156	-0.244106546	-0.07667035	-0.08014641	0.234884774	0.131021262	-0.101147008	-0.605763492	0.084346752	-0.255816706	-0.486639454	0.12151109	-0.043225404	0.075884938	0.116358209	-0.060811403	-0.023604192	-0.047847238	-0.022878722
UMARY	1830	0.144636107	0.151094722	0.181030834	0.093648683	0.162978401	0.129569337	0.329152819	-0.58845954	0.163678994	-0.005036139	-0.204475322	0.179626683	-0.104764562	0.581538556	0.356296677	0.194196456	0.438969873	0.169642303	0.133643182	0.011134472	0.232804582	0.103072078	0.205527768	-0.071267417	0.197662581
UMARY	1846	-0.112949071	-0.118145566	0.083451162	0.020825237	0.045077373	-0.108389427	0.059629859	-0.127485187	0.015408738	0.030767638	-0.121183371	0.044571517	-0.134590221	-0.197952602	0.14446036	0.071447765	0.248642352	0.054101824	0.028554909	-0.036099939	0.010467879	-0.227696514	0.043006591	-0.098992226	-0.073621488
UMARY	1847	0.040750078	-0.007403007	-0.090501445	-0.05582942	0.035700023	-0.013116951	0.011429722	-0.348547165	0.011877472	0.04253851	-0.046628023	0.224961325	0.07660719	-0.385415044	-0.067087764	0.330048607	-0.31083836	0.595054106	0.028585927	0.032508533	0.059754591	-0.076783547	-0.052131011	-0.032186681	-0.044576848
UMARY	1849	-0.040492443	-0.079219721	0.057825891	-0.019300325	-0.101005966	-0.068428156	-1.081630191	0.18488397	-0.043104041	-0.134201891	-0.121698969	0.069185922	-0.01437254	0.102405696	0.263463731	-0.235682324	-0.186823607	0.064566755	-0.028011521	0.092435612	-0.091181091	-0.257929636	-0.076679482	0.236099796	-0.062212655
UMARY	1862	0.090261549	0.038311916	0.142703492	0.023207519	0.093757211	0.095199459	0.079401248	-0.230720198	0.083774157	0.057739881	-0.161539425	0.201435962	0.104021362	-0.202984493	0.418702108	0.143111485	-0.229665006	0.037017143	0.143868815	0.064336982	-0.180584226	-0.011085203	0.109880317	-0.221736254	0.032052835
UMARY	1865	-0.044161285	0.014998049	0.050124864	0.140428401	0.104721299	-0.030489358	0.096129418	-0.034959327	0.026419935	-0.076840048	-0.260298762	0.010794442	0.043544796	0.490478501	-0.212110526	0.016747808	0.360134337	-0.105319999	0.05656399	0.018063839	-0.128267064	-0.142215796	-0.010279409	-0.146236581	-0.063495036
UMARY	1866	-0.060143663	-0.127167276	-0.045006634	-0.10707385	-0.105153461	-0.10415287	0.038963993	-0.15024324	-0.161251232	0.038739718	0.143034335	-0.106742263	-0.042592069	0.123392978	-0.179063008	-0.184818263	-0.374863305	0.046586407	-0.105718869	-0.002138823	-0.091324666	-0.201902709	-0.158225799	-0.023303398	-0.185257031
UMARY	1867	-0.135129316	0.074703194	0.032289088	0.037080634	-0.086123783	-0.050078913	-0.125973278	-0.296957441	-0.075178374	-0.022717321	-0.329919709	-0.205344568	0.012567077	0.019807603	-0.128114388	-0.338770849	0.030670901	-0.196373307	-0.120975492	-0.042680639	0.006545988	-0.056870995	-0.017519386	-0.007499745	-0.069879824
UMARY	1902	0.009713656	0.104464662	0.042485687	0.046142327	0.040168007	0.01052845	0.390931052	0.116308062	0.036191722	-0.025543557	-0.199163069	-0.109954155	0.007879939	-0.125758791	-0.182422921	-0.253918546	0.110508895	-0.296755549	0.043566186	0.002137761	-0.08521011	0.01328851	0.003938023	0.025807662	-0.047849676
UMARY	1903	0.048565176	0.098878185	0.155162342	0.057301452	0.133279686	0.010257653	-0.430358011	0.264087087	0.119712927	0.163012127	-0.069540284	-0.147833602	0.140761426	-0.111910473	-0.272514088	-0.178143607	-0.046801245	-0.047013724	0.009023874	-0.015043875	0.09446245	-0.263528764	0.052640563	-0.007235698	-0.014619626
UMARY	1907	-0.197228444	0.033711147	-0.116757614	-0.13153872	-0.07421224	-0.138504407	0.240414647	0.764228007	-0.18604794	-0.16109521	0.097605381	-0.079625537	-0.127193324	0.198427328	0.009336784	-0.36927504	0.201502688	-0.243766845	-0.130051077	0.008749709	-0.097502363	-0.105192528	-0.122671451	-0.059273908	-0.179920779
UMARY	1917	0.040103315	0.001361206	-0.093739104	-0.013104927	-0.094706836	-0.142868415	0.464966499	-0.012863093	-0.145897382	0.103373271	-0.183104044	0.145152154	0.115516913	-0.402357409	-0.312958556	-0.131971712	-0.426781447	0.148796326	-0.062353643	-0.047162368	-0.149469817	-0.009551568	-0.080963296	-0.237494461	-0.13287752
UMARY	1935	-0.125856901	-0.186936363	-0.152714096	-0.050732492	-0.161678343	-0.070409502	-0.044427698	-0.265028339	-0.132443461	-0.11460794	-0.141530026	0.042831236	-0.142614996	0.02493303	0.040040871	0.23935381	0.261575556	-0.108690068	-0.11610956	-0.006364585	-0.097487745	-0.080312968	-0.128955316	-0.021167363	-0.128738908
UMARY	1936	-0.050046771	0.010823985	-0.097436072	-0.027171128	0.026980624	-0.023389138	-0.732828349	0.546980793	0.015554876	-0.102571301	0.785967185	0.168509769	-0.127406744	-0.090821761	0.212042795	-0.161294916	-0.28474546	0.185376481	0.028228257	-0.020982788	-0.114325815	-0.108714511	0.049232761	-0.172718941	-0.016426261
UMARY	1939	-0.254468934	0.000975433	0.386485602	0.190705627	-0.527084273	-0.407693682	1.352078851	-0.986041739	0.599702257	0.191243547	0.088439349	0.117926121	-0.259430907	-0.770169092	-0.013525502	1.579704542	1.651765863	0.540218565	0.25520646	-0.032181085	0.518193853	0.058506152	0.11186916	0.011515695	0.622997762
UMARY	1940	0.035108863	0.113845903	-0.053123739	0.046473781	0.016577004	0.093841417	0.281271365	0.204384914	-0.05762627	0.022896023	0.003761058	-0.224147948	0.009668677	-0.156082259	-0.194227985	-0.742262597	-0.436008256	-0.223550628	0.034142076	0.061264944	-0.322753985	0.228978556	-0.003887333	0.038034474	-0.02479464
UMARY	4263	-0.096140971	-0.181057144	0.011774157	-0.064716056	0.058886634	0.002556595	0.955052465	-0.563796666	0.048066478	0.245784768	-0.092430733	0.307882308	0.089828885	0.249547453	-0.208109837	0.315954923	0.196332385	-0.018206244	0.081259341	-0.130031211	-0.05287534	-0.188071721	0.043426079	-0.030887415	0.049198397
UMARY	4540	-0.140279377	-0.15652489	0.085306231	0.057714973	-0.051640122	-0.17072877	-0.868532544	-0.173327769	-0.002339495	-0.052134357	-0.091310562	-0.221503627	0.050205446	0.316396572	-0.165893984	0.300944602	0.735041523	-0.120744857	-0.045441474	-0.094281173	-0.073802486	-0.312926302	-0.049932118	0.040907232	-0.161319942
UMARY	4542	0.037839158	0.252393584	-0.060979153	-0.029436521	0.071882779	-0.042054165	0.733083172	0.065797011	-0.00250687	0.031420976	-0.197629077	0.021393209	-0.070599755	-0.190977389	0.020332337	-0.225570118	-0.059806698	0.131716964	0.012537728	-0.078985985	0.056659011	0.371702077	0.035422959	-0.205452539	0.040844213
UMARY	4543	-0.073513921	0.039683018	-0.141179879	-0.005389151	-0.166525948	0.029255074	0.098256978	0.135897719	-0.043373957	0.084805639	-0.138650206	0.147296425	-0.010108193	0.15396511	-0.079701177	0.03338418	-0.09788597	0.299725382	-0.064690751	0.142663389	0.080794102	-0.204238267	-0.104658277	-0.030635934	-0.058964914
UMARY	4549	-0.042446993	0.001115142	0.117624957	0.098899203	-0.035957745	0.018410153	-0.178501626	0.044198404	0.006133955	0.015278114	-0.288761413	-0.13323685	-0.007381537	-0.083754828	-0.171998748	-0.452861427	-0.32502664	-0.200932952	0.01802299	0.074499873	-0.087914228	-0.154568864	0.029660151	0.002945056	-0.033010153
UMARY	4590	0.103385028	-0.12784202	-0.043730746	-0.261576532	-0.162562338	0.158589667	0.01879256	-0.146155859	-0.037660491	0.188251802	-0.098975254	0.422984339	0.145914136	-0.058408805	-0.028083525	0.257025119	0.120064207	0.373146272	-0.115926978	-0.053102766	-0.026729335	0.413173408	-0.032161317	0.02941836	0.138001073
UMARY	4593	0.014633126	-0.07164245	0.07032999	0.030462327	-0.007358089	-0.100072211	0.22035133	0.117734853	-0.008748207	0.023965908	-0.015123817	-0.004671292	-0.011587419	0.105628789	0.053324227	0.145763519	-0.150392949	-0.029033353	0.077182319	-0.041155873	0.090283372	-0.204556754	-0.053368634	0.305681353	-0.089380742
UMARY	4598	-0.071977053	0.077478741	-0.070146196	-0.033962361	-0.046397607	-0.067376474	0.009571963	0.240982977	-0.126613863	-0.091914381	-0.107225077	-0.04244964	-0.031627186	-0.143558144	-0.114758415	-0.149226599	-0.169957988	-0.029270699	-0.027405898	-0.130293355	-0.079625425	-0.197391116	-0.091013813	-0.05779337	-0.078025925
UMARY	4636	-0.069447704	0.088371183	-0.165800199	-0.022340886	-0.111903312	-0.037136831	0.150701066	-0.070190501	-0.13199466	0.038979625	-0.009273897	-0.036530473	-0.068520904	-0.05204226	-0.110863097	-0.374620813	-0.055693541	0.117964326	-0.035214242	-0.03498375	0.053711472	0.046258566	-0.063801623	-0.069732505	-0.063773543
UMARY	4640	-0.028992191	-0.023371081	-0.113032684	0.033484773	0.021038315	-0.118629058	0.252818813	-0.423897241	-0.026764123	-0.224454439	-0.297517155	-0.149922705	-0.09315767	-0.343752176	-0.02891761	-0.065319562	-0.016606063	-0.174505318	-0.151192806	-0.128709868	0.223579441	-0.007856911	-0.013123822	-0.197386685	0.047590745
UMARY	4725	-0.13977552	-0.116009543	0.021349132	0.089062152	-0.044395704	-0.166273215	-0.751377068	-0.151271551	-0.010494437	0.132487895	-0.059025334	0.109365456	-0.049571938	0.124123144	-0.062244246	-0.019084774	0.119207671	0.118011708	-0.095953353	-0.086173909	0.06703533	-0.181423413	-0.168181633	0.1876138	0.024031263
UMARY	4726	0.036329369	-0.048435558	-0.036634932	0.016965535	0.10386982	0.094592293	-0.358381888	0.269221231	-0.046956705	0.239934709	-0.051818461	0.121589381	0.040542116	0.030228166	0.072953348	-0.078091394	-0.090982272	0.184550474	-0.0021802	-0.007043356	-0.0144036	-0.078453375	-0.032558747	-0.111978028	-0.019961346
UMARY	4727	0.062138345	-0.033890094	-0.139312794	0.036992093	0.097744952	0.101994349	-0.401186527	-0.105569317	-0.02087007	-0.089394542	0.171592673	0.072230669	0.041895415	0.228395741	0.228703458	0.352056159	0.730010669	0.333808999	0.021542513	0.237518786	0.235105414	0.114221875	0.06493195	-0.134244807	0.027313522
UMARY	4729	-0.055010547	0.134740155	0.173487171	0.081447755	-0.074086273	-0.027066323	0.428202987	-0.193777908	0.227628813	-0.072514374	-0.035060333	0.061135214	-0.072914505	0.433065767	0.08954538	0.720772336	0.198999045	0.07460702	0.021132633	-0.052692352	-0.128734453	-0.007829939	0.036754122	-0.068700575	0.024161457
UMARY	4782	-0.121129508	0.088739442	-0.008700402	-0.0320246	-0.162278849	-0.100485357	0.136200262	0.592051689	-0.059483461	0.087264323	0.088893331	0.000896387	-0.158871737	-0.038712744	-0.035737229	0.025517332	0.080411711	0.240213105	-0.20867961	-0.089800098	0.095113723	0.313145549	-0.069447983	-0.154763159	-0.069558379
UMARY	4786	0.089108899	-0.011319952	-0.101269777	-0.036764273	0.014802238	0.108298598	-0.028147608	-0.144369739	0.075611194	-0.26645048	0.089325719	-0.159449144	-0.044317055	-0.525848689	-0.013455039	-0.080399469	0.190211701	0.049601632	0.136082745	0.176004539	0.202995533	-0.007579017	0.024382965	0.007145272	0.025733746
UMARY	4788	-0.215394612	-0.077331207	-0.118460079	0.008386717	-0.089036506	-0.02967682	-0.536172662	2.62078709	0.036697904	-0.119274987	1.280980644	0.016490676	0.131603237	-0.266657259	0.020374384	1.253373698	-0.095912239	-0.069875511	-0.127470579	-0.170538952	-0.01195798	-0.043954799	-0.169811479	0.337459667	-0.170338461
UMARY	4789	0.26404453	-0.121267894	-0.147885926	-0.086271332	0.204594703	0.136857257	-0.81964246	-0.308458519	-0.026983684	-0.022755451	1.776552351	0.271453861	0.268140548	-0.491367141	0.413123999	0.527514105	-0.728766283	0.498091029	-0.025838912	0.140440218	0.143080338	0.38989532	0.218140271	0.612572617	0.239093636
UMARY	4841	0.026479151	0.056528206	0.010696131	-0.076863451	-0.067580074	0.020856424	-0.123037614	-0.459670516	-0.090397206	-0.078262576	0.053168876	-0.117032705	0.172430243	-0.094935235	-0.266984993	-0.080326774	-0.116207459	-0.260565168	-0.036843729	-0.040604733	-0.146120586	-0.185626015	0.05065644	0.358012953	-0.069891996
UMARY	4842	0.073760763	-0.043102887	0.120582167	-0.037367059	-0.02413372	0.048005408	0.191739115	0.216949046	0.180437959	0.020279804	0.072144479	-0.333733989	-0.132341581	1.074969071	-0.393332687	0.048492265	-0.269526912	-0.419471512	0.072196048	0.019103552	-0.150015254	0.193313792	0.277895969	0.434270887	0.039793163
UMARY	4903	-0.018474187	-0.178821044	0.236038118	0.173323553	0.005074493	0.013778959	0.065191468	-0.233336405	-0.080392748	0.147193142	-0.028395666	0.164696078	-0.147787153	-0.143610612	-0.062015765	-0.167464358	0.17255258	-0.13129938	-0.119970404	-0.012661682	-0.12871574	0.208303028	0.056534242	-0.097165231	0.080532127
UMARY	4915	0.002366651	0.008807935	0.067764326	0.064476116	0.012229473	0.043162087	-0.177971387	0.205628871	0.069814263	-0.043997862	0.018694711	-0.182051709	0.094663573	0.435547928	-0.285039007	-0.109536253	-0.071524488	-0.293520263	0.084265956	-0.049820671	-0.286386565	-0.014275011	0.077597903	0.187306399	-0.05865269
UMARY	4916	-0.052978514	-0.045372236	0.061519648	-0.05312117	-0.075064239	0.025829434	-0.20339817	0.108983373	-0.09060759	-0.094933144	-0.002023518	0.070588786	0.440835735	-0.308285506	-0.11975231	-0.112863396	-0.42445614	-0.010984958	-0.037101689	-0.041660386	-0.125243657	0.087052211	-0.047837894	-0.003437814	-0.044340377
UMARY	4924	0.215158109	0.004865235	0.074174144	0.087253402	0.001687139	0.055945582	0.763276813	-0.10803917	0.316959583	0.416467193	0.189104774	0.384317304	0.013326152	-0.176819757	0.145424226	0.375525823	0.075669374	0.66919859	0.325071567	0.155596908	0.182684916	-0.119828689	0.103072881	-0.340488282	0.054199536
UMARY	5024	-0.019451789	0.160362098	-0.029406991	-0.085949775	0.352275949	-0.013970675	-0.773355073	0.538521591	0.016222017	0.033751232	-0.064579934	-0.163000316	0.086207322	-0.110644327	0.70807399	-0.307329551	-0.024838902	-0.50202021	0.046311176	0.212163857	-0.134958121	-0.264079032	-0.035067996	-0.301827806	0.109077832
UMARY	5028	0.006221155	0.003952503	-0.00907478	0.05450113	-0.052608378	-0.144203049	0.097840086	-0.299415296	-0.128044365	-0.253179146	-0.335270886	-0.09443621	-0.104932448	0.208464727	0.094394133	0.131573769	-0.11619158	-0.034516004	0.001482	-0.109361878	0.216663104	0.022148643	-0.051943112	-0.007635883	-0.061575194
UMARY	5078	-0.102717042	-0.009103715	-0.145966947	-0.101400802	-0.125362607	-0.119511832	-0.270687598	0.093734419	-0.144173974	-0.191470769	0.021840181	-0.086957944	-0.048820967	-0.16100217	-0.006318171	-0.291821349	0.125084613	-0.154739059	-0.095375825	-0.00933573	0.066060979	-0.084446975	-0.11144333	0.097062884	-0.144821439
UMARY	5079	-0.016357023	-0.052322668	0.020880467	-0.027749064	0.025928619	0.041997994	-0.182319222	-0.111447543	-0.079012439	-0.215487969	0.016087568	-0.004697279	-0.085465528	0.194108201	0.178332432	0.134778567	0.44730884	0.0698262	-0.033268327	0.046724425	0.100260791	-0.038293478	0.017279579	0.038807006	-0.024217395
UMARY	5081	0.035121751	-0.010329398	-0.068162533	0.005628962	-0.082510939	0.005833543	0.415229146	-0.059254377	-0.004043469	0.132867374	-0.047618312	0.248558842	0.003452668	-0.197135017	-0.032523668	-0.01478673	-0.498372677	0.109437732	-0.034740376	-0.139454089	-0.018277991	0.179551325	-0.101401999	-0.016944976	0.068072344
UMARY	5086	0.02335515	0.049210298	-0.006577822	-0.033063856	0.039887624	0.073436872	0.558925071	-0.483246029	0.08389735	0.247396483	-0.024654215	0.019528878	-0.016214358	-0.194622207	-0.034040769	0.273356415	-0.063200656	0.118430635	0.003835921	-0.027170631	0.046720639	0.248017243	0.018871935	-0.038909653	0.10042933
UMARY	5087	0.095339276	0.025825617	0.002800877	0.025731367	0.121157446	0.121480631	0.539743469	-0.2017943	0.040830107	-0.119005549	0.003869121	0.245794857	-0.016747294	0.29306135	0.167295214	0.034512248	-0.075314735	0.12545099	0.060744628	0.035408147	0.000800055	0.178098603	0.048338779	-0.019866675	0.045713729
