FID	IID	1	2	3	4	5	6	7	8	9	10	11	12	13	14	15	16	17	18	19	20	21	22	23	24	25
BLSA	745	0.26646853	0.530154771	0.37813447	-0.641286802	-0.006990242	0.765302005	-0.276863322	0.115870908	-0.185833322	0.206707269	0.678478488	0.044295593	0.231585913	-0.221598216	0.139766626	0.11863561	-0.226519664	0.418469239	0.184063248	0.295316731	0.519326127	0.412947445	-0.259073404	0.451726721	0.430283185
BLSA	827	-0.02029217	0.420711327	0.243102273	-0.353381729	0.2352416	0.057412767	-0.276580719	0.053879904	0.069800279	0.310095218	0.194986395	-0.096916555	0.376189511	-0.403784482	0.064737478	-0.714957386	-0.459562102	0.470097055	-0.194498541	0.111398507	0.369692626	0.25710559	-0.52608851	0.366864183	0.582734165
BLSA	1556	-0.047209054	-0.369996449	-0.188454825	-0.344217692	-0.156466792	0.005100195	0.207001444	0.116640175	0.098988499	-0.26642318	0.36079798	-0.338667243	0.262537283	0.192818075	-0.105492992	0.172821493	-0.104815737	0.078659143	0.210324324	0.210720412	-0.329000661	-0.056048802	-0.026838751	-0.253404015	0.082783423
BLSA	1579	-0.018161988	-0.524469744	-0.311116531	-0.172125973	-0.11328313	-0.246834836	0.372691236	0.317718	-0.212937542	-0.031031041	-0.16014965	-0.124485938	0.161759084	0.248721195	-0.303331595	-0.244414645	-0.234205659	-0.165429341	-0.23445832	-0.20314461	-0.072108052	-0.21293462	0.222271901	-0.285343828	-0.217631607
BLSA	1595	-0.287468679	0.401246959	0.892674089	0.79324845	-0.064398201	0.10436103	-0.114764147	-0.079380144	-0.132625214	-0.426398145	0.195723496	0.502277891	-0.120704522	-0.249120568	1.004536748	0.155764049	0.885472862	-0.175205589	-0.926711991	0.401752341	0.551148676	0.160886104	0.475564406	0.250992064	0.307511597
BLSA	1603	0.072292706	-0.266422224	-0.128753961	0.429534285	0.128464815	-0.038768316	-0.306178805	-0.510757903	0.080527571	0.389462924	0.019631503	0.161952379	-0.310304891	-0.361848671	-0.133698982	0.185809359	0.252679861	-0.291939915	0.019014107	-0.041371154	-0.259926859	-0.130013296	0.018263076	-0.148825763	-0.082423049
BLSA	1640	-0.056255802	-0.049574168	0.111523168	0.088508503	-0.077268195	-0.255012733	0.654355379	0.144850346	0.026814082	-0.382155759	0.330363263	-0.167795301	0.186977987	0.214471643	0.222651703	-0.031500776	0.186870624	-0.201489968	0.049176236	-0.037542422	-0.077603929	-0.129981603	0.187149502	0.077076694	0.103663533
BLSA	1775	-0.354478082	0.748671492	0.180752752	-0.260787292	0.27781727	-0.348685465	-0.629133541	-0.620075177	-0.079392157	0.013690492	-0.380338944	-0.074881026	-0.342011365	-0.531332023	0.112124945	-0.299243201	0.009338915	0.212116243	-0.395377611	-0.264609183	-0.096919054	-0.008712737	-0.094364434	0.054580305	-0.086674963
BLSA	1802	-0.042403134	-0.218246832	-0.143889895	-0.028651859	-0.21785501	0.124724196	0.025969514	0.195613223	-0.078854188	0.044061483	-0.313722999	0.108752534	-0.243767603	0.02270781	-0.329734561	0.015887489	0.06872226	-0.046952171	0.063291233	-0.143885058	-0.245388837	-0.150148823	0.008245332	-0.037849164	0.02257018
BLSA	1805	-0.112122887	0.070954009	-0.189421229	0.310553263	0.054558011	0.271727412	-0.079622321	-0.391793416	-0.131282616	0.328950989	-0.307667738	0.193573669	-0.40287646	0.138933971	-0.262193859	0.339479668	0.157303879	0.006838216	0.043459013	0.026132125	-0.109263905	-0.074190604	-0.095815448	-0.133291863	-0.141658945
BLSA	1838	0.089692429	-0.36069492	-0.110939963	-0.048772485	0.105152093	-0.034427934	0.124340424	0.046563475	0.011971618	-0.083543622	-0.283462206	0.026491876	0.184612785	0.098159842	-0.099019259	-0.080847893	-0.219013577	-0.108913026	0.00572431	-0.008462423	-0.047954488	-0.148534003	-0.125310192	-0.010943857	-0.057604188
BLSA	1839	0.215674817	-0.245560976	-0.191333629	0.159381084	-0.114155516	0.190617473	-0.310715393	0.074469205	0.019534235	0.210519689	-0.225952409	0.028021016	-0.310931087	-0.025504099	-0.202733915	0.234638847	0.149222874	-0.083354092	0.311175733	-0.076344702	-0.092485749	-0.002265276	0.001136927	-0.104754077	-0.374850379
BLSA	1840	0.006338409	0.566009899	-0.169890133	0.120973133	-0.011168203	-0.120875185	-0.167159566	-0.02053495	0.093308279	0.020113127	0.025932962	-0.064569067	0.018075024	-0.132296638	-0.269734004	-0.076166508	-0.157764625	-0.014799228	0.055772283	-0.140346811	-0.039590241	0.054110711	-0.030829102	-0.092787616	0.240969713
BLSA	1883	-0.102816834	-0.157655238	-0.102537196	-0.166445608	-0.185307317	-0.066549458	0.000724443	-0.02108259	-0.042597366	0.308304404	-0.090134381	-0.088126743	0.073219874	0.116251709	-0.04937728	0.002355006	-0.170032278	-0.00449989	0.034931817	-0.152245436	0.061385977	-0.037121041	-0.168980357	0.026807644	-0.177274725
BLSA	1889	0.085456682	0.033844845	-0.068381075	0.110512157	0.573307128	-0.120962811	-0.250653028	-0.129745762	-0.082842471	0.328435412	-0.15358722	-0.068712168	-0.324930417	-0.174137061	-0.133764831	0.112167106	-0.004501589	-0.158508574	0.036728405	-0.086929403	-0.074160724	-0.038419822	0.049609247	-0.151180547	-0.159698512
BLSA	1924	0.02122134	0.040309348	0.000515824	-0.077872525	-0.205846166	0.173587125	-0.104042109	0.36720326	-0.051130248	0.123227057	-0.242890342	-0.028226481	0.292087463	0.293952111	-0.044547561	-0.143123266	-0.231469996	-0.165244847	-0.152699835	-0.036980278	0.146116106	0.104356561	-0.21514147	0.049531824	-0.147141194
BLSA	1961	0.195713968	-0.224770562	-0.027550655	0.288642172	0.056901487	-0.106187776	-0.282456459	-0.631051953	0.28288929	0.362248947	-0.047464771	0.029575392	-0.014483372	-0.110765939	-0.039121439	0.281794591	0.306898517	-0.033460458	0.123591867	0.050059017	-0.123107657	-0.093946646	-0.139142142	-0.00453383	-0.153436911
BLSA	2000	0.062206492	-0.136593766	-0.155359603	0.056494614	0.020794406	-0.045364977	0.194846963	-0.183049327	-0.021409696	-0.021977025	-0.132078784	-0.052923025	-0.23635749	0.372533032	-0.192293503	0.195592381	0.09036121	-0.00830945	0.178862457	-0.057508958	-0.036289517	0.207349553	0.201801272	-0.028605276	-0.233513389
BLSA	2020	-0.102417975	0.101268724	0.008905986	-0.257867471	-0.04750598	-0.085608151	0.434448268	0.263014169	-0.060394928	-0.251621359	0.308273132	0.034800447	0.355787492	0.156413586	0.103075033	-0.124798405	-0.190090561	0.0478765	-0.03910649	0.017635265	0.139994911	-0.124992064	-0.176725163	0.030955761	0.027315027
BLSA	2037	0.138775157	-0.392585288	-0.189663229	0.020364983	0.02651124	-0.212997755	0.114009312	0.501404584	0.021141752	-0.40981005	-0.15581549	-0.105548397	0.007629379	0.366596589	-0.049613487	-0.030095435	-0.080282855	-0.049920165	0.060610428	0.074765829	-0.165696091	0.108374066	0.310829196	-0.105597033	-0.033580882
BLSA	2066	-0.03988183	-0.009657341	-0.078510616	-0.030970958	-0.06142681	0.06268641	-0.082641856	-0.255655263	-0.081351471	0.100680217	-0.043926734	-0.056562561	-0.243622758	-0.176371733	-0.034245481	0.087370717	0.119319766	-0.011181561	0.02236979	-0.101955718	-0.173442794	-0.014413902	0.015077665	-0.079504221	-0.059973037
BLSA	2069	0.183120847	-0.02467623	0.064614586	-0.010301636	-0.076211399	-0.071113555	0.215183656	-0.060732114	0.206472426	-0.272246218	0.157150767	0.066133598	0.209891908	0.202330527	0.244046567	0.020173105	-0.007318503	0.015090882	0.241136671	0.026171985	-0.083909179	-0.107508225	0.303337226	0.083409121	-0.200969875
BLSA	2093	-0.017720721	-0.163475219	-0.140707654	-0.008881522	-0.243010062	-0.028962345	0.082883497	0.387349486	-0.005264907	0.10352212	-0.201006524	0.041432371	0.010699478	-0.155925503	-0.094728817	-0.263979496	-0.071956804	-0.12262234	-0.004613782	-0.024566401	0.077871969	0.000256187	-0.243285837	-0.28106525	-0.082845136
BLSA	2102	-0.13573222	0.231207585	0.316287045	0.023350908	0.102144972	0.026832683	0.454357135	0.319281865	0.254468096	-0.704812947	0.466860203	0.030107738	0.178936783	0.118794844	0.452692466	0.08663759	-0.068656817	0.392683336	0.307234647	0.161940345	0.161311345	0.023845247	0.30830906	0.325742023	0.411445972
JHU	384	-0.045521916	0.300679574	0.087450213	-0.133678438	0.162192306	-0.00565302	-0.265240482	-0.203975734	-0.134332419	0.253919725	0.047188769	0.080118954	-0.297327905	-0.246460924	-0.085688819	-0.056478066	0.07490442	0.163802678	0.145269875	-0.020754351	0.160415623	0.083473916	-0.307559253	0.02062904	-0.087102718
JHU	705	0.003861536	0.352466017	0.01121754	0.155835443	0.04156156	-0.048911928	-0.392268513	-0.071566551	0.010031095	0.188428694	-0.048335649	0.191484763	-0.438353659	-0.468092302	-0.099146767	0.096202504	0.321804726	-0.24189628	-0.007029117	-0.078138945	-0.230691658	0.057265033	0.040431119	-0.015383969	0.042121159
JHU	710	0.103483907	0.12278116	0.080712762	0.063352171	0.072786328	0.051066182	-0.220926897	-0.519902098	0.133365749	-0.02147817	0.16537076	-0.042325181	0.034872928	-0.302685065	0.105482685	-0.001970245	0.143849791	-0.115605608	0.034360094	0.046794249	0.028043045	0.053042645	-0.148376273	0.000688403	0.038107534
JHU	712	0.174656651	0.056856795	0.089589376	-0.187249785	-0.025816601	0.295182527	-0.503754231	0.360776084	0.010946381	0.023268832	-0.005541637	0.032380987	-0.067845074	-0.228512142	0.117297065	-0.275353149	0.113064154	0.159896075	0.128265063	0.073454112	0.11311012	0.187940803	-0.093675704	0.098571628	-0.106640344
JHU	713	-0.409421336	-0.112218511	-0.214983626	0.1098352	-0.270868985	0.165657946	0.384267284	0.232968256	-0.299828725	-0.433130123	0.174235916	0.076950577	0.29005298	-0.123149999	0.232567258	0.074034228	-0.313470661	0.124592217	0.00521987	-0.436165078	0.145791538	0.326147044	-0.145753019	0.031427001	0.115699462
JHU	719	0.194249918	-0.239259812	0.037214091	0.335872139	-0.138855103	-0.095896389	0.10711604	-0.437479753	0.091412427	0.241825856	-0.156733159	0.27819589	-0.104824322	0.311058504	0.068503573	0.397535859	0.232949864	-0.199459838	0.066778388	0.154366408	-0.310561678	-0.126295768	0.160976658	-0.122302893	-0.041300477
JHU	993	-0.193232643	-0.237246908	-0.129763656	-0.623725797	0.008137512	-0.099628796	0.248593914	0.739176796	0.108070925	-0.249263762	0.027878712	-0.387908785	0.531187393	0.594097555	-0.40650433	-0.524397484	-0.377133754	0.314418088	-0.341373555	0.267968841	0.251743178	-0.163996977	0.354380043	0.179932262	-0.0174614
JHU	994	-0.043511096	-0.138426309	-0.097103321	0.307410167	0.090285613	-0.165867416	0.322972947	-0.110775702	-0.019812742	0.064549747	-0.213374153	-0.127170807	-0.117339964	-0.000509642	-0.063183493	0.090082778	0.084667974	-0.121700733	-0.08607153	-0.117605369	-0.118302032	-0.253454966	0.187960148	-0.199012094	-0.009015151
JHU	995	0.215434979	-0.105632006	0.135666621	-0.0276511	0.060577369	-0.095949106	0.319239937	0.010778702	0.100147309	-0.068120799	0.00931044	-0.101726399	0.169577624	0.464254015	0.130672829	0.200343576	-0.280636515	-0.0840466	0.054580911	0.110080133	-0.039548137	-0.164121729	-0.048383717	0.005450622	0.065591935
UMARY	142	-0.084829847	0.075420543	-0.022567493	-0.263810452	-0.050848839	0.103543595	-0.279688001	0.281882956	-0.010786786	0.211378062	0.01185023	-0.030686603	0.163124731	-0.394541606	0.097838026	-0.176844861	-0.075652034	0.132418896	0.038907252	0.113661196	0.238512876	0.029818553	-0.160192147	0.139057777	-0.139158017
UMARY	602	0.1048012	-0.097972506	-0.059576967	-0.090680338	0.111923708	0.034659409	-0.075044319	-0.050612291	0.109090555	-0.062167156	-0.001264335	0.04548685	-0.056404184	0.080750584	-0.072266273	0.015041436	-0.017989375	-0.035781043	0.116879888	-0.016587288	-0.050885989	0.018048275	-0.31843531	0.161048817	-0.044473867
UMARY	604	0.052287142	-0.106391921	0.03156672	0.143153394	-0.037922021	0.06708367	0.019325193	0.247185406	0.04297739	-0.265339196	0.120669374	0.150647896	0.047257068	0.220566738	0.058398618	0.218840922	0.030365384	-0.071281305	0.008632259	-0.028110401	-0.013448008	0.094886402	0.059580589	-0.091917509	-0.039300619
UMARY	813	0.079313009	-0.010773589	0.013148968	-0.044978138	0.081662696	0.016034167	0.031669839	-0.141875003	0.08283263	0.172263658	-0.012916448	0.086865894	-0.181497983	0.145491926	0.035905265	0.128140527	-0.038277233	0.032202645	-0.041919478	0.069228213	0.036093518	0.058968185	-0.049855336	0.128396725	-0.041101161
UMARY	819	-0.029907014	0.103336392	0.046153397	0.150741908	-0.039443151	-0.091215725	-0.166785617	-0.080427254	0.000217261	0.097092051	-0.102477288	0.020188192	-0.01134187	0.035493406	0.050138472	-0.003478221	-0.035425395	0.014895896	0.018043131	-0.062319651	0.083284359	-0.036659763	0.118155541	-0.022140952	0.019612609
UMARY	871	0.041169468	0.012338329	0.023594978	-0.022201105	0.121486593	-0.0038801	-0.152281688	-0.206770993	0.117204669	0.167228859	-0.005729432	0.051804957	-0.162075862	-0.013872147	0.017600278	0.163714941	-0.045866972	0.067214815	-0.081149057	-0.050305049	0.035936297	-0.011681606	-0.189536445	0.029805103	-0.072057676
UMARY	879	-0.050584208	-0.062314041	-0.038064846	0.124764692	-0.001316863	-0.041853796	0.178421308	-0.169314349	-0.030153441	0.055792731	-0.127585741	-0.021938515	0.11240772	0.097550055	-0.062638982	0.072463561	-0.02533861	-0.03159996	-0.178688822	-0.027594914	0.018846777	-0.078288455	0.249696583	-0.034379813	0.062386308
UMARY	880	0.235967101	0.034312476	0.126933695	-0.131599799	-0.019872255	-0.005306155	-0.303898724	0.287121963	0.1516911	0.264358052	0.151484619	0.057170828	0.203178182	-0.25143973	0.185417568	-0.243984264	0.037354413	0.138519918	0.166529022	0.081102544	0.102586495	0.02446029	-0.148837797	0.089041125	0.129084799
UMARY	914	-0.030942522	0.002284825	0.001117276	0.260906739	-0.108507318	0.089661788	-0.061468415	-0.198329073	-0.058664188	-0.080854107	0.039802053	0.004970888	-0.117637246	-0.374509744	0.04253367	0.013336686	0.10852541	0.007767796	0.070401013	-0.056775202	0.039854804	0.02956309	0.126613347	-0.100857276	-0.147244205
UMARY	933	0.073352684	-0.231260519	-0.119636718	-0.090404649	-0.010625199	0.033794065	0.104644739	-0.126740419	0.03583936	0.062174926	-0.160772767	-0.004861584	-0.009891331	0.161776586	-0.206782034	-0.030617643	-0.226390056	-0.097135715	0.089991819	-0.081130971	-0.218504994	-0.065103198	-0.097160669	-0.085970664	-0.256950573
UMARY	1028	-0.12715227	-0.153914071	-0.176440476	-0.097424516	-0.108041176	0.024914843	-0.095102071	0.426377939	-0.265877063	0.060671411	-0.323696915	-0.133042401	-0.230645371	-0.056998301	-0.241095215	-0.186630449	0.103145071	-0.01869733	-0.005437174	-0.060618013	0.007447697	0.10888207	0.374950878	-0.018929048	-0.044558757
UMARY	1037	-0.075714681	0.003539374	-0.07561426	-0.051867359	-0.019212012	-0.081707627	0.164416618	-0.027029518	-0.102298339	-0.140936291	0.062473646	0.074751423	-0.193945874	-0.14126549	-0.079824786	-0.081496777	-0.115128174	0.012033457	-0.091150793	-0.03552073	-0.112667657	0.022051276	0.051745879	0.119752023	-0.12557296
UMARY	1064	0.126537056	0.127144345	-0.12098907	-0.12380305	-0.146407202	0.069385394	0.214788623	-0.122718769	0.119232959	0.014201944	-0.039586716	-0.022511634	0.101898106	0.258207139	-0.033180082	0.198958222	-0.127311478	0.03104628	0.256354346	0.014152739	0.055167231	-0.013878407	0.264182785	-0.072245147	-0.183925656
UMARY	1065	0.072900206	0.05468293	-0.084062457	-0.057012593	0.096323188	-0.004709812	0.111826814	-0.143245541	0.100048116	0.315539542	0.024595096	-0.071304304	0.106752736	-0.217364684	-0.102053306	-0.35551107	-0.053653805	0.13971228	0.105242949	-0.031433955	-0.23631767	-0.16966829	-0.154154919	-0.06337158	0.139343536
UMARY	1076	0.003144537	0.199454638	0.088112513	0.187132173	-0.057972454	-0.031245314	0.071116021	-0.25484312	0.061669417	-0.159364239	0.10549127	-0.035553408	0.101702444	0.157085875	0.09770084	0.195964104	-0.100159738	0.022416724	0.093532868	0.01582634	-0.035411207	-0.008515467	0.469145064	0.079110158	0.078510447
UMARY	1078	-0.013703192	-0.044885475	-0.159832142	-0.240644736	-0.194752292	0.040102139	-0.256940027	0.449183435	0.057213834	0.417320131	-0.261224686	-0.206204122	-0.013033912	-0.283907991	-0.212088459	-0.102669698	-0.10117213	-0.121804052	0.128146574	-0.092170078	0.164588457	-0.107865049	-0.370114029	-0.228272433	0.46623095
UMARY	1079	-0.097034906	-0.260249261	-0.036149955	0.139433659	-0.01594349	-0.093231101	0.197392243	0.083121376	-0.174570124	-0.037168085	-0.06695866	-0.000292112	-0.262082527	0.023459084	-0.183170668	0.012897245	0.005592272	0.057225445	-0.057658979	-0.09260563	-0.099670672	0.022861474	0.200708012	-0.060802334	-0.113892032
UMARY	1104	-0.039464653	-0.190349327	-0.010205955	0.169971527	-0.057974185	-0.075555441	-0.118172618	-0.047947175	-0.062237126	-0.078707294	-0.080219327	0.016743051	-0.10762451	-0.121596197	-0.031784782	0.022495992	0.011256062	-0.03731252	-0.032268363	-0.001917729	-0.046478777	-0.01553216	-0.101377656	-0.017520841	-0.031733082
UMARY	1105	0.070200346	0.015982175	0.122396329	-0.019446779	0.029448057	0.085328591	-0.009469261	0.16085238	-0.008072391	-0.226881828	0.048811573	0.081049158	0.070159123	0.178058326	0.070551	-0.092326912	0.21874512	0.037945799	-0.05074578	0.050664022	-0.011554774	0.079249749	0.060644952	0.036736993	0.057366682
UMARY	1114	0.125438878	-0.059539732	0.076167247	0.013613802	0.027439429	-0.017290537	-0.002062475	-0.026393118	0.080739192	0.138706526	-0.054627252	0.01679292	-0.11131513	0.242186285	0.128223045	0.485201169	0.02923493	0.026427184	0.110454769	0.072947793	-0.063291259	0.048215127	-0.079092314	-0.01222308	-0.034052616
UMARY	1133	0.201293948	0.015065949	0.121343212	0.023833377	0.356150227	0.024736567	0.234347544	-0.349401891	0.28305631	-0.205556916	0.097508096	0.242926709	-0.278005977	0.186038819	0.087293611	0.063187322	-0.031381977	0.062206702	0.195759176	0.13539247	-0.129238805	0.139021988	-0.226074859	0.232312668	-0.310788956
UMARY	1134	0.045681269	-0.00691648	0.041211145	0.06076429	0.028248454	0.011248736	-0.023164664	-0.205174709	0.01844106	0.075450073	-0.027527019	0.003393016	-0.122338279	-0.07255469	0.080661864	-0.039632556	0.071440596	-0.06319085	-0.066702861	-0.035867029	-0.0315749	0.101847313	0.056384962	-0.034323825	0.095780372
UMARY	1136	-0.104678849	0.108993274	-0.106420118	0.161735805	-0.056416767	0.01326595	0.003694692	0.118684132	-0.077067165	-0.011441011	-0.119540351	0.000562016	-0.207521554	-0.09009986	-0.105719236	0.004823572	0.173111126	-0.08046256	0.045476669	-0.060075653	-0.039442797	-0.046574331	0.384153586	-0.050158259	-0.125837165
UMARY	1158	-0.029650217	-0.088061706	0.029186802	-0.148243176	0.026904244	-0.038485017	-0.086209518	0.055821408	-0.053024673	-0.181654857	0.031361997	0.015620483	-0.030653366	-0.257401465	0.142958692	-0.181689726	0.119220952	0.062869789	0.008729341	0.028605241	-0.010465355	-0.052749882	-0.222229789	0.013303491	0.051578424
UMARY	1170	0.034732731	-0.021465159	0.03468322	-0.096582485	0.00822588	0.069763717	-0.017240646	0.181462419	-0.009070265	-0.154315305	0.138795797	0.026537135	0.022226	-0.172547678	0.034308307	-0.044906448	-0.109614851	-0.007587066	0.010736094	0.003440559	0.0709719	-0.008847767	0.08837571	0.032275591	0.031949238
UMARY	1206	0.117020615	-0.141857434	-0.019812244	-0.155016682	-0.024217061	0.031745904	-0.026238385	0.238738662	0.079011166	-0.123391952	0.074789746	0.008758865	0.140317073	-0.137823453	-0.013950828	-0.129285852	-0.071394493	0.048663275	0.017366471	-0.001090711	0.08940822	-0.046383806	-0.014492477	0.032535203	-0.111505714
UMARY	1209	-0.013621231	-0.087541165	0.021197175	-0.02034767	0.106686519	-0.070202942	0.04702037	0.04720766	-0.033678454	-0.067971199	0.025877946	-0.114289747	-0.171602632	0.027080085	-0.054091565	0.022131824	-0.198701058	0.025921204	-0.109401351	0.016042243	-0.121651228	-0.034125398	-0.216708851	0.005766409	-0.041237722
UMARY	1226	0.022451665	0.009024948	0.045093205	0.074232358	-0.185023687	0.089452037	-0.189015797	-0.040782381	0.067620619	0.211133139	-0.155666068	0.02916724	-0.105906033	0.095226649	0.051853373	0.196270625	0.133332443	-0.030063498	0.033099971	0.00101902	0.439176477	0.044326708	0.133357217	-0.05124498	0.105403186
UMARY	1230	0.067196487	0.487639119	0.067849932	0.003873097	0.031152687	0.130274023	0.066876169	-0.137546063	-0.004456116	-0.112137659	0.087255438	-0.030564345	-0.055986977	0.1069111	0.005056716	-0.170745641	0.006755065	0.143321206	0.037454808	0.073549781	-0.039831108	0.082352865	-0.086829506	0.159144709	0.150368068
UMARY	1260	0.075080405	0.043186687	0.156155885	0.192903567	-0.10498028	0.144695033	-0.180164667	-0.102804627	0.139235691	-0.278199018	0.043816054	0.097641098	-0.217874021	-0.237067078	0.147060901	-0.061865827	0.16383882	0.191051991	0.092300566	0.146751032	0.16407927	0.120431605	0.054892825	0.119170512	0.111947459
UMARY	1326	0.031687959	-0.149738065	-0.007265663	0.074204572	0.151844007	0.128004345	-0.244444372	-0.241476041	-0.032937999	0.007190167	-0.012947227	-0.001133747	0.056869203	0.040470256	-0.031929053	0.106670976	0.161179543	0.057279231	-0.054638995	0.03011861	-0.046571829	0.044913203	0.082148002	0.002760391	0.094715749
UMARY	1454	0.017534128	-0.169718246	-0.048797224	-0.173427206	0.003293657	0.192887185	0.210591665	0.368641861	0.092094044	-0.087993636	-0.08757576	-0.092668877	0.174059178	0.295832126	-0.027121359	-0.060013947	-0.255571661	0.037645046	0.033285999	0.034260093	0.038986	0.013833888	0.242571911	-0.064437219	0.034784339
UMARY	1465	-0.123600746	0.32796162	0.034825189	-0.019955238	-0.047493817	0.000670595	0.077893989	0.245864979	-0.149239197	0.087047303	0.057524829	-0.083713281	0.046294617	-0.222826001	-0.000445106	0.052839001	0.182137648	-0.007560741	-0.087904585	-0.073085556	0.174427322	-0.039532259	0.076772238	-0.076522089	0.255896849
UMARY	1486	-0.090199246	0.315833549	-0.053163904	-0.085375311	0.061708422	-0.134778506	-0.062259603	0.132576132	-0.162926744	0.130973467	0.017473704	-0.008896492	0.130732181	-0.107496153	-0.101011995	-0.031053366	-0.003048107	0.015673667	-0.169975488	-0.015870157	-0.113710491	-0.044599313	0.175534123	0.002189761	-0.183916193
UMARY	1498	-0.066528761	-0.298322	-0.075719681	0.07147328	0.053448828	-0.001184674	-0.007490367	-0.08206312	-0.006595044	-0.001906394	0.000938666	0.030499708	0.019894102	0.047116635	-0.022632068	0.011252974	-0.150119241	-0.130501248	-0.095011362	-0.058489924	-0.00150117	-0.034436707	-0.051634662	-0.004858269	-0.032149456
UMARY	1502	-0.161821656	-0.142202628	-0.172266689	0.079333272	0.155971157	-0.073886132	0.129084908	0.071230983	-0.155195551	0.071657149	-0.169669512	0.004310587	-0.036445605	0.034991983	-0.124158018	0.229067634	0.016006382	-0.07694448	-0.057045077	-0.09184647	-0.117092306	-0.127647693	-0.186385418	0.016016884	0.051578211
UMARY	1535	0.029746862	-0.023276506	0.005331154	-0.040491683	-0.026241846	-0.156222087	0.228825201	-0.077480193	0.044396204	-0.165307693	0.096714998	-0.033440576	0.075929042	0.215279951	-0.001839042	0.139670904	0.000952416	0.05248606	0.038784046	0.009216832	-0.041779744	-0.011455294	-0.210970581	-0.110655594	-0.057906952
UMARY	1540	-0.145503256	-0.135437751	-0.134848993	0.279561414	-0.165854746	0.098118443	-0.002180803	-0.031629068	-0.078876371	-0.187808059	-0.272918624	0.081833175	-0.06473444	0.022584692	0.022281824	0.12838981	0.265891814	-0.080218986	-0.066248613	-0.106274273	0.402864105	-0.052317123	-0.002010298	-0.067921525	-0.101649456
UMARY	1541	0.134684835	0.057943225	0.046350421	-0.063190271	0.061935228	0.094164473	0.169098405	-0.068926526	0.111565335	-0.163552576	0.007834578	0.055342714	0.088699955	0.03953118	0.086503471	-0.021584544	0.005824121	0.012752651	0.106842896	0.084945835	-0.01831489	-0.00202105	-0.083893055	0.141054205	0.210115362
UMARY	1544	-0.036623969	-0.220247438	-0.067567804	0.005669066	0.042201196	-0.054697349	0.162019608	0.185032358	-0.02184903	0.038272144	-0.033322471	0.146617481	-0.000961551	0.259847635	-0.017204429	0.052315771	0.053832317	-0.158155051	-0.111805778	-0.048213455	-0.18677386	-0.119115255	-0.085032249	-0.121996936	0.039899871
UMARY	1545	0.074315776	0.210666968	0.07751497	0.315431939	-0.19960555	-0.150604073	0.013464416	0.070202075	-0.025372544	-0.139096645	0.163710596	0.166799636	0.201479462	0.267604508	0.106233787	-0.052410562	0.072284822	0.153383974	0.085282806	0.089097159	-0.110219642	-0.021496489	0.109849892	0.088686579	0.236318394
UMARY	1568	0.009344585	0.329321868	-0.080878888	-0.112110088	-0.071761221	0.06739602	0.186669772	0.120763257	-0.008602188	0.096714759	-0.070262118	-0.114937584	0.135070666	0.331780964	-0.076782597	0.167435153	0.015282076	0.085221292	0.083739412	0.113693188	0.099141177	-0.180189399	0.150835255	-0.070271535	0.007259671
UMARY	1570	0.039213864	-0.199206904	0.078235754	-0.038944399	0.077871849	0.01445238	-0.006156065	-0.066965379	0.00181652	0.084112961	0.001102974	0.052296842	-0.010360996	-0.11752766	0.046991438	0.233905294	0.056656848	-0.063083246	-0.127478575	0.024175027	0.021879821	-0.072136775	0.084494252	0.081190002	0.017082678
UMARY	1571	0.049158049	0.003783702	0.068642543	0.162493323	-0.034864638	0.015031795	0.170372604	-0.001092339	0.021169239	0.21280789	-0.008794944	0.116319511	-0.014299064	0.407710448	0.052599614	0.337575381	0.183325749	0.024849747	0.079678065	0.059576811	0.021628947	0.091744507	0.02446493	-0.040086914	-0.013619979
UMARY	1578	0.022515425	-0.056413357	-0.042763894	0.547090659	-0.130696795	-0.168976347	0.106540431	-0.084635859	-0.063667852	-0.010544807	-0.096558545	0.104542307	-0.130059722	0.136303602	-0.075061673	0.137086132	0.06177086	-0.087129753	0.057183688	0.048416983	-0.181284853	0.005480796	-0.009433922	0.051305894	0.168400182
UMARY	1583	0.013415566	0.080969191	0.07141286	-0.182848103	-0.011514211	0.035852463	0.228286433	0.113959086	0.068926547	-0.306906898	0.640388589	-0.047869081	0.103902728	0.408699255	0.108625658	-0.075432868	-0.13338279	0.091478881	0.152371064	0.14850659	0.108840306	-0.014485369	-0.125705867	-0.007879558	0.061433868
UMARY	1584	0.090717189	0.178297462	0.093892157	0.032223898	-0.081476376	0.048228532	0.137658013	0.109603922	0.072094448	0.107193074	0.058553405	0.047059443	0.076330428	0.144184728	-0.066768652	0.158656823	-0.139050507	-0.04251512	0.050699864	0.098031499	-0.323197849	-0.137176754	0.139602327	-0.060386654	0.281833671
UMARY	1611	0.06460658	-0.245864632	-0.183298851	0.138681396	-0.004860048	-0.068119613	-0.064203099	-0.115253093	-0.053797898	0.158289309	-0.170160149	-0.013349456	-0.009072453	-0.01861919	-0.201215078	-0.012635561	-0.085646884	-0.115161383	0.071177214	-0.208592099	-0.191178021	-0.111287243	0.228808624	-0.152701908	-0.248384412
UMARY	1612	0.127382533	0.035927797	-0.03926241	-0.134328208	0.181739871	-0.14722194	-0.405824376	-0.043176488	0.092495268	0.206665606	0.349520166	0.042966655	0.04780401	-0.636065539	0.013407713	-0.149604937	-0.169860742	0.050885171	0.069722638	-0.03791986	-0.217854675	0.009952649	-0.425900654	0.006480779	-0.22196684
UMARY	1613	0.029051541	-0.100604911	-0.056783874	-0.190769762	0.059130602	0.11735984	-0.551089229	0.094632	0.065237088	0.002795088	0.239235367	0.001875125	-0.044048895	-0.329711948	-0.071765069	-0.284036882	-0.165427726	0.066621234	-0.004591506	-0.03721028	0.119605315	0.058814884	-0.07410362	0.102865895	-0.070077297
UMARY	1614	0.128979145	0.014675715	0.006079016	0.017583637	-0.102104569	0.065281351	-0.346847606	-0.197634497	0.055193921	-0.132692106	0.043940501	0.023189479	-0.271215993	-0.284644227	-0.049853683	0.074818747	0.322727921	-0.008451989	0.204384925	0.029592802	0.1604121	-0.004929841	-0.118294278	-0.067819027	0.003878031
UMARY	1648	0.071060581	0.252293333	0.140168209	0.170062149	-0.01050779	0.1665906	-0.14179696	-0.122922524	0.028101069	0.2087957	-0.097524595	0.094332112	-0.137658247	-0.354916136	-0.029616342	-0.093975171	0.073148268	-0.076506348	-0.144305356	-0.007135615	0.113485224	0.07537939	0.08552571	-0.058841601	0.069604684
UMARY	1652	0.020385455	-0.040770181	0.006353957	-0.21658828	-0.003337113	0.059879383	-0.274689408	0.124267267	0.019281781	0.028379576	0.20837024	-0.123291297	0.253894249	-0.187039276	0.037237894	-0.261005818	-0.285954931	-0.04113395	0.127313575	-0.019750622	0.328072033	0.030723457	-0.291381345	0.02532916	-0.16384382
UMARY	1668	0.109510319	0.043729181	0.085240466	-0.003739254	0.044543274	0.0441026	-0.240066658	-0.312116746	0.076736566	0.175451514	-0.046055415	0.032811409	0.00442746	-0.225552686	0.127757749	0.021329894	0.087789116	0.051091008	0.106375171	0.018633232	-0.044167474	-0.055770423	-0.231776086	0.052147482	0.041492491
UMARY	1710	-0.163503445	0.078084502	0.056115762	-0.087537894	0.132767798	-0.057377202	-0.156974216	-0.097056383	-0.080323992	-0.000330651	-0.026490325	0.0879037	-0.230590158	-0.26713908	-0.045563031	-0.024369565	0.15004815	-0.079224459	-0.011809909	-0.065192781	-0.031283474	-0.001846098	-0.075878337	-0.009916196	-0.099688004
UMARY	1712	0.053333708	-0.124644116	0.12447009	-0.05039368	0.013652884	0.034666458	-0.037601109	-0.206448492	0.03981772	-0.147385607	0.026138334	0.067886849	0.021171575	0.045066173	0.120290693	-0.035009992	-0.0521256	-0.014634784	-0.011498608	0.088508585	0.006375361	0.079295656	0.082825621	0.020765174	0.028690504
UMARY	1713	-0.126232017	-0.298886898	-0.066664335	0.03083015	0.036234817	-0.056257083	0.107349817	-0.058594423	-0.093020965	-0.124920502	0.046755892	-0.088825131	0.21154016	0.155287818	0.027356862	0.117516476	-0.062808544	-0.11854352	-0.03954565	-0.11417257	-0.121014781	0.030140367	0.095388935	-0.056126713	-0.077992879
UMARY	1715	-0.026693245	-0.142289486	-0.013709503	0.078579487	-0.002698326	0.046033912	0.05473173	-0.168740152	0.016422097	0.090559584	0.011307251	-0.13851483	0.125876172	0.040487333	-0.019976301	-0.032426886	0.076025558	-0.092913028	-0.106375531	0.032059381	0.071015917	0.143017986	-0.034556446	-0.054554614	-0.085906143
UMARY	1792	0.03448532	-0.163106866	-0.070235524	0.147580398	-0.041597059	-0.002782802	0.119177088	0.157057937	0.002116779	-0.071827027	0.076202023	0.066548943	-0.083438065	0.040994079	0.035592318	0.040968262	0.148166798	0.000342352	0.002575302	-0.016166403	-0.042720918	0.027921339	0.142170355	-0.089333046	0.012007135
UMARY	1795	-0.060012252	-0.273866707	-0.038603587	-0.099218366	-0.038837391	-0.038045307	0.055114763	0.092544708	-0.009304993	-0.210078758	0.085322736	0.03415801	0.346086404	0.157424081	0.035045569	-0.035473523	-0.074489439	-0.031549602	0.041906732	0.059331635	-0.118096993	-0.036355385	-0.146247947	0.045277488	-0.070209891
UMARY	1797	-0.063605792	0.812051456	0.13161263	-0.178368672	-0.083391773	0.021362102	-0.113047454	0.190759924	-0.013192935	0.196611603	0.084052269	-0.058162965	0.122016315	0.206680035	-0.011503904	-0.240804095	0.001304136	0.157498124	-0.118881461	-0.015881796	0.150893109	0.024413925	-0.098797708	-0.034022738	-0.080106573
UMARY	1825	-0.053408829	0.303985204	-0.062175198	0.047510988	-0.030287971	-0.022289595	-0.099192816	-0.116979278	-0.124065621	0.034898654	-0.170854946	0.029818937	-0.082386115	0.001801176	-0.008779918	-0.024906738	0.049311733	-0.007901626	-0.071787706	-0.034981227	0.082882742	0.002097496	-0.270550562	0.024384643	0.176926538
UMARY	1827	0.068163652	-0.229225866	-0.046831396	0.26517334	0.004052112	-0.002528889	0.145763501	0.103415342	-0.023602122	-0.078409123	-0.076741196	0.014203883	-0.171561074	0.204199955	-0.023169208	0.049838251	0.200191473	-0.098106616	0.067773844	0.06492349	-0.043508781	0.005759249	0.416638092	-0.105353712	-0.261936609
UMARY	1830	0.113847827	0.024100961	0.090482351	-0.095282783	-0.010537305	0.12247179	0.119798627	0.305565327	0.14020479	-0.344283843	0.192475316	-0.009779236	0.187701267	0.431792337	0.174267494	0.042543781	-0.157734975	0.035010266	0.069395907	0.255699194	0.107137835	0.058424213	-0.048506451	0.134697141	0.195516398
UMARY	1846	0.0006681	0.018383119	0.027961185	0.055695939	-0.26944044	-0.008261674	0.282516741	0.122931511	-0.061642794	-0.148189391	-0.04842159	-0.030127009	0.01391665	0.18115543	0.018315209	0.22539933	-0.086180703	-0.027282583	-0.042362799	0.097624163	0.106315364	0.054440197	-0.026381574	-0.04547692	0.0647451
UMARY	1847	-0.037813042	-0.071642662	0.083687577	0.011876975	-0.06041407	-0.074816797	0.118178844	-0.013712194	0.022986053	-0.310603764	0.057057845	-0.022561035	0.181592855	0.359709672	9.78E-05	-0.063844263	0.128518588	-0.067785507	-0.050618625	0.091924057	-0.092462598	-0.002739058	0.069167867	-0.07407322	0.021544425
UMARY	1849	0.039583779	0.0735802	0.007525906	0.148852847	-0.016716751	-0.125956949	0.226810405	0.108236993	-0.026300355	0.053001503	-0.078570543	0.017141116	-0.076648167	0.056930293	-0.052348548	0.048611599	-0.000724605	0.030987325	0.018052902	0.031319366	-0.157918866	-0.155632779	0.480614306	-0.084342987	-0.006933183
UMARY	1862	0.092370208	-0.031923195	0.056210316	0.202106275	-0.022206388	0.116822269	-0.013017437	-0.092625263	0.090985342	-0.246715071	0.074427195	0.092733892	0.075308775	0.187320001	0.098568706	0.210259863	0.158995378	-0.006205577	0.025724541	0.080855915	0.032655736	-0.023090456	-0.056185019	-0.042310962	-0.236879427
UMARY	1865	-0.005755988	0.025504636	0.041238193	-0.056294085	-0.127113256	0.142616887	0.171181254	0.16607717	0.015161918	-0.090891009	-0.056139636	0.022972212	0.00036732	-0.249257112	0.113110301	-0.271286201	-0.026780679	0.027035385	-0.071045779	-0.040805434	0.062591071	0.139403935	0.005325944	0.109285211	0.070165909
UMARY	1866	-0.172196181	-0.112074374	-0.078717972	-0.047563432	0.010807722	-0.020335665	0.016939785	-0.023321114	-0.060514497	0.130713542	-0.013146347	-0.009067412	-0.015400523	-0.048194733	-0.144281422	-0.072133168	0.082130047	-0.118807386	-0.090166385	-0.167501514	-0.233777972	-0.096125576	0.162801113	-0.117743193	-0.085698917
UMARY	1867	-0.117961792	-0.018508751	-0.044595333	0.132710419	-0.030950611	0.085627788	-0.093977171	-0.098678461	-0.067370851	0.048805219	0.263973463	0.057025149	-0.072156897	-0.171978843	-0.056800467	0.091633365	0.031571543	0.018963572	-0.095834584	-0.014945181	0.089991931	0.130757138	0.079095333	0.045442082	-0.121625014
UMARY	1902	-0.016838506	0.033177955	0.038468628	-0.110415675	0.003177259	0.075076986	-0.165440593	0.04008534	-0.026825789	0.198449454	-0.141777647	0.092643085	-0.0917877	-0.355151195	0.072070219	-0.167117412	0.188017828	0.01498801	-0.084535273	0.010132185	0.020633718	0.110518635	0.125183565	-0.015902968	0.023178044
UMARY	1903	0.094907566	0.043308742	0.067297655	0.212363695	0.052549275	0.073759673	-0.419041904	-0.174171312	-0.027564753	0.031587346	0.291216787	0.143044192	-0.155678756	-0.28920813	0.018640046	-0.004938883	0.149827534	-0.030551598	0.0934243	-0.05218375	-0.100115244	0.099344404	0.193417785	0.026097551	0.051192613
UMARY	1907	-0.192620895	-0.20528683	-0.072986162	-0.060778815	0.128532393	-0.133192331	-0.174205146	-0.397899744	-0.056056628	0.075335764	-0.198709732	0.14789584	-0.101169416	-0.249411298	-0.084943941	-0.047818986	-0.100779733	-0.095536676	-0.158178547	-0.10348866	-0.071439308	-0.091031325	-0.168140675	-0.030804074	-0.058682777
UMARY	1917	0.02082371	-0.067172853	-0.092984332	0.152814662	-0.216333796	0.077686295	0.088849907	0.213369008	-0.0592924	-0.01407962	-0.18328395	-0.060589332	-0.061398401	-0.065124009	-0.048833882	-0.103902827	0.132467476	-0.067911824	0.090933875	-0.090528387	0.048685171	0.062003335	0.117579573	-0.087798613	-0.155032975
UMARY	1935	-0.096833111	0.22919301	-0.111141132	0.034083872	-0.068438688	0.080414098	0.124752598	0.058130085	-0.096436981	0.01333173	-0.194053246	-0.114160932	-0.146839845	-0.070715469	-0.101065663	0.030724432	-0.139097303	-0.054505677	-0.028652465	-0.035110638	-0.100816416	-0.027310201	0.044684479	-0.001882212	-0.049576237
UMARY	1936	0.158785457	-0.228278918	-0.083443804	0.324343126	0.207807498	-0.262208764	0.059160513	-0.236238763	0.059818672	0.112646853	-0.048682532	-0.036229195	-0.088424131	0.084452256	-0.023842296	-0.076545939	0.085544995	-0.084571524	0.032251813	-0.032483034	-0.138388764	-0.150724078	0.178898141	-0.123842912	-0.209114658
UMARY	1939	-0.449932884	-0.235159493	0.324103154	-1.374062336	0.231218799	-0.035541923	0.920521525	-0.037718644	-0.009436639	-0.568445209	-0.116070024	-0.518287022	0.413360314	0.509543608	0.381317111	-0.366266149	-0.515937028	0.365637227	-0.728601473	0.123330567	0.26009423	0.442701338	0.423736784	0.516926715	0.156234059
UMARY	1940	0.058807939	-0.091556979	-0.056592718	0.044026162	0.076102905	0.165870083	0.009509396	0.276011462	0.044994016	0.05549686	-0.248184513	0.026933901	-0.091669575	-0.18551603	0.038030057	-0.122168337	0.057402613	-0.063575836	0.041977299	0.050283371	-0.015262057	-0.104676346	0.014757847	-0.098425161	0.106573763
UMARY	4263	0.121195604	0.59287568	0.105352921	-0.102104861	-0.288436439	-0.09769046	-0.009032483	0.227864626	0.030733077	0.001000356	0.126407539	-0.196960242	0.098918366	-0.44357056	0.064969374	-0.186281338	0.032240546	0.093645304	0.09159793	0.009744622	0.119193891	0.133907022	-0.02210181	-0.01955227	-0.081410151
UMARY	4540	-0.105900717	-0.008736991	-0.007604689	-0.233617789	0.242871998	-0.000339185	-0.121673548	-0.111864242	-0.10205423	0.22889088	-0.119335275	0.000268035	0.082238865	-0.031800888	0.054283362	-0.082462824	-0.100835559	-0.111296169	-0.284665373	-0.005039732	-0.056381734	0.066818839	-0.290170217	0.166278393	0.011659965
UMARY	4542	0.063505579	0.118515774	0.085688362	-0.036941444	0.15253828	-0.129643846	-0.005178758	-0.34628785	0.101563316	0.074623546	-0.092960231	0.000458914	0.006550779	0.032457204	-0.02938191	-0.074182525	0.024291875	-0.060056693	-0.058602901	0.027379343	-0.128699078	-0.127303278	-0.102908317	0.069162855	-0.079199204
UMARY	4543	-0.121997991	-0.210844284	0.077056042	0.078717568	-0.008860189	-0.006167849	0.122598384	0.088844543	-0.033018997	0.070174158	-0.071246387	-0.073016109	0.226601366	-0.036487018	-0.017878675	-0.093189474	-0.079422107	-0.082431486	-0.16380185	-0.108888112	-0.133453708	0.038750939	0.142976228	-0.112585276	0.181092649
UMARY	4549	-0.018165272	-0.096170929	0.067186636	0.280347229	0.007135923	-0.002554812	-0.323975673	-0.092368751	-0.054285749	0.096467401	0.026442008	0.082718273	-0.098041691	-0.184374356	0.022669823	0.158478013	0.182264256	-0.008157016	-0.049376511	-0.00334219	0.033226141	0.040942697	-0.008724514	0.036401	0.002322075
UMARY	4590	-0.057381166	0.180393463	-0.251548961	-0.011302686	-0.319859985	-0.240354632	0.228840992	0.258317176	-0.08483188	-0.162269811	0.087586314	-0.111498635	0.02414561	0.129401106	0.013161625	0.087570795	0.072022099	0.048941996	0.276463304	-0.20089918	0.133110694	-0.001153674	-0.057887155	-0.025553618	-0.102166345
UMARY	4593	-0.067442954	-0.002625171	-0.01738775	-0.086765652	-0.018795066	-0.013226966	-0.101684685	-0.068637516	0.011790181	0.196391679	-0.063691431	0.010306846	0.02710468	0.01921887	0.060450033	0.019454424	0.138405802	-0.120923558	-0.042244562	0.074182906	0.059796352	0.028603118	0.469186815	-0.0734506	-0.064698272
UMARY	4598	-0.078186425	-0.058497736	-0.114884873	0.107211142	-0.004835264	-0.046232893	-0.158821779	-0.086256098	-0.019738952	0.157316655	0.141399957	0.097367064	0.077085373	-0.040134553	-0.044023427	0.015228378	-0.014529362	-0.130231864	-0.061945114	-0.041941264	0.05379035	-0.09411455	0.192546929	-0.142030249	0.002341869
UMARY	4636	-0.060668793	-0.126901117	-0.03658997	0.031222126	-0.012940313	-0.08034578	-0.08370261	-0.217008501	-0.087712332	-0.015793922	-0.075655534	-0.033363024	0.104157006	0.060112991	-0.071287641	0.054141646	-0.058732278	-0.167058404	-0.08143461	-0.010855461	-0.052735855	-0.069611103	0.078710121	-0.004523324	-0.080045991
UMARY	4640	0.025133971	-0.202563626	-0.114670093	-0.175009556	0.103616749	-0.00387458	0.158272441	-0.193261679	-0.029850628	0.041571723	-0.098613805	-0.029803216	-0.014220705	0.183687603	0.039575854	0.037559429	-0.149081737	-0.016322753	0.003782231	-0.038200382	0.028303638	-0.095338189	-0.055788286	-0.062971869	-0.063198614
UMARY	4725	-0.111015009	-0.030864776	-0.028427224	0.017074489	0.094662703	-0.093826129	0.1287984	0.118257553	-0.033437257	0.307116453	-0.165084574	-0.033750287	0.020213375	0.001811019	-0.105048803	0.04201996	-0.047059526	-0.027361968	-0.177276444	0.014591206	-0.035764027	-0.001582505	0.098699834	0.029009328	0.137706794
UMARY	4726	0.021188564	-0.016749094	0.042492182	0.179796808	-0.062291227	-0.068837798	0.03571536	0.061534578	-0.002063855	-0.130633953	0.101092416	0.149827765	0.091872987	-0.038293993	0.081215265	0.054420637	0.053482211	-0.036963985	0.009836223	0.046671203	-0.135086603	-0.058341904	0.310966844	0.081805745	0.013084504
UMARY	4727	0.06518326	-0.010241853	0.012050231	0.079183387	0.111096186	-0.093867332	0.246658612	-0.063441243	0.058227016	-0.236993171	-0.131832802	-0.06605331	-0.113935335	0.337353711	0.068298109	0.001945686	0.039873318	-0.087413537	-0.00151892	0.013770679	-0.195942106	-0.018824178	0.197715893	0.110537482	0.144678061
UMARY	4729	-0.07579178	0.154037061	-0.015136053	-0.21460299	0.059906797	0.012588739	0.037790802	0.167431645	0.105298181	0.012539118	0.012827551	-0.039220882	0.090709944	-0.06974246	0.05552502	-0.180735103	-0.347456152	0.133610857	-0.129301317	0.014276714	0.177638627	-0.036166969	-0.281430678	0.070342481	0.16065071
UMARY	4782	-0.182021489	-0.183925596	-0.055917616	0.101126993	0.092825158	-0.250365733	-0.026219537	-0.151535212	0.053457951	-0.08909638	-0.099623772	-0.045606351	-0.157780158	0.017842666	-0.139004642	0.113621237	0.0223145	-0.01755241	-0.099854665	-0.055401261	0.055971181	-0.175638254	-0.109679226	-0.007598074	-0.081886032
UMARY	4786	0.010234016	0.006748796	0.093547699	0.114402694	0.037298564	0.005703312	0.071722242	-0.227675415	-0.019867742	-0.218576883	0.244151746	0.00691416	-0.0619772	-0.100464928	0.023208368	0.215414629	0.093550377	-0.020717917	-0.003086766	-0.035926242	-0.172668177	0.031400458	0.041084922	0.025387764	-0.028999026
UMARY	4788	-0.38479624	0.298908419	-0.062688409	-0.151185872	0.331442258	-0.361279698	-0.304161757	-0.209056892	-0.273328484	0.232929801	-0.120928405	-0.347015789	0.024597926	0.060546821	-0.205328574	0.085920654	-0.366157534	-0.008592997	0.102817791	-0.147279412	0.15627109	-0.078206522	-0.668850394	-0.162848188	0.158432765
UMARY	4789	0.095866308	0.017787446	0.076413709	0.076289586	0.373376799	0.04022737	-0.035178678	-0.67718407	0.187838872	0.122328335	0.248433363	0.080464098	0.105908485	0.044749855	0.00159292	0.013475793	-0.114010198	0.088766134	0.140311614	0.052394505	-0.174036493	-0.314720261	-0.427005926	0.039398275	0.264889123
UMARY	4841	-0.023472201	-0.030731341	-0.023628842	-0.184643325	-0.02667995	0.273834777	-0.017533796	0.128207854	-0.068240734	0.088406439	-0.185930954	-0.010174528	-0.03725773	-0.138508714	-0.010447618	-0.277073057	0.005407777	-0.09477807	-0.082848932	-0.048938829	0.021402752	0.089237095	0.034803475	-0.05741536	-0.025059594
UMARY	4842	0.059480002	0.151666042	-0.031439787	-0.212026615	0.066272071	0.034445421	-0.106167748	0.583588856	0.073664327	0.150499132	0.232146236	-0.157456135	0.072410877	-0.264877963	-0.102983829	-0.207754352	-0.038524135	0.319917329	0.089458726	-0.094027562	0.306466718	0.192577128	-0.081882859	0.06864786	0.231712281
UMARY	4903	0.130154147	-0.1368931	-0.019930705	0.013148457	0.046643813	-0.166116813	-0.217890788	-0.118181989	0.034690315	0.001378727	0.030062648	-0.04046187	-0.092352267	-0.215428955	-0.070237294	-0.083286831	-0.055105652	0.227338395	0.205646893	-0.043720762	-0.063965387	0.174279702	-0.053285474	0.119200315	0.18180089
UMARY	4915	0.085727741	0.422571476	0.106675826	-0.048839525	-0.035749899	0.328345146	-0.402854426	0.084260134	-0.027347602	0.224952122	-0.005677919	0.158696259	-0.097004678	-0.329280169	0.126899325	0.00784975	0.081659627	-0.052460996	0.089172219	0.083068714	0.140681015	0.008002481	-0.033541116	0.046551037	-0.029539594
UMARY	4916	-0.015491962	0.024840083	0.03373286	0.070470891	-0.117741146	0.223474544	0.00978797	-0.002109477	-0.095570302	0.031142625	0.110714105	0.182976458	0.079924701	0.055646514	-0.050971284	0.057993663	-0.030088061	-0.057002109	0.033386055	-0.031184992	0.140240685	-0.108538536	-0.083294664	-0.074805018	-0.012363384
UMARY	4924	0.045652425	0.006309736	0.228609751	-0.104527721	0.06394108	0.04827642	0.182608781	0.388502281	-0.065311743	-0.362349857	0.247993421	-0.096369021	0.380995533	0.00370248	0.200185544	-0.154562014	0.071906136	0.272697676	0.061832196	0.108705941	-0.022899739	-0.055617948	-0.298670796	0.214665766	0.104729291
UMARY	5024	0.065415844	-0.084824152	0.016094599	0.203182003	-0.031376755	-0.107981276	0.027676545	-0.135397947	0.056942489	-0.106690847	-0.198942642	-0.05529257	-0.348725746	0.332942124	-0.023837166	0.029551169	0.173908647	-0.122882877	0.158597792	0.056941523	-0.059657672	-0.048174964	-0.058485491	0.002597968	-0.010866192
UMARY	5028	-0.065955833	-0.036704163	-0.067198604	-0.052965251	-0.266200402	-0.032683808	0.162384278	0.214320313	-0.075047997	0.071960809	0.003291056	-0.086378907	0.063485208	-0.017011945	-0.012237076	0.214482155	0.02605919	-0.014856791	-0.035217062	-0.05553212	0.036943267	-0.081537764	0.092663376	-0.041271978	0.072792774
UMARY	5078	-0.054434407	-0.122068137	-0.10745953	-0.054248609	0.037784692	-0.018585691	0.111890477	-0.066822519	-0.130548064	0.106633517	-0.272725666	0.086564756	-0.120320232	0.053242476	-0.07781801	0.05389462	-0.115053886	-0.079703098	-0.088549542	-0.074756574	-0.170660974	0.074537128	-0.186698383	-0.133305292	-0.118336866
UMARY	5079	0.039240986	0.007037747	-0.007313723	-0.083126523	0.044217805	-0.140244261	0.08861831	-0.219613708	0.04292117	0.039858882	-0.125587664	-0.060294932	-0.114774854	0.203180115	0.030889898	0.009561345	-0.005002053	-0.032146479	0.013277645	0.021980237	-0.113474277	-0.020461252	-0.207492631	0.040219509	-0.134478166
UMARY	5081	-0.059312822	0.121295023	-0.001369825	0.03520683	-0.0558526	-0.001856738	-0.006541622	0.147782087	0.002555642	0.020669987	-0.021452003	-0.031571817	0.096948802	0.069998472	-0.065592147	0.015763527	0.056934379	-0.046895817	-0.017830672	-0.065737399	0.056405728	0.086529477	0.036028354	-0.161518068	-0.081953178
UMARY	5086	0.094913471	0.089763452	-0.00836065	-0.020267684	-0.121047653	0.078683988	0.03652378	0.0513437	0.151874914	-0.07810448	0.138583683	-0.025110421	0.166169372	0.028143515	-0.033974999	0.00947417	-0.014279768	0.108688906	-0.00945035	0.077367438	0.016883025	0.016257708	-0.206782034	0.088969259	-0.057987366
UMARY	5087	0.116455939	0.020331458	0.048196218	-0.028874359	-0.162448424	-0.009652142	0.046821684	0.01736169	0.046931214	-0.059383458	0.146044951	0.026904169	0.068393501	0.204358922	0.066445773	0.152180402	0.028944426	0.040394881	0.0599509	0.085909371	-0.074580058	0.051422969	0.070675105	-0.07945938	-0.040047919
