FID	IID	1	2	3	4	5	6	7	8	9	10	11	12	13	14	15	16	17	18	19	20	21	22	23	24	25
BLSA	745	-0.086404717	0.363381038	0.139714043	0.231666198	0.004137107	0.256027901	0.350393811	0.030405876	0.205257567	-0.628547997	0.294987937	0.077653423	0.565773127	-0.134296598	-0.045489778	0.072189935	0.492375505	0.452315611	0.494022366	-0.31912892	-0.066152164	0.195164502	0.253008761	0.736116017	0.329383495
BLSA	827	0.142111121	-0.288962885	0.244671295	0.155106823	-0.586133587	0.164045485	-0.044186163	-0.097725698	0.136956376	-0.403440949	0.148327905	-0.375027222	0.090567233	-0.22113511	0.141834725	-0.410934229	0.327582902	0.341604429	0.368086406	-0.542421538	-0.091053933	-0.007134145	-0.142173622	0.924684489	0.642633328
BLSA	1556	-0.049646817	-0.006270739	0.028434609	0.018401083	-0.211886888	-0.014364095	-0.249767765	-0.121769272	0.154882272	0.075071586	0.019262102	0.146261618	0.105123653	-0.145455495	-0.041732769	-0.597248623	-0.018807201	0.023725508	0.056331962	-0.485693346	0.13760695	0.083135336	0.200541626	-0.41207336	-0.230655105
BLSA	1579	-0.153637657	-0.82836146	-0.238335762	0.080475913	-0.348815773	-0.188955184	-0.106208352	0.211875206	-0.151174376	-0.008481843	-0.131908455	-0.178529911	-0.250779121	-0.258399329	-0.190957036	-0.210034905	-0.226173503	-0.185597876	-0.193992631	0.40471663	-0.20802347	-0.249090363	-0.298714527	-0.100901103	-0.151156405
BLSA	1595	0.712151457	-0.009858858	0.728706892	0.530368273	0.066005299	0.284673239	0.605236271	0.195321468	-0.480853314	0.28933103	0.639259418	NA	0.241882122	-0.262741393	-0.214942633	1.205764483	0.44287878	-0.175629296	0.312564935	0.063191117	0.189254427	0.157282611	0.013659045	-0.351185658	0.159658337
BLSA	1603	-0.148625413	0.129717356	-0.184974758	-0.069833531	0.557440841	0.030096713	0.312414721	0.133366819	-0.139155035	0.439107287	0.018283738	0.095660035	-0.012663377	0.006324595	-0.039539776	0.40738271	-0.226045857	-0.021876403	-0.088540887	0.247772004	0.080984688	0.008869164	-0.149134866	-0.049250237	-0.338924553
BLSA	1640	0.243654342	0.040915862	0.143159721	0.068766916	-0.29068309	0.06949836	-0.228919402	-0.312888152	0.08527611	-0.075900398	0.220422842	-0.052125408	0.142998917	-0.029180285	-0.063662512	-0.278323219	0.170939787	0.077822251	-0.02630376	-0.475255409	0.095953044	0.178169368	0.035071941	-0.143997938	0.016186657
BLSA	1775	-0.29790734	0.040290124	-0.043514357	0.077550971	-0.196060238	0.132749867	-0.151058487	0.284407496	0.172278638	0.082898312	-0.115008446	-0.156298711	0.083613136	-0.072390533	-0.071056714	0.201078457	-0.38604278	-0.175037516	-0.234094548	0.268087916	-0.248881622	-0.088111921	-0.054181284	-0.104199153	0.877096995
BLSA	1802	-0.1281487	-0.019606689	-0.082172625	-0.3077084	0.363287499	-0.02694691	0.001621295	0.250226734	-0.113419973	0.308204206	-0.117764667	-0.041218891	-0.075318108	0.064048173	0.120550809	0.280371505	-0.191562483	-0.007856631	-0.094818868	0.067448142	0.008399543	0.083335622	-0.029144589	-0.275589202	-0.356715693
BLSA	1805	-0.14738724	0.060974936	-0.322303329	-0.302015799	0.7309752	-0.161294178	0.234759264	0.302678761	-0.138935486	0.143051716	-0.190677953	-0.051451104	-0.128215831	-0.062634873	-0.033032731	0.353016916	-0.098624813	-0.05885132	-0.192663612	0.114001801	0.052657639	0.071747138	-0.170926641	0.12613447	-0.328832906
BLSA	1838	-0.15858246	-0.093472817	-0.046328442	-0.111862862	-0.120655047	-0.023125936	-0.127917749	0.128998996	0.108118217	0.183723141	-0.177214637	-0.156356004	0.008784518	0.156048499	-0.144891754	0.190523814	0.211664793	0.017625987	-0.028677686	0.178427368	-0.090858647	0.011559658	0.190552804	-0.01918627	0.126437247
BLSA	1839	-0.064358052	0.205703624	-0.232412903	-0.111965272	0.288991588	0.069240633	-0.05240292	0.049366607	0.034189668	0.165440234	-0.102143702	0.15760155	-0.271236747	0.168577873	0.138751817	0.360417009	-0.254716112	-0.034470644	-0.081594023	-0.098122212	0.03416263	-0.120785578	-0.148594237	0.019168457	-0.073205452
BLSA	1840	-0.295930732	0.185167821	-0.113609963	-0.252106095	0.199896597	-0.231816907	-0.019565249	0.028085225	0.117296196	-0.033336723	-0.101044071	0.158902286	0.193506156	0.021258887	0.019486187	-0.02281526	-0.195836974	-0.10313803	0.02372868	-0.061784171	-0.046359263	-0.128799018	-0.002229217	-0.071236681	-0.035293551
BLSA	1883	-0.046559731	-0.078644956	-0.27752364	-0.097529647	-0.150525756	-0.17873922	-0.090385392	0.001865429	-0.103863973	-0.130544657	-0.169986482	-0.097008583	-0.015850364	-0.090068058	-0.082203246	-0.129998998	0.109996977	-0.138889214	-0.179165038	0.110440783	-0.073907573	-0.034866098	-0.064110828	0.383452656	0.043898722
BLSA	1889	-0.188962151	-0.029204779	-0.159426425	-0.113319469	0.293705657	-0.153748782	0.128918691	0.043496359	0.059804349	0.126980673	-0.11761048	0.063822805	-0.056972326	-0.004290136	0.140258037	0.034030491	-0.352474931	-0.075277289	-0.222935232	0.326830831	-0.049880066	-0.151859784	-0.100593458	-0.129424543	-0.138712155
BLSA	1924	0.143961398	-0.001760896	-0.003792696	-0.120328627	-0.275518566	-0.020912181	-0.128277982	0.053136071	-0.2231414	0.142152043	-0.036700454	0.054898754	0.083643155	0.002213617	-0.027310404	0.188398351	0.057830375	-0.049897866	0.235547001	0.293394878	-0.034744509	0.08900885	-0.048924489	0.327602586	-0.287772528
BLSA	1961	0.059101863	0.292576513	0.015443661	-0.111839618	0.207547735	0.088758088	0.071923571	0.038396367	0.036708449	0.180454452	-0.086531526	0.285999906	0.091417159	0.281689213	-0.047549321	-0.004986257	-0.079933667	0.105789038	0.039674621	-0.229502067	0.160477061	-0.073853611	-0.018010637	-0.214640464	-0.441002843
BLSA	2000	-0.21203887	0.10148996	-0.162112426	0.031558429	0.134886532	-0.009121407	0.103645907	-0.262316315	0.121073839	-0.211561733	-0.174962343	0.09709151	-0.158812759	0.124567676	-0.219844095	-0.516900919	-0.19041257	-0.08425925	-0.040034091	0.540723549	0.017894724	0.102189618	-0.047137845	-0.026923345	-0.185306706
BLSA	2020	0.257838366	-0.10310847	0.14013029	0.284014479	-0.265692607	-0.075329766	-0.021739633	0.028471394	0.013097198	-0.37040635	0.030929602	-0.211547494	0.059463262	-0.12304849	-0.050336626	-0.233310579	0.159511514	0.045922274	0.014512511	0.369389221	-0.037761941	0.037588118	0.028276242	-0.054780467	0.095737546
BLSA	2037	0.353476162	0.102691215	0.081710747	-0.133328646	-0.052619639	-0.084758109	-0.21747151	-0.387692648	0.009142082	-0.017725948	-0.12065039	0.004656679	-0.212470334	-0.154495225	0.083475128	-0.282659578	0.040354157	-0.009509501	-0.050994815	-0.105358362	0.047926554	-0.107646809	0.00131381	-0.462280315	0.088151111
BLSA	2066	-0.056724782	-0.091521443	-0.126024	-0.090801565	-0.104932171	-0.082132213	0.01279246	0.210811903	-0.091309653	0.207184481	-0.036858859	-0.031300765	0.00743384	-0.07739682	0.067493284	-0.10466335	-0.282275723	0.013023599	-0.115248392	0.132117778	-0.070912355	-0.175386857	-0.024886813	0.098221569	-0.115622111
BLSA	2069	0.088851353	0.228290232	0.057667339	0.065844223	0.093052884	0.277365878	-0.246249753	-0.454832828	0.044028799	-0.206644938	0.159806213	0.28877919	-0.128570479	0.389634394	0.125576264	-0.055235343	0.234451027	0.177618556	-0.012751164	-0.600547521	0.073415504	0.143740516	0.125840891	-0.085127644	0.067145592
BLSA	2093	-0.133724848	0.075773374	-0.088038221	0.081034513	-0.150423074	-0.209204202	0.11789744	-0.154001606	-0.10111659	-0.144614176	-0.120001644	0.033526524	-0.279131053	0.083775521	0.170133675	-0.020459164	-0.141834802	-0.238730368	-0.217920635	0.937033267	-0.184917935	-0.231900225	-0.090950892	0.395368093	0.046148592
BLSA	2102	0.167493449	-0.276198061	0.500930951	0.19785171	-0.185980504	0.087992924	-0.255453076	-0.199684189	0.244860041	-0.112393449	0.26778435	-0.113990187	-0.084185777	0.337393896	0.264989468	-0.425603247	0.397155597	0.103573948	0.235266902	-1.135761739	0.304720713	0.207643907	0.541448825	-0.509951955	0.190722384
JHU	384	-0.074715164	0.15416579	-0.179890022	-0.085503249	-0.079449631	0.083190031	0.068930776	0.120105669	-0.17289426	0.016555301	-0.129835407	0.100208671	-0.133915542	0.037292972	-0.055683949	-0.240337227	-0.030937498	0.005054161	-0.1673292	-0.236277362	-0.030216155	-0.369109525	-0.124876577	0.545072068	0.046905502
JHU	705	-0.136688028	0.191830102	-0.102051585	-0.053730706	0.024436183	-0.105240599	0.230163694	-0.15866473	-0.303662285	0.388348924	-0.247983182	0.108147901	-0.210672394	0.085703589	-0.048876987	0.03783772	-0.131664765	-0.031846815	-0.222654053	0.060481643	-0.079996129	-0.367069185	-0.080145244	-0.053283024	-0.269074114
JHU	710	0.079820182	0.306321602	0.154165803	-0.074323386	-0.147334371	0.044877462	-0.046348813	-0.00565577	-0.08804966	0.000798233	0.040805995	0.249038	0.082874896	0.190347202	-0.036972015	-0.047318274	0.089911762	0.025002388	0.115466501	0.343645158	0.022611254	-0.079342287	-0.007912164	-0.06472033	0.220803716
JHU	712	-0.08475482	0.348432929	0.090700523	-0.003831889	-0.253620395	-0.022371256	-0.039482693	-0.05517444	-0.074109208	-0.082046259	0.046326531	0.245472836	0.136025506	0.143132999	0.113279091	0.020511856	0.021496022	0.068197941	0.138387962	0.227629184	0.051843965	-0.034137354	0.00164096	0.05420158	0.315980366
JHU	713	0.184939983	-0.453008796	-0.105923035	0.234202189	-0.12109838	-0.043599015	-0.077888831	0.301119359	0.307938427	-0.151439665	0.191146512	-0.982862748	0.037362125	-1.08196472	0.120568061	0.248197859	0.205061546	-0.088033198	-0.037033132	-0.357211083	-0.200923797	0.238749393	0.212737133	0.159055048	-0.014698894
JHU	719	0.016277335	0.3750872	-0.011203108	0.105347747	0.299322473	0.114644387	0.12341111	-0.037491645	0.190957143	0.174645437	-0.005170444	0.313375037	0.025436674	0.26052869	-0.022385905	-0.038070743	-0.131426312	-0.024630559	0.136906435	0.431492027	0.150268335	0.223867009	-0.114040523	-0.196195418	-0.230152223
JHU	993	-0.081007117	NA	0.114827765	-0.052967512	0.095653221	-0.073712643	-0.29715563	0.097392177	0.085632045	-0.10840149	0.154521508	-0.370640481	0.158191573	0.110074074	0.084677475	0.124526218	0.189845216	0.097768008	-0.022598595	-0.484959247	0.00648959	0.206468907	0.276530385	-0.07148204	0.08799156
JHU	994	-0.065471809	-0.247860928	-0.122458425	-0.071072628	0.265578	-0.077884879	0.26565431	-0.06414641	-0.046482573	-0.061902323	-0.195312055	0.066638757	-0.224331827	-0.040311955	-0.111758609	0.176963649	-0.257294925	-0.077758913	-0.072466857	0.300006844	-0.025665144	-0.024185923	-0.226627157	-0.375753649	-0.252045936
JHU	995	0.161599439	-0.674967898	0.161832083	0.001879434	-0.083487099	0.080096511	-0.227283923	-0.197484211	0.10067037	-0.176558158	0.145500541	0.270622027	0.129028989	0.295197149	-0.042847162	-0.282311057	0.045008954	0.026246985	0.131320939	-0.284807163	0.10558808	0.204758963	0.062693187	0.003105766	0.094290022
UMARY	142	0.266383556	-0.093995937	0.031475041	-0.060428724	-0.286144702	0.041714548	-0.158590436	-0.101082918	-0.130191622	-0.061689922	0.097152009	-0.053313559	0.180045753	0.021767386	-0.00867917	0.219065729	0.10269572	0.008194568	0.022733463	-0.004018462	-0.082495105	-0.142560157	0.055810957	0.155727231	0.214138254
UMARY	602	-0.064989518	0.098432115	-0.071576054	-0.086274491	0.020589075	0.027898219	0.047706798	-0.182585382	0.127250255	-0.025329895	-0.091357397	0.122215949	-0.047148624	0.177421872	0.005013551	-0.158282202	0.143640383	0.032214312	-0.008234931	0.268305761	0.024559236	-0.089826023	0.054697333	-0.062633706	0.206439282
UMARY	604	0.002155609	0.066419141	0.015945492	0.033135029	0.116499101	0.055278113	0.086983403	-0.097074406	0.0186231	-0.095455084	-0.013585457	-0.025890888	0.011850205	-0.001056347	-0.005030472	0.207459017	0.04489416	0.00591886	-0.011819045	0.203587881	0.063799294	0.194365859	-0.071478081	-0.088985447	-0.204504177
UMARY	813	0.010462966	0.001107555	0.040415846	0.000813742	0.161378753	0.017820234	0.104125626	0.172511448	0.008173222	0.030446392	0.101128302	0.035495967	0.097332485	0.040035491	-0.014712491	-0.01015703	0.123420617	0.030206131	0.034419264	-0.197918944	0.080154105	-0.001398902	0.067027166	0.295112676	-0.009535997
UMARY	819	-0.021001623	0.032158287	0.020152669	0.042704612	0.04138976	0.009673988	-0.003098292	0.293372896	0.026442897	0.1443161	0.016560882	-0.087934923	-0.041319444	-0.067289964	0.039320492	-0.00969788	-0.145047086	-0.022925152	0.002766809	-0.120983381	0.024618036	0.040804251	0.061991833	0.087346386	-0.03268442
UMARY	871	0.056209841	0.038042604	-0.011834341	0.001429288	0.217742715	0.075612205	0.050144529	0.054399632	0.020092797	-0.075810082	0.000528817	0.047836577	0.085432906	-0.008277088	0.033607887	-0.115153078	0.030567899	-0.008341906	0.07737146	-0.325022886	-0.005934779	-0.033772344	0.03160737	0.350267094	0.048897794
UMARY	879	-0.039071493	-0.100078661	-0.078725365	-0.027707393	0.100389839	-0.037126634	0.11873183	0.251577617	-0.090786666	0.0674291	0.022954657	-0.108356745	0.129685494	-0.079862397	-0.076424014	-0.009117653	-0.0324342	-0.066231725	-0.058275448	0.054762825	-0.03352238	0.113381273	0.01897199	0.152524077	-0.074853569
UMARY	880	0.080752019	0.087703851	0.145588813	0.121639422	-0.220963644	0.159913173	-0.129653818	-0.21244795	0.000246663	-0.159217822	0.218504018	0.248969347	0.085113956	0.219158422	0.170133282	-0.158316498	0.156128128	0.17472021	0.057484063	-0.172123626	0.095408541	-0.046975698	0.065185022	0.410879857	0.306807966
UMARY	914	0.025388074	0.174954878	0.041358621	0.025215466	0.167724425	-0.139588129	0.009424731	-0.349117143	-0.076937717	0.013753916	0.060942252	0.011079176	-0.078849053	-0.042216485	-0.009301752	0.080327388	0.002587782	-0.092841325	-0.026778351	0.024533125	-0.028910888	-0.042748689	-0.058218229	-0.182195636	-0.073316526
UMARY	933	-0.033868604	0.136738269	-0.192412455	0.007960247	-0.072880832	-0.054611887	-0.131378162	0.186619359	0.137937721	-0.09019434	-0.144832167	0.083738169	-0.069380389	0.07323476	-0.03825536	-0.128508143	0.041401894	-0.083286861	-0.111322931	-0.159963878	0.013984046	-0.053650049	-0.03509993	0.250741053	0.078123722
UMARY	1028	-0.263931468	-0.159317375	-0.271706232	-0.108273476	-0.0560581	-0.192900485	0.028170366	-0.041041949	-0.223343039	0.162210219	-0.215746415	-0.074137541	-0.035320358	-0.165089161	-0.134064756	0.096734293	-0.169630597	-0.07045111	-0.236013672	0.106112552	-0.230853837	-0.128254407	-0.132284465	-0.025760735	-0.335331169
UMARY	1037	-0.174822368	-0.103036915	-0.156246669	0.024840778	-0.068091228	-0.006524238	0.191058144	-0.117912829	0.131805259	-0.224552098	-0.08349195	-0.064079648	-0.09547439	-0.020923398	-0.012903548	-0.090854534	0.008987574	-0.049106929	-0.131641502	-0.038778405	-0.023667189	-0.086753101	-0.078349693	-0.013051013	0.149284019
UMARY	1064	-0.049445931	-0.008324312	-0.152039399	-0.074431581	-0.000736319	-0.009553646	-0.10299699	-0.158588559	0.128405695	-0.141045178	-0.085009284	0.111959348	0.078104419	0.205995266	-0.000864761	-0.14417623	-0.05440663	0.0511091	0.028317497	0.147297307	-0.039668304	0.001052839	0.014089379	0.175213473	0.049055172
UMARY	1065	-0.112821469	-1.368364755	-0.07760569	-0.081131144	-0.282178714	0.009950548	0.020722868	-0.14584381	0.087173747	0.05439492	-0.102837864	0.15789771	0.201657412	0.182186293	0.002510034	-0.168405198	0.001323492	0.004737395	-0.088863229	0.405229122	0.056416329	-0.172241809	-0.115723239	-0.138785769	0.172289602
UMARY	1076	0.057209301	-0.073350035	0.02940153	-0.036425516	-0.009483014	0.029392617	0.045054581	-0.250109644	0.023580403	0.095988336	0.060192317	0.014422259	0.030806694	0.028991081	0.002895229	-0.043590471	-0.008185034	0.101543095	0.047250669	-0.27144228	0.034219886	0.133378214	0.030142392	-0.131510209	-0.182989852
UMARY	1078	-0.169775811	0.198842846	-0.092032645	-0.015477796	-0.238130976	-0.068124087	-0.237972988	-0.083386088	-0.134238739	0.19351296	-0.282814414	0.07626631	-0.290966807	0.119207785	0.281199209	-0.508897174	-0.135755732	-0.103263718	-0.058276579	0.29919787	0.02856833	-0.175992509	-0.136921091	1.216771517	-0.142725068
UMARY	1079	-0.070906464	-0.091740078	-0.105827414	-0.156384633	0.186334967	-0.17728579	0.025733909	0.013624361	-0.053242739	0.249283598	-0.158172536	-0.178587264	-0.149880593	-0.179780261	-0.196443501	-0.096724411	-0.099802899	-0.000993858	-0.112929839	-0.208737615	-0.133361413	0.083473388	-0.127060954	-0.244846107	-0.212166053
UMARY	1104	-0.062074332	0.044896611	-4.98E-06	-0.025195989	0.214258939	-0.011811584	0.135494314	-0.015661297	-0.058445909	-0.053365901	-0.021940712	-0.051152596	-0.046031854	-0.073710169	-0.088105321	0.050079383	-0.024541046	0.051006421	-0.05078667	-0.113857249	-0.018356596	-0.048662014	-0.042826086	-0.06117853	-0.065407305
UMARY	1105	0.098612593	-0.036604028	0.207019992	0.007720697	0.034234463	0.156128373	0.062431796	0.219988228	0.071287834	-0.034908678	0.127592529	-0.039939638	0.128694191	-0.081703151	0.05871836	0.281598607	0.054423044	0.072886618	0.175593248	-0.27760857	0.075566485	0.04031485	0.084851688	-0.194970357	-0.020242719
UMARY	1114	0.071973649	0.220999325	0.037018504	0.075029924	0.456525567	0.122134726	-0.071910559	0.080050153	0.088384521	-0.299879612	0.079046695	0.121223397	-0.031737826	0.096910406	0.008781183	-0.112876169	0.061582948	0.071186643	0.092479418	-0.326199641	0.082651176	0.169658097	0.055085831	-0.045882371	-0.052836354
UMARY	1133	0.138282693	0.422291574	0.082010554	0.054231254	-0.131438832	0.196055703	0.017566638	0.165372672	0.320802062	-0.101615111	0.07996056	0.310997562	0.07542944	0.278673648	0.038212808	-0.184193201	0.373465709	0.104757615	0.247953794	-0.274383776	0.182240036	-0.019604528	0.097584585	-0.003019349	0.381343683
UMARY	1134	0.06042665	0.021831017	0.039439411	0.027620903	0.044416088	0.028139707	-0.069576194	0.09507661	-0.010915169	0.033898132	0.086553654	0.037112956	-0.015841847	0.034842737	0.06248262	0.296884176	0.016340131	0.029252676	0.067647177	-0.035249437	0.081733048	0.017146769	0.034463295	-0.083273126	0.009456008
UMARY	1136	-0.035313035	0.016424248	-0.037785078	0.012600845	-0.047630226	0.067633684	-0.000119784	0.091921806	-0.01983127	0.004467722	-0.080537889	-0.052861574	0.028370306	-0.007517422	0.027776779	-0.034652645	-0.109175392	-0.086318333	-0.068007545	0.150151032	-0.061492747	-0.075360582	-0.048834848	-0.006279728	-0.171613882
UMARY	1158	-0.00893314	0.058284789	0.031493369	-0.032803165	-0.151124453	-0.072338845	-0.157461443	0.004949324	0.005581663	0.02124138	0.085757542	-0.016023649	-0.024680194	-0.050839	-0.011998513	0.041810962	0.112688419	0.042153994	0.05687943	-0.109700948	-0.04540271	-0.137806918	0.040656875	-0.04973047	0.125630598
UMARY	1170	0.12423382	0.133595685	0.037760347	0.013246908	-0.122286646	-0.032598917	-0.024132367	-0.260636692	0.057359298	0.000481459	0.050135921	0.008582873	0.091920075	0.013518023	0.04717072	-0.003029889	0.140493355	0.032314064	0.056258435	0.047833588	-0.004719058	-0.035238674	-0.002466007	0.019736448	0.128610735
UMARY	1206	0.078554023	0.109248148	0.058483499	0.018969443	-0.439710443	-0.011755002	-0.187608096	-0.012659622	-0.069468767	0.039309938	0.037242619	0.053246639	0.086944664	0.038077047	-0.041582108	-0.173798342	0.113735971	-0.067820831	0.109309478	-0.10415798	-0.055431633	-0.137223904	0.008395142	0.008490686	0.307265774
UMARY	1209	-0.031043892	-0.170422129	-0.015755216	-0.107700094	0.113881633	-0.024912313	0.05662667	0.378705176	0.041979682	0.210912896	-0.005162803	-0.17894557	-0.034977291	-0.009539004	-0.061263189	0.088135737	-0.03039047	0.007717049	-0.037151246	0.149394102	-0.094486777	-0.073166899	0.025066754	-0.141786512	0.015089186
UMARY	1226	0.090803469	0.110319292	0.073280384	0.120578974	0.140649171	0.074133933	-0.223057278	0.124452658	0.096645574	-0.097100243	0.099025378	0.025129856	0.023722796	-0.005904648	0.053118278	0.090554742	0.038573755	-0.021266777	0.006973069	-0.065576293	0.035342812	0.216710236	0.007379417	0.6091287	0.068042983
UMARY	1230	-0.045898972	0.0175225	-0.015728075	-0.012106586	0.095978085	-0.017263471	0.205046285	0.09255763	-0.012030636	-0.237158107	0.086113803	0.010048906	-0.019665406	-0.021233567	-0.03131396	0.104321513	0.067282014	0.031058536	0.025082202	-0.085810532	0.106467804	-0.022182193	0.02528735	-0.215071343	-0.149761928
UMARY	1260	0.10570297	0.0922204	0.209351685	0.050654031	0.078547722	0.149976142	0.13314705	-0.182272044	0.027648295	0.143332917	0.135385897	0.09837152	0.005134068	0.060540647	0.154112593	0.112273173	0.050496223	0.155071672	0.193337326	-0.016237427	0.120092058	0.062940551	0.116887949	-0.10006502	0.156011433
UMARY	1326	-0.028171976	-0.009629298	0.034764591	-0.036230493	0.246804936	-0.03415049	0.06517121	0.149985506	-0.127690979	0.000292952	-0.025024988	-0.059249709	0.117865673	-0.062966601	-0.06020911	0.038510275	0.050055693	0.039884422	-0.014638851	-0.096777978	0.038918475	0.091938745	0.024256955	-0.16396498	-0.059850496
UMARY	1454	0.063480776	-0.229871138	-0.078334021	-0.002281887	-0.340099993	0.054241377	0.050721487	-0.022961819	0.103401118	0.023882501	-0.053216521	0.112399635	0.148476312	0.056051967	0.011336433	-0.261972436	-0.020705707	-0.010514902	-0.01745705	-0.063967709	0.040991257	-0.121738909	-0.039446465	0.04182696	0.1301452
UMARY	1465	0.026228371	-0.097301602	0.037012605	0.067923501	-0.046249876	-0.124031876	-0.241903009	-0.122924905	-0.202117382	0.117644219	-0.018741652	-0.049803183	0.022299955	-0.116773993	0.018031123	0.369696969	-0.025032723	0.043705581	-0.077845943	-0.083817497	-0.035862123	-0.037169878	0.026442266	0.113523978	0.100859101
UMARY	1486	-0.094567493	-0.104100219	-0.084551583	-0.063155144	0.244465338	-0.147812382	0.011098347	0.041298779	-0.105281241	-0.027591173	-0.0652625	-0.154374244	-0.075312448	-0.055789784	-0.101595905	-0.002559261	-0.247068928	-0.040613787	-0.144953062	0.233072076	0.079820552	-0.087414057	-0.000325034	-0.131594927	-0.254948745
UMARY	1498	-0.022197274	-0.011871973	-0.089550909	-0.037623643	-0.028559418	-0.049440978	0.079619184	0.043133455	-0.0364708	0.159726899	-0.032577316	-0.055705005	0.077524103	-0.137773899	-0.027946889	0.117079193	-0.05267663	-0.039764418	-0.126273205	0.157630735	-0.112365722	-0.017298057	0.048963699	-0.14724867	0.042922408
UMARY	1502	-0.113807254	-0.045613849	-0.12054369	-0.084406696	0.258704178	-0.075823387	0.051947047	-0.170675755	-0.046910607	-0.083085509	-0.08801739	-0.155380201	0.003908355	-0.141392741	-0.098115181	0.004615402	-0.09659053	-0.078094735	-0.050758028	0.022120585	-0.035273937	0.081887193	-0.107827979	0.072775938	-0.274692127
UMARY	1535	0.173857511	0.048735799	-0.012011207	0.042027633	-0.053354976	-0.002080477	-0.165226747	-0.105697974	0.043933079	-0.021272661	0.007629378	0.010008137	-0.045444868	-0.011541241	-0.05923607	-0.158464015	-0.039362071	-0.033449517	-0.010319514	0.194674913	-0.048193123	-0.020679432	-0.022327742	-0.040439225	0.034257557
UMARY	1540	-0.143148684	-0.05241769	-0.021011903	0.058033031	0.258693249	-0.138572511	0.081794715	0.017806001	0.005400983	0.464979264	-0.001716815	-0.06994907	-0.176185283	-0.132676273	-0.130597259	0.148562027	-0.117918903	-0.075741087	-0.042342293	-0.112760948	0.044320507	-0.040652205	-0.035536124	0.539040109	-0.033923789
UMARY	1541	0.141332288	0.100354211	0.116117892	0.05971841	-0.081805242	0.128274165	-0.024817171	-0.054663745	0.114352437	-0.123054644	0.095137444	0.137676379	0.090841177	0.063693869	0.104824319	0.048791767	0.135580149	0.088057884	0.162553733	-0.182398914	0.054670052	0.073933391	0.042249636	-0.006458187	0.07574454
UMARY	1544	-0.051958284	0.017158566	-0.056190765	-0.082215226	0.120435574	-0.016394997	0.045618146	0.206572021	-0.02861996	-0.105486211	-0.096617698	-0.070661221	-0.103040388	-0.033398034	-0.004769205	0.097150672	-0.025175241	-0.065424934	-0.118342529	0.181644781	-0.054449013	-0.017416764	-0.092156453	-0.250878825	-0.043744484
UMARY	1545	0.034977421	0.249961254	-0.041429133	0.183051789	0.050720527	0.210302196	0.155408876	-0.081889121	0.050825251	-0.000964679	0.027328937	0.082883317	-0.0372761	0.250110676	0.020578556	0.200242797	0.030500425	0.056055365	0.070198423	-0.001129946	0.122480716	0.214402302	0.119396606	-0.048916855	-0.15434465
UMARY	1568	-0.048161506	0.042960658	-0.046320937	0.043793742	0.077547498	-0.015171613	-0.142396044	-0.330234966	0.037715382	-0.126497464	-0.014993139	0.080139986	0.087181777	0.055860419	-0.058452503	-0.039196737	0.085336026	-0.141117333	-0.022956076	0.149380496	-0.004430123	0.017465627	-0.08200924	0.233044855	-0.051918681
UMARY	1570	0.084114626	0.044982044	0.026944049	-0.015288598	0.133964809	0.035667002	0.180500751	-0.127257708	-0.01805714	0.079359267	0.043716021	-0.012157576	0.130513336	0.012313699	0.069843472	0.074007805	0.076359272	0.054554032	0.027387381	-0.238964668	-0.006913839	-0.021948408	0.07430144	-0.04684384	0.03351258
UMARY	1571	-0.046308379	0.138422681	-0.035864538	0.079787322	0.385705262	0.069161576	0.176077838	-0.079431328	0.092758193	-0.150710585	-0.072758064	0.144089072	-0.067133935	0.06145794	-0.127083405	-0.052939798	0.19196063	0.012725248	0.068025099	0.140831579	0.115815927	0.324480865	-0.057305639	-0.227248515	-0.316252582
UMARY	1578	0.003542054	-0.020963854	-0.089483189	-0.066077429	0.120848278	-0.075079938	0.066623143	-0.148355782	-0.01738201	0.177373806	-0.144604966	0.082302236	-0.184715948	-0.03104056	-0.061152284	0.010431017	-0.115593583	-0.080857734	-0.060886731	-0.010310474	-0.042403188	0.085412775	-0.120709116	-0.005950612	-0.304390825
UMARY	1583	0.220682611	0.087058964	0.119608915	0.104888623	-0.435188204	0.167322502	-0.11824305	-0.138875352	0.020628778	-0.14903594	0.16044645	0.114201845	-0.030958819	0.041549514	-0.002714596	-0.534709102	0.080019657	0.094319775	0.148402028	-0.304891924	0.047693802	0.143115896	0.143308928	-0.161970958	0.095521959
UMARY	1584	0.030736635	0.11752725	-0.103272356	0.032020265	-0.015763577	0.019263366	-0.001130953	0.017540872	-0.020591692	0.022427042	0.002397422	0.195933115	0.094280565	0.240233857	0.229270418	-0.12866327	-0.046498196	-0.038423549	0.063022461	0.110369484	0.036721158	0.012696858	-0.079669449	-0.068312978	-0.175618885
UMARY	1611	-0.154888595	0.099216232	-0.249152106	-0.132506191	0.091983585	-0.140278127	-0.044331798	0.035551896	-0.063042119	-0.244526558	-0.241418859	0.007142321	-0.251892741	0.024489227	-0.10109783	0.0483587	-0.253482023	-0.104928605	-0.158786188	0.235308861	-0.140665853	-0.146352538	-0.121119331	-0.028686245	-0.073344175
UMARY	1612	-0.016777773	0.117126181	0.043175711	-0.065205049	-0.317536093	-0.047788673	-0.096391298	-0.027725606	-0.081422778	0.001793375	0.031902503	0.050790702	-0.075724705	0.055869796	0.191255068	-0.095684761	0.090956994	0.140497154	-0.112029497	0.145175277	-0.008095456	-0.245220396	0.135123304	-0.153691472	0.547420348
UMARY	1613	-0.073649132	-0.064375519	-0.018054224	-0.122010681	-0.42178606	-0.051448822	-0.031934699	-0.183456729	-0.10067873	-0.083092984	0.102553654	0.126277984	0.186122414	0.122018727	0.070311495	-0.458179937	0.160509223	0.10557489	0.025233137	-0.44392038	-0.016332045	-0.214981357	0.109786974	0.372030027	0.374456556
UMARY	1614	-0.027401462	0.183750589	0.105415923	8.86E-05	0.116885572	0.023214202	0.061970752	-0.000117332	-0.026301684	-0.070538142	0.062981431	0.147770053	0.057045634	0.137566408	0.03601755	0.149948693	0.068364603	0.011686471	0.069316979	-0.153461475	-0.055265339	-0.107952143	-0.010995272	0.028815101	0.024440856
UMARY	1648	-0.074422672	0.024025698	-0.038784604	-0.061303476	0.162916841	-0.007159279	0.164975743	0.088717347	-0.060384784	0.105757972	0.043097399	0.093256875	0.11806061	-0.139582355	0.06755339	0.328176743	-0.080227797	0.00423624	0.083306863	0.194015715	-0.008712213	-0.107712063	-0.012985186	0.163324191	-0.037904832
UMARY	1652	0.05291602	-0.015010828	-0.079704915	0.001983948	-0.653558684	0.087919323	-0.172956689	0.118578202	-0.050869091	0.292001741	-0.012698878	0.092462396	0.105512285	0.048327563	0.022481839	-0.353091214	0.152946823	0.042148565	-0.000588971	-0.551869422	0.023833526	-0.139293952	0.063125535	0.369277261	0.162698436
UMARY	1668	0.100600196	0.087352503	0.092426239	0.001683092	0.013357951	0.077795929	-0.054328123	-0.012271971	0.087940622	0.108335965	0.13697641	0.058012957	0.113427819	0.046333198	0.041052105	0.214522647	0.13253832	0.094215127	0.042020451	-0.161449891	0.048827622	0.018288053	0.052963891	-0.062094182	0.148516758
UMARY	1710	-0.020185389	0.067119214	-0.023416995	0.17128118	-0.128405802	0.047540192	0.125937396	-0.052982807	-0.029911208	-0.083908707	-0.061309171	-0.041714874	-0.155333899	0.032533671	0.139194067	0.12682541	-0.173481479	-0.082291416	0.022904955	-0.040331807	0.057782464	-0.09565721	-0.088745939	-0.267865919	0.116367198
UMARY	1712	0.136894022	0.119840555	0.092267245	0.038833464	-0.068397565	0.114043239	-0.065574924	0.003008139	0.026739714	-0.006293266	0.145604366	0.014566082	0.020484706	0.011214369	0.026345866	-0.016764262	0.133521922	0.023357477	0.130190016	-0.266893961	0.028085437	0.030172698	0.091270891	-0.154277433	0.063487359
UMARY	1713	0.022482168	0.147416445	0.026882231	-0.051676704	0.007977033	0.063067728	-0.039906957	-0.052575524	0.003076139	-0.116084417	-0.061310871	-0.025298832	0.020439787	-0.056552507	-0.056488483	0.063259116	-0.083452437	-0.054139693	-0.039541341	0.062744543	-0.002448544	0.138031058	-0.000335181	-0.296304244	-0.02084149
UMARY	1715	-0.02864089	-0.021161678	0.038611513	-0.037203457	0.089657254	0.007665634	-0.056181581	0.240404979	-0.039766505	-0.114112936	0.047248964	-0.081968721	-0.0528358	-0.054971078	0.028580435	0.121268348	0.013707446	-0.015065268	0.012558555	0.159509177	-0.032543783	0.18564998	0.066616847	0.048801656	0.00723501
UMARY	1792	0.065243634	0.028168279	-0.037273163	0.014891721	0.0784	-0.045215891	0.067328049	-0.127367833	-0.047384381	0.219364941	0.014859787	0.035134859	-0.05340494	-0.018292365	0.036537368	0.089434194	-0.061590779	-0.089283497	0.026216854	0.164308534	0.073019832	0.135152362	-0.096665146	0.009892512	-0.171733871
UMARY	1795	-0.033813587	0.004294792	-0.007462363	0.044101948	-0.013660923	0.024488271	0.053625854	-0.040631993	0.10801744	0.141473948	0.031158858	-0.066907657	0.045134689	-0.049121799	-0.020154798	0.20593013	-0.083040682	0.119704802	-0.043030794	0.307879065	-0.011346706	0.020793632	0.052699425	-0.199399232	0.204738692
UMARY	1797	-0.134661919	0.079163283	0.018492194	0.091399529	-0.046629693	-0.018226668	-0.001910752	0.12972017	-0.101625113	-0.251968075	-0.029664289	-0.03186634	-0.027869424	-0.060361341	0.029943847	0.36870723	-0.077116088	-0.006997183	-0.048784536	0.225730176	-0.181470364	-0.146209631	0.01114034	0.076174732	-0.051480674
UMARY	1825	-0.050187022	-0.08570168	-0.00482352	0.080588365	-0.068980261	-0.092359471	0.224045951	0.085636085	-0.121517322	0.046563475	-0.024944443	-0.100612997	-0.060562716	-0.009244513	-0.07728575	0.019038405	-0.150328657	-0.110846711	-0.057092502	-0.147560977	-0.040979077	-0.015836383	-0.038366647	-0.11702403	-0.058574201
UMARY	1827	0.059869813	0.082579492	-0.049719357	0.034781569	0.15483499	-0.019232744	0.147197757	-0.0558812	0.061007148	0.147681021	0.037891117	0.077557363	0.004686083	0.058871506	-0.047233573	0.164707257	-0.091887489	0.0113921	-0.010909116	0.123805261	0.013541728	0.111508022	-0.113019953	-0.180143687	-0.236612114
UMARY	1830	0.160047278	0.094301199	0.19057757	0.095444314	-0.320060095	0.176574555	0.004069057	-0.193083206	0.157378604	-0.038655044	0.163529836	0.114078172	0.129194852	0.092026165	0.112735843	-0.243968514	0.167580122	0.094675279	0.147888017	-0.079822049	0.094428494	0.168658441	0.176982181	-0.132913236	0.103889999
UMARY	1846	0.092756376	-0.042107632	0.087202494	-0.035844135	0.142164427	-0.002260097	-0.014272633	0.100418425	0.039103716	0.118560552	0.002859752	-0.039814749	-0.064139731	-0.08103095	-0.057068132	0.040787735	0.136820081	-0.07225087	-0.006830391	-0.070215583	-0.036619615	0.098236954	-0.026077322	0.035272562	-0.152704974
UMARY	1847	0.018969339	0.034233865	0.081651335	-0.016969974	0.035115935	0.000224902	-0.042242161	-0.018447932	0.053071693	-0.053992561	0.040249431	0.027420576	-0.036746478	0.008843067	0.012109686	0.10472477	-0.049553912	-0.010531119	-0.037564862	0.341042216	0.012825473	0.179055252	-0.062955145	-0.334456669	0.083463064
UMARY	1849	-0.184041134	0.004457685	0.037705333	0.082678505	-0.04743284	-0.086806729	0.038696124	-0.41842899	0.082509348	0.152321212	-0.00872749	-0.068500063	0.033684887	0.017683571	-0.030791078	-0.157417957	0.084001972	-0.110904041	-0.091190882	0.039334791	0.011874737	0.185569861	-0.110291123	0.289860968	-0.435191498
UMARY	1862	0.127283869	0.091691945	0.203548314	0.132454692	0.056217782	0.106719175	0.072351079	-0.05402397	0.036151794	0.056971	0.038618318	0.129203177	-0.022415637	0.106205493	0.040229224	-0.144745047	0.108328668	0.00514412	0.189203333	0.321568647	0.061855583	0.116241344	0.076733723	-0.073888501	-0.135204317
UMARY	1865	-0.032178417	-0.058774481	0.016630496	0.066020293	-0.103445799	0.002260962	0.098481125	0.238660942	-0.034543564	0.15256842	0.041464568	-0.022518331	0.023645162	-0.037809036	0.02634814	0.129019788	0.011492747	-0.045381955	0.079355415	0.338701276	0.052301932	-0.095262316	-0.008514818	0.000763576	0.142231194
UMARY	1866	-0.072128412	-0.011057534	-0.120650401	-0.047419714	-0.019577701	-0.050299595	-0.017330979	-0.084730471	-0.029686984	0.002374628	-0.133713835	-0.095715528	-0.078220716	-0.179019117	-0.131032505	0.125260287	-0.186313209	-0.206985759	-0.04385138	0.387722216	-0.084876631	-0.093761036	-0.145934186	-0.181364965	-0.020588285
UMARY	1867	-0.055001516	-0.110676573	-0.064281564	-0.031043942	0.090956022	-0.137371497	0.202797822	0.082047616	-0.045879903	0.259320308	-0.076870915	-0.014419809	-0.008221826	-0.067774687	0.008642417	0.192190721	-0.088745454	-0.056567612	0.000119699	0.082595864	-0.082626075	-0.122594735	-0.045810798	0.14411862	-0.045624103
UMARY	1902	-0.019478923	-0.02316533	0.054230961	-0.055907215	0.150004068	0.030713619	0.090552051	0.061415866	0.006920605	0.109099648	0.080281764	0.007993606	0.057135737	-0.040083388	0.067549206	0.302917677	-0.008268073	0.038972434	0.039537869	-0.061660534	0.057985628	-0.172686747	0.045835996	0.069866755	0.068286589
UMARY	1903	0.089561182	0.053027176	0.035766478	-0.071359374	0.214279473	0.130030861	0.201752562	-0.105092016	-0.062593541	-0.116334382	0.035506066	0.124480148	0.003682136	0.006891551	0.012907054	0.086834604	0.0203697	0.013623366	0.028479858	-0.034625153	0.023794756	-0.105334665	0.018102131	-0.186242371	0.066811456
UMARY	1907	-0.054422391	-0.087823498	-0.048583767	-0.080065361	-0.061762231	-0.150497106	-0.041348168	0.089192592	-0.136799741	-0.212568617	-0.148548564	-0.093475413	-0.185239413	-0.104858836	-0.017416938	-0.038691718	-0.114949939	-0.113009174	-0.102443698	0.018260788	-0.143272216	-0.111743967	-0.08131935	0.133615101	0.081173513
UMARY	1917	-0.141421681	0.039634797	-0.130585693	0.075899285	0.021705218	-0.033359078	0.113406157	-0.116719803	-0.042534222	-0.060633491	-0.053317985	0.018329302	-0.178174421	-0.117505243	-0.04058518	0.118717946	-0.092919231	-0.086384174	-0.104129166	0.511958336	-0.083836848	-0.09714682	-0.045196091	-0.217935881	-0.00508802
UMARY	1935	-0.025715528	-0.054938602	-0.208749973	0.00229671	-0.036821746	-0.093384391	-0.171548427	-0.059464642	-0.023038204	-0.147098869	-0.161632401	-0.034937625	0.022774823	-0.087709092	-0.137578822	-0.011508632	0.275098793	-0.170599511	-0.102319394	0.023764071	-0.063807144	-0.055865427	-0.162783381	0.225227518	0.021576659
UMARY	1936	-0.022707387	0.126210054	-0.050097934	-0.066339699	0.03623655	0.075645291	0.1186578	0.090548563	0.033611451	-0.026431815	-0.079673383	0.204112236	-0.146309357	0.079058035	-0.020480999	-0.009017221	-0.03061756	-0.043544497	0.013925102	-0.111080874	0.083439732	0.089634697	-0.01996025	-0.146657369	-0.190223451
UMARY	1939	0.255993336	-0.829820941	0.877071727	-0.07074704	0.129290758	-0.238851145	-0.578978683	0.957314646	0.135652432	-0.120496167	0.39018321	-1.25060516	0.228866176	-0.497468269	-0.103907067	0.082690063	-0.369491238	0.425680962	0.155695922	0.010972841	-0.177209237	0.525382972	0.479155886	-0.369127755	-0.038588698
UMARY	1940	-0.081469909	0.140164929	-0.058930979	-0.021643408	-0.103617596	0.069277576	0.122715647	-0.058549193	-0.049426779	0.168541802	-0.109737518	0.171810465	-0.054986103	0.021921728	0.127243061	-0.170025089	-0.214429191	-0.003718957	0.141422894	0.519890921	-0.014506771	-0.211639261	-0.078058674	0.074410457	0.053854847
UMARY	4263	0.07881311	-0.013199906	-0.009578628	0.125093642	-0.31206409	0.067377536	-0.080811643	-0.499114545	-0.121536191	-0.187887291	0.059541299	0.053291303	-0.06771238	0.070094236	-0.001991177	0.126670098	0.012269921	-0.085401997	-0.135560001	0.476050604	-0.023843975	-0.23245228	-0.086977686	0.000343435	0.162870691
UMARY	4540	-0.04070308	-0.186305096	0.033422199	0.061244494	0.053837934	-0.013289034	-0.01090633	0.216364122	0.051483311	-0.324116817	0.01253077	-0.222745105	0.122325477	-0.214740376	-0.093149896	0.223268622	0.035281639	-0.027661916	-0.114105012	-0.018456468	-0.057609281	-0.015665361	-0.053156869	0.208455077	0.177309766
UMARY	4542	-0.052633417	0.059367478	0.040107314	0.110939648	-0.264499491	0.100608357	0.226907979	0.120240544	0.101631965	0.178790139	0.06739352	0.113596565	-0.040490694	0.11413591	0.104702932	-0.225705615	-0.033500809	-0.025634509	0.001367447	0.326945818	0.015322134	-0.109250844	0.000105726	-0.063152846	0.137375015
UMARY	4543	-0.196286629	-0.181147669	-0.084874798	-0.031501306	0.078434065	-0.099412396	0.035763328	0.197404097	0.070551063	0.176619762	-0.090304647	-0.030408774	-0.002345152	-0.110240015	-0.109574053	0.058321089	-0.065934244	-0.002364598	-0.05982619	-0.17834461	-0.002179239	0.053721089	-0.027107297	-0.160420996	-0.160882171
UMARY	4549	0.070176969	-0.038661791	-0.081103518	-0.060072997	0.151964436	-0.029406376	0.240077057	0.064118589	-0.075504046	0.268459557	0.073733864	-0.092716048	0.140429977	-0.02151085	-0.01585483	-0.004148539	0.011109353	0.041728012	0.028831756	-0.228308113	0.108386306	0.009144092	-0.02722889	-0.105813557	-0.124893374
UMARY	4590	-0.184312262	0.027841645	-0.095033731	0.002403705	0.03606651	-0.077113496	-0.210822177	-0.150546904	-0.08792126	0.104949424	-0.008856572	-0.118894099	-0.014965239	0.088432837	-0.010763768	-0.129375753	-0.084770693	-0.001674668	-0.169202651	0.079696744	-0.052536045	0.12401613	0.145143547	-0.0910463	-0.336482714
UMARY	4593	0.133011446	0.174239452	0.040726203	0.050187418	-0.031769312	0.070156014	-0.17592416	-0.221517269	0.017062662	0.068779777	0.028244203	-0.001290176	0.08113956	0.008497054	-0.068179709	-0.088980421	0.128879055	0.050590427	0.065767632	-0.164173651	-0.013488848	0.063028216	-0.031241738	0.086863775	-0.021356775
UMARY	4598	-0.002036829	0.100136538	-0.09253606	-0.036601077	0.175210824	-0.057690623	-0.015069146	0.018666968	-0.084617541	0.071329894	-0.093041923	-0.037823184	-0.091938102	-0.040290261	-0.088438058	0.07545705	-0.048182784	-0.025478931	-0.06997352	0.02494523	0.114881988	-0.118558945	-0.044091403	0.039918419	-0.06794778
UMARY	4636	-0.103634471	0.071540604	-0.099039988	-0.073051052	0.151436023	-0.073694207	-0.019641582	0.185679496	0.040746472	-0.05468585	-0.083693333	-0.099923012	0.008308555	-0.023815383	-0.042744828	0.104629391	-0.092849412	-0.077092657	0.026534544	0.108273254	-0.024348421	-0.037367743	-0.045508167	0.006648873	-0.044700597
UMARY	4640	0.037865105	-0.210617791	-0.038173338	-0.173052716	0.001839068	-0.033911534	-0.187095635	-0.363916821	-0.069526039	-0.01827047	-0.095801419	-0.030652508	-0.029875502	-0.119017048	-0.001693469	-0.009221975	-0.031928148	-0.034028234	-0.131084912	0.011714985	-0.038480622	-0.224240671	-0.000255636	0.06391828	-0.030323851
UMARY	4725	-0.070295759	-0.220463196	-0.062801059	0.094778699	0.035911837	-0.113583922	0.106176861	0.124136722	-0.092675289	0.03500624	-0.082393218	-0.126543977	-0.073439665	-0.146832076	-0.124817908	0.191144976	-0.058922293	-0.00121542	-0.086771624	0.045383272	-0.079632499	0.07147746	0.042771494	0.158418599	-0.163431749
UMARY	4726	0.082831257	0.162124108	0.014758635	0.003383616	-0.064160545	-0.011331563	0.096802707	-0.009286373	-0.012601808	0.146664031	0.089714007	0.02800129	0.076793904	0.049256578	0.052939184	0.0044528	-0.083123383	0.006796875	0.075213258	-0.098656962	0.035968291	0.069577421	0.002574954	-0.224243951	-0.040249686
UMARY	4727	0.022320748	0.320905451	0.04656725	0.078170765	0.031256245	0.044670816	-0.050916346	-0.251907072	0.217212387	-0.282593568	0.081699058	0.117500142	-0.018616169	0.112417867	0.019739101	-0.100537479	0.099956687	0.007286586	-0.053981064	-0.187034678	0.051259719	0.177715882	-0.091267983	-0.165818504	0.298554857
UMARY	4729	0.100089054	-0.116149637	0.018520461	0.121313779	-0.275848735	0.104654384	-0.084342047	0.104817657	0.090039566	-0.09460434	-0.062338804	-0.084781376	0.140546697	-0.103989316	-0.053503207	-0.095343832	0.148875861	-0.000744025	-0.014303419	0.214704618	-0.044861929	0.030362197	0.173289804	0.161906343	0.151770294
UMARY	4782	-0.084178738	-0.089395466	-0.200602958	-0.13452004	0.029940301	-0.093590854	0.083314051	0.079624694	-0.017812382	0.225015177	-0.120974783	-0.222973772	0.010173069	-0.083151241	-0.111359794	-0.172442377	-0.126415344	-0.055237123	-0.199625847	0.072202391	-0.087215712	0.017312162	-0.013541518	-0.196030353	-0.067210274
UMARY	4786	-0.022759396	0.139180585	0.065690527	0.016143106	-0.045090355	0.082983872	-0.074562916	0.005082391	-0.050373509	0.230358533	0.047896152	0.002814052	0.036311905	0.018340257	0.02835917	0.00023509	-0.062365835	-0.002269079	0.052906227	-0.246804497	-0.010378729	-0.037264222	-0.042295811	-0.04137452	0.107411513
UMARY	4788	0.085185256	-0.136877625	-0.120841401	-0.21737983	-0.033080076	-0.255808395	-0.434564423	-0.202182125	-0.185444997	-0.381795454	-0.200758119	-0.379854201	-0.259564404	-0.124783315	-0.175453893	-0.516664528	-0.109089193	0.03560648	-0.064271961	-0.580697929	-0.217454012	-0.23110723	-0.088706185	-0.327357492	-0.120726518
UMARY	4789	0.167618546	0.330930248	0.228070597	-0.04981743	0.255099506	0.051820374	-0.130389858	0.284215723	0.163969743	-0.181908051	0.02802919	0.17957789	0.096587842	0.095477523	0.08130442	-0.294526866	0.024291987	0.126291159	0.184986217	-1.036772255	0.313459782	0.277681516	0.074690713	-0.105622004	0.103934109
UMARY	4841	-0.08080243	0.101090414	-0.005202067	-0.004599511	-0.072708393	-0.015252889	-0.002491805	0.094388933	-0.075467435	-0.085120427	-0.016096034	0.016997337	-0.013863688	-0.004693472	0.058487553	0.298824351	-0.027016666	-0.033565247	-0.023563888	0.6903457	-0.011124367	-0.095635478	-0.005370386	0.072357328	0.089728341
UMARY	4842	-0.095518837	0.001515492	0.034571413	0.004717889	-0.383343664	0.029581546	-0.161935846	-0.293965036	-0.117274686	-0.010512192	0.082670959	-0.043544389	0.204141367	0.061673416	0.169089447	-0.087207293	0.202604308	-0.005871662	-0.023531515	-0.243973906	-0.004585489	-0.138410546	-0.06317972	0.172388812	0.221799893
UMARY	4903	-0.182207646	0.128513407	-0.028496022	-0.038520521	0.135289136	-0.062079951	0.230258821	0.178328124	-0.036835332	0.019927525	-0.07729456	-0.048885635	0.03356029	-0.086519689	-0.120858309	-0.148642657	-0.102451424	0.091831668	0.03090063	-0.262728117	-0.083989984	-0.021180234	0.044885777	-0.142141131	-0.130346749
UMARY	4915	0.015157956	0.116309977	0.088993943	0.086395669	0.251628753	0.105672287	0.218597908	-0.104047056	-0.030691452	-0.077431241	0.093429356	0.070181178	0.048225211	-0.008590677	0.118971179	0.288066157	0.097136231	0.06741618	0.086859311	0.163999633	0.011023863	-0.073612203	0.101022531	0.230284612	0.137638127
UMARY	4916	-0.146956147	0.127196116	-0.054063616	-0.045992569	0.199011415	-0.032487323	0.106799769	-0.042146448	-0.135342647	-0.099264132	-0.01503894	-0.045020317	-0.098654619	-0.065800604	-0.022333155	0.29901221	-0.247270493	-0.059889838	-0.052542651	0.10056798	-0.08453166	-0.179143596	-0.042036025	-0.020402581	0.058438472
UMARY	4924	0.165024701	-0.550576838	0.248967479	0.113578255	-0.161112409	0.082843603	-0.061214087	-0.35208544	0.240746386	-0.302977511	0.168893781	0.107764434	0.193991726	0.113306039	0.079760962	-0.207210374	0.095996365	0.172071158	0.286989482	-0.554336962	0.042142463	0.044353182	0.172315004	-0.071956475	0.050024885
UMARY	5024	-0.004809274	-0.003915084	0.022337226	0.14345851	-0.281601358	0.056452592	0.031928469	1.33589028	0.05908262	0.106886521	0.025890711	0.111176339	-0.101515751	0.095743004	0.057728519	0.26102012	-0.04172765	0.026985298	0.044188469	-0.081354624	0.06623049	0.294022453	-0.076832645	-0.004831007	-0.12948252
UMARY	5028	-0.095778471	-0.058343738	-0.056993586	0.019107609	0.061104723	-0.077741264	-0.216629155	-0.147408309	-0.083823182	-0.00099633	-0.006179456	0.001464026	-0.182728624	-0.041089554	-0.020560018	0.008865489	0.128038174	-0.019708978	-0.101852812	0.049684436	-0.06049877	0.133216646	0.007089391	-0.120255836	-0.040560433
UMARY	5078	-0.030292288	0.118877386	-0.117237834	-0.23192712	0.178461849	0.002241855	-0.011203956	0.203161868	-0.145907688	-0.060561117	-0.116400838	-0.040865721	-0.228688226	-0.025531432	-0.008638884	-0.085739487	-0.054622046	-0.052360563	-0.131570004	0.037074861	0.037681262	-0.063178771	-0.108836203	-0.035742955	-0.162335067
UMARY	5079	0.083675658	0.177172993	-0.06997245	0.040101019	0.037044079	-0.00158476	-0.087290331	0.017224817	0.104736964	-0.109949706	0.012468671	0.042536983	-0.007944705	0.031193074	0.050125852	-0.121146183	0.049047417	-0.044941267	0.026884649	-0.070134314	0.097953175	0.072445967	0.009245555	-0.018681064	-0.055883958
UMARY	5081	-0.07923388	-0.806373572	0.080529863	-0.056041371	0.060578058	-0.000759487	0.100459173	-0.002216787	0.008710401	0.200835702	-0.045647799	-0.070376367	-0.051884314	0.00518327	-0.012064878	0.071747166	0.026916275	-0.012107477	-0.013111192	0.213667839	0.018081979	0.02642942	0.003379015	-0.005740368	-0.152303885
UMARY	5086	0.109274368	-0.191255028	0.008589561	-0.018696361	0.037838181	-0.061605323	0.013581208	-0.32257122	0.083774259	-0.01499226	-0.010821003	0.151082723	-0.092664341	0.079790746	-0.00047558	-0.130939571	0.110729796	0.014875294	0.048431174	0.078499059	0.000609743	0.055784138	0.030936798	0.182779534	0.055973348
UMARY	5087	0.128087327	0.274989212	0.056514212	0.035558148	-0.17753542	0.117903597	-0.06565584	-0.034225283	0.083951808	0.092405498	0.127693505	0.19354678	0.054741853	0.175046379	0.029208565	-0.42750505	0.014145701	0.059789361	0.082162612	0.123285766	0.035716174	0.108832601	0.042254531	-0.066326029	-0.032450317
