FID	IID	1	2	3	4	5	6	7	8	9	10	11	12	13	14	15	16	17	18	19	20	21	22	23	24	25
BLSA	745	0.056935808	0.264877504	0.448973137	0.377675926	-0.30302997	-0.255296766	-0.35449642	0.267777981	-0.055984112	0.300432569	0.221658447	-0.113018969	-1.921595783	0.07038195	-0.453100592	0.987632668	0.057795819	0.297183366	0.437618833	0.421926901	-0.015003678	-0.015476834	0.218277683	-0.124925677	0.197734047
BLSA	827	0.409027918	0.122794981	0.44776834	0.337559335	-0.255154033	0.219908353	-0.772788874	0.356129926	-0.14379151	-0.194954765	0.07704965	0.362053872	-1.333389109	0.398037731	-0.321710431	1.023911879	0.306401881	0.016262889	0.125795215	0.234932916	-0.175330649	-0.097121657	0.224563855	-0.463223974	0.74879796
BLSA	1556	0.00579313	-0.076840852	0.223884026	-0.096506723	-0.103202915	0.336314854	0.640493264	0.139632924	0.219958521	0.16372769	-0.049509233	-0.129990951	0.062069038	0.042464625	0.223579412	-0.060085108	-0.03780083	-0.013349382	-0.025853338	0.039916154	0.040214244	0.129746818	0.098334292	-0.223444251	-0.131774769
BLSA	1579	0.251355559	-0.329414591	0.063527163	-0.244158426	-0.193872798	-0.245271099	0.459551682	-0.360744231	0.179883866	-0.045260456	-0.168771494	-0.058752943	0.28249769	-0.126151651	-0.029857999	-0.121325105	-0.080813242	-0.245706141	-0.182607051	-0.288374085	-0.13884523	-0.185846087	-0.245586386	-0.12569037	0.049546465
BLSA	1595	0.805228637	0.190651838	0.471600157	0.000139174	0.425427768	-0.390950371	-0.556864799	-0.783042915	-0.560422452	-0.831276485	0.128571746	0.029388026	-0.723532343	0.383145935	-0.123532295	-0.713228383	1.094634433	-0.200402735	0.127994553	-0.347104248	-0.086803109	NA	0.852440652	-0.257045829	0.415381861
BLSA	1603	-0.202983195	-0.131625366	-0.622635189	-0.000679069	0.111557703	0.009174659	-0.34754394	-0.238084168	-0.221938977	0.135667729	0.135376019	-0.065971978	0.394488583	-0.061894137	0.098609058	-0.207696504	-0.137724889	0.081093834	-0.238540061	0.07728687	0.070795926	0.039672757	-0.002115396	0.074495588	-0.44737082
BLSA	1640	0.092741896	-0.215904565	0.112348673	0.061984584	0.115253815	-0.092678403	0.403125584	-0.1109911	-0.0566754	0.045210315	0.226221116	0.057120197	0.245641618	0.006436148	0.42135317	-0.097524211	-0.29741801	-0.141524608	-0.109829994	0.131431568	0.090439431	0.091688086	0.114538453	0.209898234	-0.264985603
BLSA	1775	-0.354260185	-0.168866899	-0.551628994	0.170348911	-0.161023729	-0.125245888	-0.710784563	0.478994104	-0.379227129	-0.542098517	-0.258613399	-0.235762332	-0.06237116	-0.39619787	-0.64460326	0.249240957	-0.061312903	-0.192773866	0.174584709	-0.425007682	-0.448367078	-0.086875078	0.140067819	-0.391622945	0.461522854
BLSA	1802	-0.266833485	0.054963171	-0.389478501	-0.096183568	-0.213445138	0.09867719	-0.113693107	-0.085344562	0.014551487	0.233541862	-0.114722324	-0.070493215	0.182798516	-0.200950394	0.099304669	-0.233701126	-0.007810698	0.005778104	-0.241449962	-0.081582488	0.115063567	-0.060687112	-0.157615863	0.048361636	-0.067689111
BLSA	1805	-0.1684607	0.172604555	-0.5556542	-0.114592475	-0.133276414	-0.173760275	0.194715361	-0.263666984	-0.004788902	-0.002782729	-0.157843904	0.071381709	0.80465482	-0.224770794	0.314314074	-0.488299122	-0.10980378	-0.07668535	-0.057557521	-0.132068269	-0.032407541	-0.107857278	-0.194333271	0.052664554	-0.639461062
BLSA	1838	-0.466617379	-0.069997307	-0.098839349	-0.022323809	-0.121923785	-0.031747282	0.441169081	-0.008258493	0.004678335	0.067458417	-0.070603019	0.094240486	-0.164807829	-0.050637765	-0.096033164	0.042775323	0.041563594	0.043655818	0.108207094	0.082594737	0.088432255	-0.097965305	-0.231571233	-0.033240853	0.338075466
BLSA	1839	-0.637746537	0.201114414	-0.080141054	-0.014118473	0.066143383	-0.04591805	0.211442079	0.143605763	-0.156062764	0.200236002	0.221670323	-0.101962323	0.210770182	-0.107607785	0.055736202	-0.175387926	-0.252707719	0.155474979	0.125564852	0.047535121	0.02741601	0.159035267	-0.183136307	0.384387663	-0.730941295
BLSA	1840	0.160830194	-0.170813683	-0.065767672	-0.046579317	-0.046165785	-0.10416308	-0.221097882	0.144123764	0.065470926	0.127107744	-0.096569496	0.023545021	0.304672775	-0.202737228	-0.1597154	-0.091059568	-0.293688649	0.110957094	0.126909742	0.077062589	-0.07484533	-0.107380473	-0.152434606	0.145808745	-0.230223132
BLSA	1883	-0.230748319	0.122530502	0.100512128	-0.172238554	-0.068742771	-0.07042405	0.04603484	0.021792025	-0.199818717	-0.054135378	-0.218521326	-0.082746525	0.141384252	-0.120875756	0.075536389	-0.179488861	-0.126583187	-0.077915971	0.046363297	-0.079659757	-0.085824854	-0.082459362	-0.161938313	-0.03827204	-0.087750551
BLSA	1889	-0.126281138	-0.122097498	-0.237378152	-0.096463408	-0.024559874	0.029046746	-0.157208924	0.110437028	-0.073647304	0.104382045	0.019917134	-0.083694744	0.675660708	-0.135300328	-0.160385117	0.214562752	-0.242757281	0.084166773	-0.18590376	-0.022463625	0.03908343	0.027979893	-0.295819242	0.230054464	-0.189398426
BLSA	1924	-0.09491849	0.148178232	0.320178068	-0.024217535	0.104341583	-0.110053716	0.360171945	-0.077828979	-0.028299941	-0.028451035	0.008683399	-0.033747078	-0.176895024	0.098623908	0.128814515	-0.164932191	0.013152641	0.057350507	0.197935347	-0.042217595	-0.131259274	-0.039202509	-0.046007304	0.065831057	-0.01140768
BLSA	1961	0.173859663	0.007496964	-0.126928406	0.054217706	0.194107861	0.410242136	-0.162907639	-0.183007476	0.006395902	0.300735428	0.223262695	0.04075607	0.669377454	0.156356585	0.088891884	-0.078844183	0.113820244	0.179646565	-0.274624348	0.189189504	0.20123101	0.20298241	0.080356609	0.381507158	-0.085248184
BLSA	2000	0.153641942	-0.263471493	-0.331919618	0.064532638	0.023431434	-0.224791498	0.540183396	-0.015396087	0.41603459	0.007336656	0.001678288	-0.091094254	0.313572358	-0.051930581	0.299088371	-0.267286911	-0.274882261	-0.096387951	-0.291891479	0.101649407	0.001039212	0.064188811	-0.173191472	0.172389622	-0.134686024
BLSA	2020	-0.122848433	-0.073959526	0.404177726	0.067913781	0.053767591	-0.039189674	-0.153476332	0.010193386	0.054971428	0.022387945	-0.094150292	0.055590119	-0.178178131	0.115873038	0.025590182	0.297570614	0.046646508	-0.055557491	0.040791441	-0.078177748	0.012027268	-0.094207999	0.095602862	-0.163245613	0.153931408
BLSA	2037	0.238924858	-0.025273058	-0.156449483	-0.149890605	0.031459841	-0.109298434	0.025963104	0.144128089	0.540609492	0.099975182	-0.14888822	0.268411522	0.264984286	0.18406731	0.708968633	-0.123571963	0.125678845	-0.020794036	-0.225328111	0.073741287	0.021924915	0.0425754	-0.231376452	-0.100670805	0.117489055
BLSA	2066	0.291295849	0.027393934	-0.130116152	-0.001124224	0.013186858	0.183700398	-0.28982653	0.075527885	-0.085317642	0.034164635	-0.062304449	-0.126593388	0.169366586	-0.1006552	-0.172230203	0.131932515	-0.176097837	-0.106182028	-0.042352169	0.08629155	-0.05991533	-0.019582006	-0.090017773	0.033161893	0.178915236
BLSA	2069	0.02525762	0.05773152	-0.314301881	0.075393148	0.251237266	0.039536464	0.385633788	-0.109400644	0.443395102	0.120023631	0.257493	0.121757876	0.339612995	0.031173708	0.254771384	0.0094848	-0.076917954	0.133499901	0.085824514	-0.060994607	0.159443285	0.178453126	0.174783149	0.164308536	-0.262638623
BLSA	2093	0.005009416	0.101566392	0.042122981	-0.143128567	0.016219367	0.400006594	0.209298215	0.142109572	-0.221638639	-0.173201934	-0.080994888	0.01975371	-0.123259798	-0.075323354	-0.115504816	-0.151515752	0.018248804	-0.083754163	-0.023196625	-0.100128101	0.069451035	-0.134613661	-0.174102139	0.009324629	0.171344678
BLSA	2102	0.00179537	0.176360834	1.026146249	0.012439549	0.21826274	0.292181194	-0.077093329	0.201313192	0.24166384	-0.090226553	-8.98E-05	0.049830091	-0.377522687	0.368471904	-0.517884669	0.196835408	0.35837647	0.145963893	0.301544824	0.094219603	0.312040483	0.192952794	0.340280384	-0.050811423	0.45083625
JHU	384	-0.579514029	-0.077838535	-0.306877666	0.099395747	0.10492101	-0.087092289	-0.076656681	0.215062721	-0.270677234	-0.053208969	-0.024780091	-0.182692423	0.271142266	-0.199266129	-0.366294636	0.073966919	-0.133926313	-0.189234444	-0.00199337	-0.169101719	-0.072106201	0.083122669	-0.075069799	0.248024065	-0.624847073
JHU	705	-0.160285788	-0.014945585	-0.126348888	-0.113334764	-0.142126887	-0.012154852	-0.137502607	0.114104416	-0.113381612	-0.106316315	-0.078113978	-0.092245865	0.357088698	-0.276966915	-0.38079487	-0.401569777	-0.343069361	-0.036379066	0.065120405	-0.127106593	-0.196066893	0.036829901	-0.184341688	0.220811246	-0.103169111
JHU	710	0.031327368	-0.129957708	0.04991422	0.062312922	0.095978487	0.040226332	-0.145966369	0.085212683	-0.084804295	0.109408386	0.182012465	-0.0176015	-0.040493842	-0.004750122	-0.115801986	-0.273197803	0.135243823	0.056902391	0.085329588	0.130379877	0.092089051	0.240148486	0.143061081	0.264952831	0.217486404
JHU	712	-0.443103664	0.144922639	0.421203927	-0.004388644	0.058859799	-0.136059654	-0.083177224	-0.059723946	-0.055646762	0.113333442	0.13405503	-0.069819848	-0.404951292	0.013388375	-0.504835491	0.218839015	-0.038769123	0.067386446	0.278295892	0.033559126	0.131232642	0.137322594	0.026293939	0.29678686	0.269883355
JHU	713	0.365905904	-0.172278835	0.087207664	0.117840196	0.145396499	-0.20917622	-0.208542514	-0.036981113	0.630179404	0.022272854	-0.589298621	0.148630288	-0.705982318	0.355514505	0.104358657	0.218299328	0.397654976	-0.048309549	0.072059164	-0.005723951	0.126654166	-0.760981339	-0.044219047	-1.400367321	0.509417231
JHU	719	-0.062643124	-0.062737927	-0.418625983	-0.01556601	-0.016938495	-0.038190239	0.096281601	-0.167916683	-0.307662444	0.142143117	0.239563765	-0.013243283	0.402608072	0.02393496	-0.26662564	-0.057895428	0.012456746	0.046378011	-0.150149536	0.040787293	0.162657124	0.297160937	0.060157526	0.382922655	-0.228987994
JHU	993	0.814987738	0.408035728	0.313534514	-0.017961133	-0.206739819	0.038282846	-0.015932999	-0.090706262	0.312484006	-0.335758682	-0.028436521	0.20661126	-0.305411208	0.177000133	0.671242472	0.525964445	0.030468834	0.042185479	-0.063891209	0.060759671	-0.134757965	-0.324765806	0.123918283	-0.479115196	0.143698208
JHU	994	0.107968244	-0.092522383	-0.216065438	-0.122272735	-0.208260218	0.350667057	0.290873796	-0.003402097	-0.235298264	-0.011091253	-0.025520572	0.055304402	0.352776201	-0.202037125	0.493444416	-0.153060146	-0.233894464	-0.058650276	-0.293048778	-0.02881548	-0.121686332	0.043587142	-0.164684921	0.11937586	-0.107758551
JHU	995	-0.074642647	-0.002677395	0.19605765	-0.006025579	0.168909624	0.053497017	0.280622997	-0.05564972	0.1248072	0.119217419	0.190518522	-0.034943031	0.073223423	0.113182319	0.365307078	-0.151346552	0.173834882	0.119721007	0.008277845	0.065261775	0.011984407	0.247575416	0.114884626	0.346608999	-0.075722469
UMARY	142	0.084998962	0.214691376	0.438989668	0.027937006	0.055949237	0.105195471	0.073903564	-0.028620747	0.06344573	-0.071068792	0.109907037	-0.014234674	-0.650730951	0.018716694	0.060523277	0.132840548	-0.075544029	-0.037931047	0.26262252	0.010918335	-0.025192975	-0.045338942	0.123084492	-0.114649118	0.195344893
UMARY	602	-0.22848786	-0.03527259	-0.256122144	0.017032002	0.104466342	-0.039507254	0.192302907	0.126068874	-0.041977335	0.187073234	0.013065661	-0.022262528	0.052322456	-0.072763028	-0.346869317	-0.090543568	-0.11028479	0.033173922	0.210065374	0.051132644	0.099786781	-0.01404203	-0.088321216	0.127939194	-0.210481037
UMARY	604	-0.063957405	0.059475749	-0.338977066	0.030578237	-0.028315829	0.078112707	-0.224639626	-0.109204208	0.000895429	0.043383129	0.040889325	0.00015632	0.462949886	-0.004545203	0.018550092	0.119043533	0.087707566	0.071726285	-0.126718488	-0.024275674	0.036037731	-0.005503699	0.033161572	0.035443099	0.233574592
UMARY	813	0.041197266	0.274183868	-0.16098506	0.082000908	0.09281832	-0.05365406	0.014265285	-0.090886021	0.007041633	0.011641045	0.050920924	0.021099851	0.09768192	0.069138286	-0.194448833	-0.031722518	0.136795016	0.035680717	0.023191423	0.05261418	0.054769922	0.022723437	0.024275613	-4.17E-05	-0.326422675
UMARY	819	0.104557759	0.075913253	0.04501586	0.026382908	0.031652824	-0.137685055	-0.061493665	0.024216041	-0.039186068	-0.049636571	-0.0454147	0.078999873	0.091937193	-0.004355165	0.043048917	0.23627411	0.071641268	-0.039396802	0.00124047	-0.046224089	-0.036234205	-0.071499759	0.027921801	-0.100563259	-0.16689284
UMARY	871	-0.044534913	0.245390482	-0.306664502	0.034307146	0.042515326	-0.193897013	0.114200248	-0.092381456	0.112134814	0.030145475	0.070250727	0.049878006	-0.011931933	0.031951896	0.008921377	0.031463388	-0.040962293	0.003707953	0.128642744	-0.01744401	0.070277891	-0.006809731	-0.009855611	-0.058602361	-0.551150297
UMARY	879	0.110371344	-0.084916878	-0.153128696	-0.036134496	-0.029666553	0.117730955	-0.163501103	-0.085940639	0.09895187	-0.062676947	-0.081586284	-0.043342487	0.019164329	-0.007790664	0.403084762	-0.143596394	-0.100309604	-0.058425255	-0.088837273	-0.073699286	-0.056065013	-0.096983052	-0.005501683	-0.170241607	-0.051948189
UMARY	880	0.234294617	0.216229029	0.390409628	0.225475031	0.157858767	0.192304161	0.18462067	-0.005918348	-0.227044229	0.129550491	0.131010765	0.048838694	-0.447957894	0.085520885	0.057731418	0.183174514	-0.040832492	0.177908608	0.301862335	0.136851333	0.178065254	0.198939561	0.206989385	0.24684322	0.001909763
UMARY	914	-0.099658575	-0.045428965	0.144287499	0.046640752	0.028941842	0.053465167	0.221221666	0.019681766	-0.192996566	-0.054107894	0.006472928	-0.093599109	-0.007973295	0.03441456	0.33276474	0.012628573	0.115358031	-0.059987247	-0.117602156	-0.044637711	0.030561692	-0.004684177	0.018293516	-0.036302725	-0.03431999
UMARY	933	-0.209198534	-0.105914649	-0.093492804	-0.064429398	0.040227029	-0.126990823	-0.076454153	0.046512848	0.168913105	0.122219242	-0.009204226	-0.023172885	0.40982042	-0.114571702	-0.127077862	0.029901524	-0.248549348	0.037421867	0.265240601	0.055446531	0.053872355	-0.001049184	-0.190458593	0.163997112	-0.326373052
UMARY	1028	-0.174972059	-0.308841801	-0.045548099	-0.111916148	-0.164537541	-0.227926096	0.07770367	-0.423384951	0.135800702	-0.208477231	-0.185298327	-0.163712417	0.055395115	-0.251446327	0.209186484	-0.451032562	0.023375124	-0.138142216	-0.087167132	-0.21599974	-0.1926662	-0.153252889	-0.142230843	-0.177787173	-0.129499662
UMARY	1037	-0.390143888	-0.191356742	-0.343311103	-0.144485746	-0.084069953	-0.230257272	0.159489131	-0.221840276	0.03379484	-0.055682946	-0.087219089	0.033921416	0.136351515	-0.107390304	-0.072410905	0.173663416	-0.064589048	-0.079139663	0.088263738	-0.122238957	-0.12157026	-0.035734975	-0.08827523	-0.061220838	-0.07185728
UMARY	1064	-0.170063012	0.022119445	-0.0442862	0.056589535	-0.020202555	-0.136682255	0.511327045	-0.041174776	0.005456293	0.164152055	0.110789778	0.109125504	0.089066002	-0.026689412	0.469882833	-0.16504586	-0.182022135	0.117506229	0.066102913	0.111388469	0.035770194	0.183021042	-0.0354801	0.153658208	-0.263706844
UMARY	1065	-0.010201751	-0.059787205	0.150836664	0.207217522	-0.020005447	0.019613047	0.257558974	0.043180069	-0.03904332	0.106499929	0.11521254	-0.091159255	0.157492529	-0.018283495	-0.27262282	0.151895565	-0.267408621	0.05438435	-0.02945321	0.22933346	0.225474592	0.153575964	-0.029347371	0.279127691	0.42012835
UMARY	1076	-0.135022171	0.185447694	0.115977195	0.043298112	0.060597556	0.118576726	0.349040607	0.040507732	-0.020666283	0.056474952	0.035662022	0.029736731	-0.108638788	0.024876465	0.52280942	-0.070652697	0.026996418	0.045262749	-0.047516443	0.017361558	0.02877695	0.024868159	0.018583914	-0.030063779	-0.236483506
UMARY	1078	0.058770135	0.225767791	-0.094239157	-0.295518487	-0.061118308	0.340397479	0.044017847	0.444768528	-0.245398407	0.12216303	-0.129010688	-0.253727184	0.134011437	-0.096814294	0.094134203	-0.402078569	0.053137775	0.149277281	-0.131768614	-0.083431219	-0.062993477	0.059376524	-0.04424127	0.116048163	0.215855366
UMARY	1079	0.019514444	-0.068764802	-0.182419227	-0.121987357	-0.087079473	-0.073751977	0.239042929	-0.058301173	0.188731767	-0.153058853	-0.178505224	-0.108586331	0.144789864	-0.157079332	0.198908987	0.074285371	-0.115175816	-0.20328492	-0.17785451	-0.196939997	-0.140610412	-0.187287169	-0.17108794	-0.104944775	-0.334588299
UMARY	1104	-0.000621736	-0.143255414	-0.140933247	-0.02786619	-0.013411014	-0.095004974	-0.125479258	0.000255808	-0.016007564	-0.047696601	-0.000878983	-0.083680235	0.168927065	-0.053623153	0.243430208	-0.210925642	-0.011684097	-0.038102883	-0.086522352	-0.055072862	-0.045828391	-0.051677709	-0.043168132	-0.038031799	-0.16777574
UMARY	1105	0.116330513	-0.103282066	0.002539172	0.069851707	0.050951454	-0.026428838	-0.332644487	0.045575891	-0.217283419	-0.004450139	0.010533493	0.068275533	-0.167170422	0.185477453	-0.295625766	-0.13884297	0.231280925	0.01608818	0.096549137	0.112641544	0.068768383	0.052772217	0.101128972	-0.080200902	0.396243124
UMARY	1114	-0.144447961	-0.043155978	-0.281772769	0.05613976	0.101283511	0.002660088	0.283608201	0.045794889	-0.038003607	0.126704936	0.126349719	0.052729676	0.031652911	0.047855598	-0.025477865	-0.292118362	0.106589869	0.089345763	0.108101296	0.101922191	0.095982279	0.105060434	0.043555922	0.092164554	-0.637591812
UMARY	1133	-0.870661887	-0.135835462	-0.114211772	0.135224646	0.135810489	-0.079234772	0.208338457	-0.011796392	0.264499862	0.183406943	0.223889299	0.114899546	0.406028944	0.208819858	-0.777621539	0.604985387	-0.009775309	0.216976742	0.412566919	0.275886847	0.227198119	0.293805411	0.114953746	0.349753224	-0.233141494
UMARY	1134	0.124861112	0.076003972	0.08396772	0.000841398	0.026905482	-0.208413476	-0.210558075	-0.057776277	-0.243327311	0.00204294	-0.007633741	-0.10799507	-0.089430231	0.088230588	-0.213094529	-0.124807349	0.139134054	0.020417595	0.038649578	0.070308919	0.089332903	-2.98E-05	0.106371016	-0.019144381	-0.042762541
UMARY	1136	0.137427193	-0.130819645	-0.132279947	-0.096290533	-0.08116457	0.045876393	0.18608329	-0.073317623	0.034736377	-0.024240005	-0.034298792	0.025649385	0.04310769	-0.014471948	-0.098229872	-0.253646226	-0.127333207	-0.081774329	-0.161660208	-0.020843171	-0.042050084	-0.008508899	-0.07777523	-0.057255132	-0.095389648
UMARY	1158	0.06822311	0.268499207	0.167288888	0.043573799	-0.024607678	0.016963843	-0.175288811	0.044530232	-0.06436939	0.04106049	-0.015743937	-0.033689688	-0.053102965	0.037863148	-0.423124341	-0.107727142	0.02147578	-0.058375707	0.214484789	-0.024665819	-0.04528832	0.006036755	0.07996742	0.011555565	0.092309169
UMARY	1170	-0.019206128	-0.112559928	0.126175967	0.028412834	0.050608726	-0.117440089	0.003856725	-0.005874907	0.059911369	0.049542731	-0.002183227	0.041656363	-0.117628877	0.054012704	-0.1083866	0.083111149	-0.02037641	0.021778718	0.064134173	0.002893005	0.054721842	-0.025818176	0.057378585	-0.02625508	0.135730164
UMARY	1206	0.006920764	0.039964474	0.545929379	0.008014854	-0.016636607	-0.181307644	0.208788503	-0.108398581	0.061883157	0.00930429	0.024962159	-0.034996931	-0.30377137	0.057071049	-0.030691583	0.181502718	-0.021874124	-0.032245407	0.234906503	0.029429593	0.084352557	-0.001235076	0.10408578	0.004285556	0.287742413
UMARY	1209	0.136269556	0.088187561	0.129421988	-0.003532159	-0.09395434	-0.028907992	-0.400630571	0.062067378	0.124976966	-0.011198669	0.009167151	0.062038788	0.226212605	-0.061207641	-0.438839532	-0.19211238	0.038407842	-0.110027709	-0.131360206	-0.097316134	-0.065968998	-0.048577438	0.038182183	-0.169793248	0.361335727
UMARY	1226	-0.13219375	0.033187167	0.106918655	0.000568282	0.05691054	0.047735216	0.068482966	0.036237397	0.143459295	0.082640584	0.065470799	0.056748034	-0.093824693	0.096843288	-0.102255376	-0.233830932	0.122181196	0.072301947	0.136935225	0.038294937	0.032329556	0.047884229	0.081016773	-0.011687364	-0.318591181
UMARY	1230	-0.125232356	-0.051186054	-0.113275521	0.078704552	-0.041965776	-0.046774432	-0.205788958	-0.011282493	0.217370396	0.039508342	-0.029030721	0.049287989	0.130262619	0.017839368	-0.092362886	-0.122006709	-0.054183827	-0.012775924	0.01686392	0.021007443	0.007790784	0.028930582	0.001177741	-0.039674759	0.118945011
UMARY	1260	0.057074161	0.038606687	-0.043692997	0.115165783	0.147712586	-0.157751556	-0.036036788	0.09610519	0.023353319	0.094949155	0.164010465	0.075146706	-0.124402683	0.188800985	-0.231423687	-0.192546112	0.157523455	0.109112389	0.022414246	0.1042272	0.115837264	0.133970596	0.087096965	0.053653031	0.077831237
UMARY	1326	-0.001594083	0.004889654	-0.188941199	0.080884409	-0.074279936	-0.14054445	-0.119635395	-0.107442976	0.093070452	0.052451278	0.022878286	0.02735913	-0.113355806	-0.001179659	0.021879931	-0.037061957	0.04544527	-0.098145839	-0.049025099	0.001113778	0.007040208	-0.010303882	-0.031777295	-0.090053498	0.072325414
UMARY	1454	-0.137077644	0.065485854	0.189934776	0.062231848	-0.024834618	-0.08687456	0.497727979	0.00728294	0.00930658	0.050677091	0.018653884	0.037803599	-0.238653983	-0.017425662	0.215876414	0.280192055	-0.066007895	0.038705461	0.230462019	0.001186761	-0.010762698	0.025959189	-0.004947195	0.044412792	-0.15709516
UMARY	1465	0.040188892	-0.122392871	0.181710736	-0.006192732	-0.03244779	0.007741955	-0.232021854	0.185805674	-0.126608696	-0.14823346	-0.051266856	-0.089560168	-0.32221042	-0.013669087	0.124608239	-0.116681319	0.01838376	-0.041494365	0.04623483	-0.05940709	-0.084756105	-0.062084208	0.103760576	-0.072763339	0.08950827
UMARY	1486	0.035865533	-0.02183429	-0.009460115	-0.105607745	-0.080378062	0.300274794	-0.00833867	-0.20807058	-0.165556214	-0.123910968	-0.021332795	-0.142532655	-0.005916142	-0.138530939	0.379309656	0.23233331	-0.054342077	-0.102148319	-0.186922894	-0.104716841	-0.085646427	-0.062643784	-0.160966234	-0.104003078	0.092515098
UMARY	1498	0.324690085	-0.032899343	-0.111428149	-0.048832479	-0.129255886	-0.05763091	0.012611839	-0.116287004	-0.159998176	-0.047736147	-0.115911622	-0.042526617	-0.206721494	-0.0061681	0.13426638	0.345580885	0.009349211	-0.104585759	0.00825285	0.02679208	-0.003217811	-0.129334232	-0.027308438	-0.145911336	0.058041029
UMARY	1502	-0.178191627	-0.169284471	-0.312714158	-0.12018731	-0.088125769	-0.002717688	0.218286071	-0.195056658	-0.015694053	-0.196143851	-0.174413726	-0.07039339	0.249785844	-0.188517981	0.301870106	-0.43790846	-0.075062507	-0.04304423	-0.026021364	-0.106714425	-0.0514516	-0.130361666	0.027057495	-0.101476336	-0.120405733
UMARY	1535	0.115615365	0.174278262	0.258745901	-0.043179509	0.059464879	0.006517344	0.00759471	0.001683465	-0.151818401	-0.013204214	-0.033814236	-0.003003815	0.13365677	-0.07648321	0.33622224	-0.20829969	0.080912178	-0.011639057	-0.014526337	0.088960779	-0.0070125	0.002292463	0.027802554	0.042548627	-0.056236293
UMARY	1540	-0.122625963	-0.252088096	-0.438887399	-0.069307169	-0.074992719	-0.080423089	-0.260499049	-0.127916917	0.085850562	-0.104523969	-0.120051275	-0.097887517	-0.111794889	-0.065685657	0.337982739	-0.442957613	-0.09783079	-0.062824994	-0.149142565	-0.020228306	-0.029327807	-0.144383571	-0.055914703	-0.119279079	-0.284721698
UMARY	1541	0.202043001	0.071270241	-0.090256211	0.10843892	0.063938618	-0.003190067	0.032481181	0.071802603	-0.09013189	0.063842458	0.154913955	0.074662888	-0.096460164	0.130170312	0.179597597	0.220338511	0.1704421	0.054307763	-0.018246499	0.073612671	0.059066146	0.064832113	0.110530699	0.077396841	0.09073025
UMARY	1544	0.207594518	-0.242413089	-0.341697704	0.036918672	-0.127942599	0.153815957	0.05538513	-0.006331128	-0.170570081	-0.027112277	-0.063586031	-0.096944509	-0.052463106	-0.061603998	0.242914976	0.10026967	-0.019510284	-0.031855844	-0.115255803	-0.066809081	-0.054392087	-0.091581872	-0.068079388	-0.007315443	0.269589116
UMARY	1545	-0.131631932	-0.094581501	-0.312555525	-0.056132675	0.131041152	-0.17486402	0.085727372	-0.027904822	-0.055885884	0.051350005	0.189160257	0.094186668	0.270445728	0.061602536	0.093393795	-0.070044705	-0.046591591	0.154827056	-0.012988836	0.022473738	0.127396923	0.206576628	0.054050156	0.221116597	0.142072551
UMARY	1568	-0.518883049	0.034506766	-0.090837537	0.004648007	0.201123235	-0.201170411	0.568996908	-0.025122212	0.078601417	0.024076684	0.075553703	0.002564519	-0.21982619	-0.044174076	0.41152398	-0.266781596	-0.039682575	0.079882759	0.076399743	0.10649358	0.031585111	-0.005914872	-0.080145944	0.106577146	-0.379875316
UMARY	1570	0.088506661	-0.01617943	0.024218646	0.012534622	0.032039343	-0.111660542	-0.401977274	-0.073678609	0.107561103	-0.079485383	0.004922422	-0.013721888	-0.038319521	0.061003291	0.108101639	-0.198714805	0.120684452	0.025719225	-0.067960031	0.023944008	0.030620913	0.007163548	0.120919516	-0.063294853	-0.153091409
UMARY	1571	-0.228990485	-0.1538253	-0.200897402	-0.006533066	0.062073369	-0.005104275	0.13841028	-0.050035907	-0.066769591	0.064639505	0.031910252	0.074971807	0.439241713	0.074761677	0.407951329	0.266199563	0.064464915	0.144154711	-0.044573525	0.120287959	0.139829292	0.059449566	-0.077262009	0.16146702	-0.245431235
UMARY	1578	0.107749306	0.045458188	-0.305731036	-0.035582249	-0.005206794	-0.195176779	0.10492139	-0.052560569	-0.115460082	0.024172586	-0.042017037	0.060023203	0.452140417	-0.066712357	0.162361918	-0.182482342	-0.0879771	-0.010339696	-0.177423287	-0.027801872	-0.027915855	-0.064918005	-0.052729014	0.132272804	-0.231428774
UMARY	1583	0.449784063	0.030798308	0.694538882	-0.017584041	0.089591808	0.453370874	0.615363618	-0.012286524	0.205277116	0.087901243	0.087177905	0.070366742	-0.574089697	0.11182618	0.305223658	0.394544851	0.062752721	0.140064248	0.036661169	0.078993669	0.106578765	0.073450991	0.102194595	0.033532137	0.039575461
UMARY	1584	0.115714964	0.226711399	0.072449722	0.009893733	-0.012156999	-0.01506754	0.028513642	0.066540273	-0.048208415	0.041811767	0.073041342	-0.055719836	-0.194330892	0.056192704	-0.068881892	-0.049109566	-0.112880454	0.085056699	-0.071575707	0.08482857	0.092453403	-0.01140274	0.018550023	0.174873234	0.136343479
UMARY	1611	-0.193387232	-0.199860683	-0.253195677	-0.052918389	-0.062736707	0.178806114	0.022545235	0.085031616	0.109136516	-0.038644305	-0.12841433	-0.098324857	0.232678294	-0.177670637	0.187682813	-0.145223141	-0.252710789	-0.032715543	-0.211310306	-0.050018177	-0.071474442	-0.128992342	-0.261212234	0.117355046	-0.169243541
UMARY	1612	-0.384435501	-0.098825641	-0.090129161	0.146079569	-0.083396836	0.06056028	-0.286906478	0.370958744	-0.151886001	0.041943334	-0.056199405	0.009382639	-0.143731656	0.003682888	-0.85827727	0.356832529	-0.024393386	0.119170911	0.065451171	0.081081617	0.038170526	0.224262889	0.036604649	0.147764549	0.286933319
UMARY	1613	-0.202415002	0.146040563	0.532122757	-0.055931938	-0.027441781	0.069036758	0.148685506	-0.023412189	0.289575481	0.112383066	0.131689016	-0.128027975	-0.134105409	-0.091716727	-0.47943592	0.033816402	-0.038903982	0.043852174	0.481212923	0.11296179	0.077435649	-0.029081904	0.027262551	0.173583381	-0.36356632
UMARY	1614	0.096294216	0.097797423	0.271614119	0.085879016	0.082446188	0.033923142	-0.240826118	0.147690797	0.071431569	0.046429401	0.004970771	-0.019207281	-0.055213637	0.068557896	0.222244036	-0.124215059	-0.013876597	0.084033627	0.05776688	0.03771387	0.045042972	0.041067476	0.040145812	0.150118977	-0.203499648
UMARY	1648	0.059199442	0.021523525	-0.13258322	-0.103578236	0.130859927	0.058106462	-0.201582851	0.045671183	-0.045647073	-0.069177877	0.079859898	-0.084134626	0.110378793	-0.002278482	-0.423633467	-0.244286553	-0.021380379	0.118767774	0.123516258	-0.005981304	-0.049600621	-0.004605049	-0.038857004	-0.039081653	0.092573986
UMARY	1652	-0.219380524	0.007933156	0.831724509	0.180375654	0.02192229	0.061959735	0.081693449	0.164297233	-0.000850297	0.063568058	0.015450715	0.006294292	-0.114255641	-0.097458687	-0.146768369	-0.243839747	-0.09885011	0.127575729	0.336582615	0.074567314	0.15284202	-0.013661425	-0.030067986	0.060656547	-0.306785611
UMARY	1668	-0.121242539	0.104815265	0.000793932	0.041411544	0.112876547	-0.031545396	-0.117528897	0.14082754	-0.097532449	0.153605085	0.06463069	0.065307631	-0.11796322	0.108761345	-0.346701252	-0.094344239	0.081619796	0.096476214	0.136392412	0.10613465	0.133404413	0.055930673	0.130366163	0.056140773	0.123165575
UMARY	1710	0.325183232	-0.064959678	-0.135121273	-0.025589424	-0.046156202	0.256080614	-0.349202141	0.030372103	-0.2162996	0.035825886	0.083918511	-0.157935018	-0.217248645	0.05956236	-0.195907481	0.324616454	-0.19824845	0.021748179	-0.060136869	0.01538498	-0.025528169	0.104441862	0.017517251	-0.065826656	0.221970167
UMARY	1712	0.138902918	0.141261958	0.274213702	0.045353001	0.075559563	0.000175675	-0.265327877	0.023159308	-0.065921604	0.028626554	0.104577204	0.042039503	-0.202457524	0.131368932	0.050362152	0.229808875	0.074984171	0.027764379	0.084419716	-0.0093813	0.065308071	0.022730891	0.103484005	0.012887565	-0.268090576
UMARY	1713	0.094923911	-0.131423406	0.092191575	-0.077785221	-0.068393488	0.207630209	-0.048600317	-0.094487603	-0.010121389	-0.041368774	-0.086056144	0.047651572	-0.128125561	-0.079712641	0.365087363	0.023878842	-0.12059537	-0.047472379	-0.197430484	-0.125965885	-0.019039108	-0.020974342	-0.025905242	-0.01120888	0.278306725
UMARY	1715	0.19796174	0.021253535	0.337464422	-0.028451999	0.108766148	-0.042947381	-0.336183861	-0.064441652	-0.061706457	-0.065241334	0.017741886	0.136508732	-0.178107287	0.022603163	-0.233323507	-0.094224069	0.17074368	-0.026490695	-0.002060034	0.042560549	-0.022934579	-0.048901043	-0.011579931	-0.064195972	-0.088565017
UMARY	1792	0.254371025	0.155275627	-0.08190654	0.052996531	0.061880276	-0.051494425	-0.039022103	-0.177773715	0.004892103	-0.018537507	0.041743195	0.100897198	0.117686811	-0.06142758	0.37107421	-0.017911419	0.003955443	0.020926531	-0.081265733	-0.022816915	-0.085766665	-0.007298874	-0.05565075	0.039271926	0.117299645
UMARY	1795	0.278926964	-0.088959615	-0.039247064	0.081637874	-0.062885057	-0.016312261	0.097468328	-0.001602742	0.050788895	-0.014595483	-0.024347895	0.107416018	-0.047898142	-0.035270133	0.033901397	0.159522066	0.002761182	-0.030080889	-0.056917617	0.000445146	-0.06780983	0.012773115	0.034066363	-0.016998983	0.161501931
UMARY	1797	0.034755339	-0.004744867	-0.316867899	0.021231406	-0.009256705	-0.209381038	-0.104185909	0.323083747	-0.163004943	-0.153547526	-0.055981277	-0.005735444	-0.002020697	-0.008977513	-0.096003982	0.093140465	-0.008130347	-0.000243721	-0.010769962	-0.056710148	-0.105550232	-0.154457677	-0.076199145	-0.095870923	0.377130189
UMARY	1825	-0.302172081	-0.029252013	-0.323173687	-0.012567786	0.01270192	-0.016963026	-0.248705629	0.003795364	-0.084036974	-0.076514199	-0.06724994	0.005135481	0.152573191	-0.089797737	-0.241285244	-0.176208061	0.098020029	0.013843246	-0.0425633	-0.109326662	-0.125820327	-0.064068631	-0.035960081	-0.09569753	0.177803591
UMARY	1827	0.379561335	0.003432826	-0.192290047	-0.035960256	-0.075984687	-0.184802429	0.257448567	-0.165967713	-0.075811703	0.001667866	0.003143051	0.004021159	0.167304299	-0.012964726	0.179526842	0.141583225	-0.053393044	0.094590979	-0.149050642	0.00458082	-0.042389861	0.011887918	-0.022821607	0.071276583	-0.167891465
UMARY	1830	-0.162793456	0.060968167	0.268429746	0.117621506	0.093915009	-0.073447359	0.310270078	-0.053662011	0.067432166	0.159135209	0.109929295	0.111693476	0.076401978	0.133042247	-0.13090297	0.198707994	0.212233084	0.123271342	0.11113998	0.144553303	0.151711661	0.106889461	0.162801314	0.098667198	0.159658381
UMARY	1846	0.093314916	-0.11623852	-0.027943594	-0.066881488	-0.030508642	-0.25020401	0.283548641	0.059244006	0.04767862	-0.053894896	-0.045894412	0.103596979	-0.082275916	0.036434562	0.246504423	-0.076012176	0.098157502	-0.075469232	-0.013656137	-0.026509639	-0.042867493	-0.029443816	-0.007925382	-0.130927374	0.010584475
UMARY	1847	0.440809029	-0.062346746	0.302178975	-0.008531831	0.024296777	-0.114722064	0.025727018	-0.125698434	-0.209650792	-0.055100894	0.017103837	0.072192686	-0.071576892	-0.020510226	0.06679486	-0.124828818	-0.037908836	0.012826202	-0.121009893	-0.031060659	-0.023224184	0.035864919	0.064593693	0.028149171	0.602536656
UMARY	1849	-0.312661549	0.071136695	-0.010211213	-0.033288371	-0.0739702	0.709858524	-0.059481476	-0.106477291	0.142704207	0.003370982	-0.051332032	0.082206126	0.176035859	0.071292412	0.410254621	-0.336096844	-0.011013168	-0.052519212	-0.173418509	-0.045197532	-0.084800832	-0.030934416	-0.04576095	-0.030353056	-0.272878801
UMARY	1862	0.199818125	-0.060287558	0.008595047	-0.002863415	0.097360166	-0.184321322	0.281609908	-0.052558148	-0.174893699	0.029764966	0.175145033	0.0199889	-0.03504276	0.141848934	0.102714204	-0.192432591	0.078983764	0.123583081	-0.30419977	0.03802898	0.109164067	0.145274207	0.071939076	0.116865077	-0.193281805
UMARY	1865	0.232039408	-0.037965518	0.006325057	0.000869986	0.018046247	-0.189066344	-0.061333376	-0.050837463	0.212242053	-0.069663169	-0.022826997	-0.026511648	-0.137068822	0.028062605	-0.147390697	-0.287359041	0.062915195	-0.020984951	0.002058854	-0.067983874	0.0355614	-0.02493498	0.009608813	-0.003246208	0.122690603
UMARY	1866	0.020094035	-0.040967949	-0.036217464	-0.113903941	-0.180430263	0.321270183	0.151124325	-0.093423053	0.116966322	-0.094785559	-0.084006035	-0.185185769	-0.143804663	-0.130952324	-0.126967093	0.177976427	-0.108025873	-0.136954036	-0.074773514	-0.149404836	-0.099644352	-0.078785768	-0.094372643	-0.108114162	0.227644979
UMARY	1867	0.070244226	0.095762101	-0.086657905	-0.065498716	-0.050479186	-0.205223543	-0.042598213	-0.207746261	0.196812395	-0.063764357	-0.026588568	-0.029169578	0.136536428	-0.001602266	0.091733866	-0.28014354	-0.059657145	-0.035268661	-0.15312659	0.071109111	-0.094358746	-0.031193022	-0.010729619	-0.071666676	-0.034692774
UMARY	1902	0.243631778	0.087354368	-0.033868737	0.057788263	0.033163326	-0.158624009	-0.128759651	-0.051308773	0.039768043	-0.02838954	0.030097121	-0.009306807	-0.123406145	0.026278939	0.03368882	0.263451595	0.025187328	0.045992868	0.058832707	-0.099003571	0.051368157	-0.022850893	0.086185728	-0.05203262	0.063294563
UMARY	1903	-0.082651571	0.018962871	-0.142818085	0.02687315	0.038821203	0.123652155	-0.076604362	0.058886722	0.124379987	0.094953659	0.106458099	0.083208643	-0.008307435	0.029681253	0.051242784	0.103683913	0.073835452	0.086521039	-0.086794137	0.029224352	0.051914828	0.032034775	0.048600599	0.092159359	0.160031375
UMARY	1907	-0.236204455	0.030340311	-0.064405381	-0.139984325	-0.157887073	0.124698323	-0.127319284	-0.061265498	-0.210050959	-0.099541231	-0.157112409	-0.079935734	0.197546274	-0.09994711	-0.008094205	0.254561911	-0.12023877	-0.029235847	0.015002615	-0.103546631	-0.079924411	-0.07233804	-0.207286834	-0.047165282	-0.288000881
UMARY	1917	0.253312935	0.02556424	-0.025757523	-0.054323912	-0.016267226	-0.118885783	0.219631319	-0.103475884	0.004073785	-0.038436554	-0.044470851	0.020317091	-0.068888078	-0.072068422	-0.200494925	0.162893363	-0.059910155	-0.051883942	-0.189727792	-0.05926774	-0.024627424	-0.017829893	-0.019235572	0.039342004	0.237955156
UMARY	1935	-0.030990979	0.097153692	-0.105294328	-0.129965224	-0.118274857	-0.144543672	0.355517513	-0.132474943	-0.144388141	-0.106502135	-0.134085346	-0.075084191	0.24404453	-0.188770955	0.081535937	-0.168851591	-0.090557319	0.02054973	0.138889483	-0.14724102	-0.151794426	-0.095537533	-0.159684072	0.020506079	-0.288172684
UMARY	1936	0.165529839	-0.102433795	0.02859197	-0.084406462	0.061339507	0.542045685	-0.155276933	0.116313381	0.064096124	0.054385953	-0.011854563	-0.053056479	0.392890879	0.132532176	0.048463936	0.216788093	0.083955705	0.070117837	-0.257896784	0.042366705	0.061510752	-0.021073278	-0.039082275	0.129031775	-0.336716702
UMARY	1939	0.912322999	0.112180366	0.449046666	0.190405983	-0.277171896	-0.309324918	-0.822664439	-0.406233153	0.553694561	-0.304721203	-0.194804664	0.387334546	-0.615801895	0.37756138	-0.193483614	0.68782912	0.706875528	-1.07985214	-0.440610495	-0.489622914	-0.519172701	-0.121663712	0.198047911	-1.419592499	1.30330045
UMARY	1940	0.19534402	0.043307459	-0.008981318	0.032386467	-0.089456413	0.818842787	0.010783503	-0.060977775	-0.373217942	-0.034082413	0.027078523	-0.084263035	0.141537454	-0.003093594	0.068295774	0.045376952	0.004221917	0.101138556	-0.133556067	0.050856457	0.13256037	0.034830852	-0.054017118	0.239042742	0.096556244
UMARY	4263	-0.12363447	0.171759057	0.19457089	0.18834067	0.223812978	-0.078967888	0.337600769	0.330659361	-0.003210481	0.02371133	0.016434431	-0.107346917	-0.556665745	0.069997934	-0.344439205	0.091640149	0.025456367	0.021484894	0.040621625	0.166370624	0.048265457	0.033993417	0.101745265	0.055939577	0.140402224
UMARY	4540	-0.510784151	-0.179343287	-0.231875242	-0.08073602	-0.109339739	-0.149266126	-0.0812764	0.009850363	-0.132475859	-0.145365878	-0.127679214	-0.014906717	0.061547606	-0.082328817	-0.628781953	0.267578274	0.195323568	-0.107711317	0.254988254	-0.065761084	-0.195089561	-0.156690769	0.004952325	-0.293640155	0.07310426
UMARY	4542	0.164112573	-0.158021058	-0.231948035	0.103566546	0.14481223	-0.283519925	-0.035568738	-0.066715205	0.000335193	0.018380093	0.036886382	0.209846559	0.242074785	-0.07312584	-0.25728525	0.146814692	0.067737948	0.021694623	-0.150149108	0.020938488	0.018804568	0.069019901	0.01578956	0.129618207	0.171789874
UMARY	4543	0.076034623	-0.033404023	-0.257382596	-0.095491616	-0.039983719	-0.210523635	0.047311068	-0.060385757	0.016913784	-0.060283054	-0.085855346	-0.152790855	-0.075212645	-0.022326798	0.070785588	0.039094612	0.069116965	-0.065808861	-0.059630936	-0.114519451	0.012540092	-0.058190641	0.017425057	-0.079494996	0.215620852
UMARY	4549	0.17454438	0.241588069	-0.178346221	0.038154211	-0.093766064	-0.319198037	-0.204457217	-0.09161866	-0.038781766	-0.053933757	-0.012465727	-0.080240222	0.022089756	-0.007795724	0.214062283	0.339517119	0.0574433	0.039757276	-0.195888653	0.054844164	-0.012117769	0.032258055	0.047096527	0.006962316	0.096130609
UMARY	4590	-0.025798424	0.149456837	0.130700954	-0.004818559	0.109180083	-0.168622553	0.310341406	0.045749037	0.301822678	0.089779427	-0.047543856	-0.072628224	0.352506015	-0.09570279	0.099125294	0.139451032	-0.319100441	-0.047842123	-0.13068129	0.008351824	-0.050182371	-0.038855426	-0.146431552	0.102348394	0.194486959
UMARY	4593	0.011047608	0.084756332	0.138078391	-0.009562078	0.047707468	0.018855187	-0.081004653	0.042325531	-0.170558957	-0.076592977	0.002346412	-0.040252436	-0.134950615	0.023441252	0.287737586	-0.161912299	0.058897215	-0.007751375	0.021274849	-0.072774266	-0.014044942	-0.022104748	-0.039239342	0.027754776	-0.179098841
UMARY	4598	0.141358067	0.039078611	-0.045037425	-0.042659132	-0.055665904	-0.084881935	-0.021836286	-0.094646356	0.128803451	-0.006548477	-0.114550616	-0.055048373	0.160920736	-0.067210329	0.228806088	-0.2173406	-0.035240301	-0.006822318	0.062615733	-0.075702437	-0.026778261	-0.073961758	-0.049509186	0.022777062	-0.148758766
UMARY	4636	0.176084462	-0.115165896	-0.22542179	-0.01260414	-0.06600579	-0.092399578	0.051187656	-0.178530723	0.007721954	-0.073504822	-0.076748959	0.023173133	0.151240338	-0.062154172	-0.029941446	0.097579815	-0.064546961	-0.028160497	0.127362037	0.008014944	-0.093610837	-0.065129743	-0.090615521	-0.069643693	-0.103395664
UMARY	4640	-0.104798212	0.391766713	0.35696787	-0.010824986	-0.155998895	-0.109893964	0.133003521	0.031569665	0.227568065	-0.097263924	-0.090677704	-0.120505609	-0.050952085	-0.008073136	0.180634179	0.098126291	0.015392499	-0.168828004	-0.058744516	-0.056367882	-0.102785035	-0.046726869	-0.12874617	-0.000977557	-0.269290746
UMARY	4725	0.033590091	-0.027724077	-0.173928472	0.014171316	-0.149277316	-0.028915382	-0.069588945	0.001594249	0.071083319	-0.023655987	-0.099894625	-0.050678402	0.084619531	-0.061800145	0.116454831	-0.101551468	-0.116743083	-0.123059793	0.003973751	-0.070762074	-0.051673794	-0.172155511	-0.044194819	-0.105606173	-0.056437811
UMARY	4726	-0.046719549	-0.082345228	-0.068227079	0.06414841	0.041384051	0.067238209	-0.165491989	-0.085899869	0.102166343	0.016896944	0.024602517	0.052762024	0.358539588	0.00562313	-0.024334167	-0.132818825	0.017405107	-0.001576209	-0.008187872	-0.00231733	0.011776491	0.034282963	0.04431951	0.012476828	0.124253485
UMARY	4727	-0.536047419	-0.175518393	-0.422198803	-0.053100586	0.084996174	-0.076401988	-0.12804676	0.072484998	-0.05431141	0.00994236	0.070300838	0.166284069	0.310830117	-0.033660829	-0.385981526	-0.14224601	-0.01271712	0.059531006	0.229845086	0.059737791	0.023654926	0.096829798	0.097172979	0.048240208	-0.136171129
UMARY	4729	-0.062021519	0.108054524	0.33146611	0.107975264	0.048985582	-0.030193574	-0.337550175	0.123155941	-0.022676165	-0.006213045	-0.019205194	0.035984256	-0.130638688	0.118454345	-0.084898219	0.109201399	-0.0001554	0.042859557	-0.001489041	0.02833244	0.068333557	-0.009433854	0.034923141	-0.115866843	0.166409262
UMARY	4782	0.266184314	0.030032195	0.047579842	-0.046147044	-0.14413086	-0.060610483	-0.159810979	-0.030768723	0.071561871	-0.026347661	-0.146446363	-0.092257852	0.130751757	-0.055220697	0.06609635	0.288068981	-0.127442719	-0.108322132	-0.281521939	-0.028705923	-0.0933375	-0.157130008	-0.16799397	-0.17232713	-0.017797326
UMARY	4786	0.188000799	0.117413864	0.11665096	-0.054366182	0.080039345	0.157439069	-0.319192963	0.034423035	0.262632575	0.053395796	0.023546932	-0.054843285	0.113571967	0.097255759	-0.441317995	-0.239373907	0.072882649	0.024856915	0.129003797	0.055174133	0.065898311	0.012689579	0.157196354	0.006096424	-0.142228845
UMARY	4788	-0.616018535	-0.316573091	0.330787808	-0.067610737	-0.235001351	1.179000508	-0.777008623	0.806699653	-0.137672614	-0.127738474	-0.168455252	-0.10427801	0.044276656	-0.102471061	-0.115506919	-0.549830879	-0.108779036	-0.316083092	0.289301465	0.019341589	-0.261734054	-0.176132238	-0.178706419	-0.07459347	-0.29104852
UMARY	4789	-0.469449634	-0.177318912	0.174419711	-0.183851404	0.072344722	0.091847472	-1.121108815	0.688073695	-0.372891149	0.22724767	0.054494593	0.17555928	0.030890932	0.125874241	-0.392201062	0.299589976	-0.084315755	0.200466197	0.250749262	0.045143032	0.17824877	0.208218339	0.07363318	0.17015791	-0.162167381
UMARY	4841	-0.062929666	0.040540858	-0.163207223	-0.066971742	0.007859557	0.174392966	-0.203733394	-0.007443017	-0.20273314	-0.044296443	-0.009808991	-0.038150382	-0.088299854	-0.060022006	-0.311707632	0.233711669	0.013876207	0.006668233	-0.066298136	-0.038160689	0.008770945	-0.033813984	-0.032512739	-0.029993124	0.468735058
UMARY	4842	-0.386945404	-0.003204874	0.267761073	-0.03659147	0.055567516	0.00497989	-0.016028456	0.019967375	0.138079774	0.097961366	-0.008862283	-0.054631478	-0.770730292	-0.030732243	-0.205755897	0.54570167	0.018342192	0.070522386	0.426392624	-0.031293079	0.229018114	0.019666324	-0.006780739	-0.005786483	-0.198081891
UMARY	4903	-0.098908897	-0.022448948	-0.188465621	0.003558946	-0.081408154	-0.167271264	0.113613981	-0.129852126	-0.114843442	0.035116448	-0.051336815	0.04055213	0.017796655	-0.043717383	-0.152273475	0.307031455	-0.194524447	0.011040652	-0.204990735	0.050370907	-0.01306591	0.01252707	-0.073616365	0.067284615	-0.20080464
UMARY	4915	-0.208222592	0.011213564	-0.180232667	0.110691075	0.084696094	0.048606698	-0.026226951	0.038961376	0.181752828	-0.00186367	0.07549732	-0.007999148	-0.132819029	0.054079888	-0.177140889	-0.209564708	0.111124761	0.082578926	0.149980744	0.076772498	0.046370071	0.07719272	0.116878322	-0.005147213	0.103215343
UMARY	4916	0.003769429	-0.235260438	-0.151739123	-0.11954009	-0.023342753	-0.035761651	0.079853836	0.078348926	-0.036672054	-0.110775858	-0.060197662	0.020850537	0.005178373	-0.078764902	0.242097097	-0.163895844	-0.059023886	-0.024494234	-0.161214092	-0.093347496	-0.042390179	0.024656584	-0.039873515	0.04321552	0.051194264
UMARY	4924	0.487630001	0.070317374	0.561236185	0.181222048	0.131553861	-0.02691848	0.356105395	-0.045147685	-0.014675515	0.060154067	0.25390555	0.386211378	0.032482268	0.192207277	0.090922724	0.096182723	0.230212919	0.035791991	0.2906836	0.257470777	-0.081579183	0.134546264	0.207581318	0.072366035	0.960817677
UMARY	5024	-0.002362636	-0.164441257	-0.595738909	0.000370372	0.046129084	0.470808186	-0.095978144	0.266425795	-0.2055144	0.038141938	0.049233744	-0.023029335	-0.540050215	-0.018220924	-0.061105651	-0.202825866	-0.032859702	0.051505385	-0.291161537	0.032399907	0.050111045	0.115272888	0.02444804	0.041859717	-0.145272621
UMARY	5028	-0.057836032	-0.038560573	0.296127668	-0.077598853	0.00549921	-0.096434582	0.482559669	-0.157962991	0.389291663	-0.005797003	-0.020030336	0.010193985	0.300466008	-0.046565049	0.39795181	-0.250668331	-0.061429442	-0.078626002	-0.238629727	-0.073757232	-0.073166504	-0.007395058	-0.099303477	-0.02254963	-0.012579826
UMARY	5078	-0.19486853	-0.148106432	-0.181930021	-0.121863039	-0.053101721	-0.070290259	0.06422108	0.023377753	-0.091147629	-0.086845378	-0.087679203	-0.149182764	0.387525428	-0.092852508	-0.113650204	-0.098526411	-0.012438289	-0.038991521	-0.093155272	-0.10322355	-0.127390874	-0.063202509	-0.054912879	-0.035595935	-0.065209601
UMARY	5079	-0.003471382	-0.109057123	-0.171434761	-0.016548952	0.042816545	-0.04972604	-0.017720717	-0.050845382	0.086354917	0.046781771	0.04577893	0.032113264	0.186697159	-0.028754548	-0.416142682	-0.090114825	-0.025214136	-0.010512403	-0.040752214	-0.016836132	-0.03058124	-0.033024506	-0.007261612	0.033475965	-0.092096821
UMARY	5081	0.29564268	0.092014251	0.054018067	-0.032234004	0.010764858	-0.097639414	0.332527933	-0.183669917	-0.139296879	-0.007431294	-0.016091569	0.021280134	-0.058390958	-0.056224177	0.305258212	-0.151514434	-0.018934319	-0.005685	-0.002681379	-0.078019482	0.034674827	-0.073242514	-0.083724425	0.01799316	0.028214373
UMARY	5086	-0.001009416	-0.040011265	0.259024906	0.04589521	-0.09193453	-0.020247238	0.048112721	0.014101927	-0.121753015	0.100991104	0.089405859	0.007838768	-0.012384069	0.096363536	0.489978035	0.236307885	-0.018893556	0.081573251	-0.201709999	0.052675959	0.023926909	0.121236705	0.019828867	0.080537545	-0.021602184
UMARY	5087	0.204656347	0.183524609	0.290490991	0.048340052	0.109423949	-0.044634125	0.242362623	0.040385462	0.089454077	0.156065634	0.140408954	-0.006871521	-0.012964818	0.075568253	0.063499939	-0.112855263	0.065242338	0.117262431	0.088376667	0.091198695	0.084140867	0.105709285	0.098339237	0.103169021	-0.092272589
