FID	IID	1	2	3	4	5	6	7	8	9	10	11	12	13	14	15	16	17	18	19	20	21	22	23	24	25
BLSA	745	0.241592458	0.858752172	-0.602528943	0.231567255	-1.333834437	0.146590493	0.227946069	0.251531698	-0.134397577	0.104170928	-0.429776473	0.693828185	-0.107394349	0.49320356	-0.09918847	-1.432450117	0.370702787	0.600259987	-0.030316254	-0.208769393	0.46396517	0.810119261	-0.288265509	0.166736028	0.290440408
BLSA	827	0.19778941	0.809673751	0.220640587	0.655981583	-0.974721403	0.104755867	0.454682493	0.396247941	-0.640476942	0.431506387	0.378388677	0.388001978	-0.06313816	-0.019248192	-0.157212814	-0.698455548	0.674144235	0.328972483	-0.08206335	-0.102361496	0.662112272	0.520469668	0.217556443	0.299034254	0.227982383
BLSA	1556	0.01423611	-0.381931024	-0.039042607	0.123036228	-0.232321271	0.212401631	0.371585462	-0.04834223	-0.333905972	-0.159226969	0.086581621	0.290315981	-0.016159787	0.120626388	0.230566624	-0.06087277	0.411597266	-0.048066989	-0.157508092	0.196387186	0.124687545	0.031550904	0.328583994	-0.054905761	0.011806914
BLSA	1579	-0.013635282	-0.04607206	0.395715352	0.23076135	-0.251467892	-0.068344959	-0.233828042	-0.205433876	0.312070213	-0.260012778	0.377509109	0.014320312	-0.177674773	-0.228065595	-0.170900263	0.293460032	0.051082719	-0.280930924	-0.304312485	-0.144186201	-0.315223684	-0.274710485	-0.055943295	0.066323127	-0.259583378
BLSA	1595	0.375407871	0.996441227	-0.72983064	0.482663829	0.003353411	0.654878279	0.102847184	-0.235641815	-0.218712261	-0.272125525	0.277889977	-0.713415491	-0.269835501	0.809676392	0.755263475	-0.40451276	-0.030188376	0.676262345	0.510876378	0.489248389	-0.199580552	0.136913862	-0.492845098	-0.303102604	0.488390816
BLSA	1603	-0.331194943	-0.322939882	0.004935083	-0.447709587	0.59415076	0.087795503	-0.334337792	-0.015236503	0.617466368	-0.135786588	-0.694485083	-0.613393859	0.014183811	-0.089950905	0.013057313	0.322244771	-0.500212789	-0.189583687	-0.053351037	0.207913928	-0.141864753	-0.263780621	-0.164217716	-0.018108327	0.07096545
BLSA	1640	-0.011137698	-0.16590779	0.134299678	-0.191551692	-0.025651528	-0.011819631	0.051718379	-0.026830823	-0.282468582	0.277807637	-0.119312945	0.294174718	0.108031863	-0.088178197	0.048436729	0.245438852	0.616057325	-0.087033606	0.006123346	0.02542993	0.124492393	0.138519998	0.58070438	0.060346117	0.150555702
BLSA	1775	0.26186598	0.192846716	-0.114650434	0.547972188	0.396370935	-0.324229526	0.168544849	-0.228304651	0.035992164	0.255018101	0.778279707	-0.426630629	-0.200562148	0.013534454	-0.110856594	0.051037542	-0.599513687	0.046298632	0.490224771	0.089810783	0.178595247	0.392211176	0.010036623	-0.109289177	0.062068715
BLSA	1802	-0.261515718	-0.162310538	-0.086186041	-0.135505006	0.591185313	-0.126610185	-0.129884697	0.021810349	0.343838418	-0.091811546	-0.278401448	-0.344346113	0.107158211	-0.077795225	-0.247928699	0.320283719	-0.28237399	-0.050994229	-0.06857613	-0.292077768	-0.213137501	-0.377775434	-0.145381166	-0.021675019	-0.168034508
BLSA	1805	-0.303296785	-0.19789621	0.162413077	-0.6020238	0.515865053	0.042037961	-0.344615698	-0.152995991	0.499724699	-0.27806414	-0.340528174	-0.594541527	-0.076645138	-0.302771217	-0.056024373	-0.131802691	-0.470102194	-0.284037082	-0.390621975	-0.058054873	-0.307449716	-0.42447411	-0.13417518	-0.215315277	0.158286395
BLSA	1838	0.091523381	0.019775195	0.280618175	-0.030954994	-0.173293981	0.011903135	-0.003565624	0.017317151	-0.119065854	-0.169000905	-0.275029879	0.174171766	-0.036691262	-0.028230507	-0.09998927	-0.265078437	-0.157737371	0.075806267	-0.055755227	-0.017636959	-0.106704171	-0.154001747	-0.049999879	-0.030100834	0.003058504
BLSA	1839	0.088174251	-0.454901106	0.065746247	-0.286038366	0.239711054	-0.07643764	-0.207124852	-0.022074674	0.402129823	0.180815143	-0.593755616	0.088064112	0.11906823	-0.204634202	0.067568639	0.030875311	-0.199933561	-0.321109431	-0.440727076	-0.156033144	-0.084859918	-0.258889143	0.194940657	0.042550467	0.041998628
BLSA	1840	-0.147646306	-0.053990177	-0.109250486	-0.150057263	0.331945305	-0.191795694	-0.213333473	-0.140312468	0.004877055	0.175393468	-0.036915883	-0.035287195	0.007634757	-0.301369714	-0.156624678	-0.196940803	-0.130586096	-0.276583808	-0.098379382	0.002637607	-0.076612897	0.145006624	0.175465302	-0.031522163	-0.189805529
BLSA	1883	-0.119560868	0.008249036	0.188427309	0.110471466	-0.039092897	-0.203189221	-0.176135326	-0.093455951	0.003742219	-0.170418251	-0.279564623	0.195961827	-0.161778366	-0.135371353	-0.102030909	0.578299593	-0.018716922	-0.211645743	-0.083029233	-0.125495113	-0.170756711	-0.243488281	-0.04841321	-0.044929724	-0.059080403
BLSA	1889	-0.13242339	-0.335319141	0.045095362	-0.174403007	0.313069773	-0.214485123	-0.258686217	-0.007771991	0.374644743	-0.1121936	-0.177580533	-0.247484373	0.066905154	-0.180850741	-0.07128856	0.590615387	-0.298086167	-0.205957857	-0.116290959	0.04957211	-0.125816056	-0.134517932	-0.063959071	-0.010902895	-0.0888647
BLSA	1924	0.206594232	0.231806973	0.126351614	0.166678111	-0.1742757	0.054843226	-0.15906244	0.007208899	0.057353151	0.049380383	0.028275145	-0.075238252	-0.047267534	-0.1813324	0.14628125	-0.329061431	-0.551641038	-0.079855931	-0.151129137	-0.213430188	-0.113050041	-0.341075826	-0.106244531	-0.089863143	-0.252021982
BLSA	1961	-0.27930865	-0.512946631	0.433242784	-0.343529689	0.339235354	0.345145253	-0.283545672	0.090662552	0.004413244	-0.051908719	-0.511466228	-0.405264956	0.228318016	0.014940512	0.178637674	0.203551957	-0.054387158	-0.066129864	-0.244574626	0.068464999	-0.118845056	-0.046119075	0.256128439	-0.115377725	-0.01736751
BLSA	2000	-0.004177087	-0.302958402	0.259534515	-0.342262948	0.517203311	-0.134568269	-0.047577514	-0.083939517	0.413357139	-0.026871446	1.477387814	-0.076890132	0.02290086	-0.05771749	-0.145229311	0.579501872	-0.215846871	-0.117782521	0.135401757	0.20968318	-0.009124592	0.447453958	0.075751405	0.114327112	0.012930109
BLSA	2020	0.118614441	0.170900162	0.087677185	0.245844115	-0.548015299	-0.083868363	0.062108598	-0.026214039	-0.257387614	0.039887545	-0.033697611	0.407572713	-0.025952224	0.133510759	-0.036885764	-0.543700955	0.293796558	0.21769085	0.143522691	-0.13965852	0.093500386	0.084403089	-0.164815336	0.011990674	-0.064529344
BLSA	2037	-0.200633696	-0.217075156	-0.004287302	-0.057836534	0.18475488	-0.285259887	0.132533256	0.026542386	-0.579681117	0.096549006	0.367239225	0.083889058	0.171062873	-0.091789222	0.033155391	0.378018987	0.059017032	-0.061404132	0.210690084	-0.049702762	0.064939144	-0.111565606	0.310882964	0.317426731	-0.186427999
BLSA	2066	-0.013845742	-0.15567457	0.062194097	0.105003524	-0.081124696	-0.048461089	0.036524847	-0.035999972	0.281736918	-0.015165995	-0.213740791	-0.217106484	-0.101603628	-0.092479796	-0.047028431	-0.225816536	-0.204876855	-0.116461996	0.128251501	-0.110044037	-0.159541464	-0.012206034	-0.226044536	-0.079396901	-0.128820417
BLSA	2069	-0.206576354	-0.157954413	-0.245623705	-0.603779161	0.052101382	0.095476672	0.00855912	0.258377216	-0.25477767	0.189211694	-0.331561707	0.090441413	0.351491716	0.033883681	0.010819698	0.295801927	0.15880815	0.049870628	0.184277122	-0.004221435	0.265833658	-0.184919534	0.199160495	0.108633394	-0.087032454
BLSA	2093	0.127182535	0.105237164	-0.002037508	0.199848592	-0.229968912	-0.046867475	0.02538437	-0.122013526	0.421846708	-0.194925108	0.26189318	-0.07903157	-0.005955054	-0.131977338	-0.044094922	0.207671577	0.008806694	-0.149279458	0.130155948	0.153347249	-0.16305675	-0.216689555	-0.471071781	-0.017632187	-0.255818093
BLSA	2102	0.301971848	0.074194704	-0.5334534	0.265823805	-0.015178514	0.060109044	0.749262722	0.374869835	-0.95231927	0.137771278	0.282372537	1.107888519	0.093902432	0.592386347	0.061496264	0.19189052	1.070190309	0.551696066	0.337111364	0.129176527	0.327498047	0.337564844	0.062165606	-0.045246167	0.238902291
JHU	384	0.00198701	0.043311624	-0.536704043	-0.262287747	-0.089078994	0.033307353	0.060329879	-0.005710372	0.061298366	-0.031362944	-0.450760819	0.045286402	-0.024089039	-0.105095353	5.87E-05	0.068160408	-0.221078426	-0.043064993	-0.216596142	0.014152965	-0.119347216	-0.158320876	-0.206582298	-0.232494812	0.100682186
JHU	705	-0.115709605	-0.112975478	-0.538485716	-0.133600023	0.441296511	0.016309104	-0.179507688	-0.143017041	0.497432255	-0.129333741	-0.023475588	-0.288322722	-0.015922019	0.05748457	0.090264318	0.621445687	-0.426410397	0.077907883	0.102872372	0.160610963	-0.217071143	-0.174981333	-0.19027994	-0.284505568	0.052005077
JHU	710	0.038594551	-0.233481005	-0.408499248	0.177858408	0.103859285	0.186428849	-0.041727975	-0.024223324	-0.058399067	0.092884451	0.040456455	-0.064252506	0.110399098	0.047292983	0.097730635	0.037863718	-0.000161746	0.028909142	0.338791909	0.04140632	-0.076116601	-0.089970473	-0.071944103	-0.093933738	-0.046057064
JHU	712	0.330465995	0.081405474	-0.165707264	0.236557509	-0.395486027	0.173884516	0.093487382	-0.041995369	-0.165608411	0.070558818	0.308032513	0.278544642	0.117053099	-0.015928881	0.080080052	-0.398670092	0.011063121	-0.057258129	-0.032257787	-0.02511306	-0.028871782	0.316037413	-0.158524026	0.058703048	0.076702843
JHU	713	0.004683205	0.734338153	0.909260495	-0.180561462	-0.376664689	-0.704371808	0.413800314	0.226663393	-0.569250413	0.058896021	0.031188302	0.342871916	-0.697528066	-0.219776341	-0.262099002	-0.123147571	0.748505933	0.355200064	-0.081099141	-0.263074922	0.76424237	0.432504544	-0.453076873	0.315902076	0.238384346
JHU	719	-0.12067279	-0.448418825	0.376439112	-0.282725787	0.239334207	0.195594871	-0.13863849	0.007930388	0.397999019	-0.064661421	-0.177438302	-0.408907757	0.172055296	-0.02670015	0.07776537	0.239226089	-0.313058271	-0.30784968	-0.244055694	-0.085121377	-0.175224714	-0.166126733	0.004902783	0.104248882	0.048953747
JHU	993	0.026973408	0.418281255	0.003951659	0.3274813	-0.3859517	-0.060520741	-0.073547673	-0.030169854	-0.518233898	0.058727706	0.203990519	0.259506641	0.304663078	0.219939251	-0.111457704	-0.369752802	0.338659974	0.179103241	-0.113621583	0.163056635	-0.101245241	-0.165202718	1.007462543	0.152835432	-0.397767365
JHU	994	-0.205385548	-0.215231984	0.138186604	-0.016359251	0.463638391	-0.017550073	-0.198085609	-0.068023311	0.39995693	-0.144611678	-0.187956663	-0.172002969	-0.038094346	-0.087148642	-0.034724915	0.398370748	-0.211852899	-0.206489548	0.097835684	0.068634638	-0.182698246	-0.150693352	-0.164174533	0.014829236	-0.066910526
JHU	995	0.039063774	-0.267229214	0.221558402	0.133637054	-0.000946983	0.17691793	0.063889859	0.07854549	-0.045194781	0.088902788	0.255963582	0.007276353	0.071462899	0.129932563	0.062382557	-0.473496184	0.074332712	-0.02645798	0.148130381	-0.074552162	0.136332574	0.156753529	0.232216446	-0.035584555	-0.005993244
UMARY	142	0.174422026	0.310308382	-0.42944175	0.293787751	-0.260633898	0.039712031	0.055210262	0.092054486	-0.22298701	-0.006274845	0.194856662	0.190167555	-0.10742655	0.087296981	0.089687569	-0.294873122	0.008553856	0.089159853	0.208279038	-0.059378312	0.00693449	-0.060888618	-0.261528378	0.044076541	0.097748352
UMARY	602	-0.012443171	-0.304422087	-0.054399468	-0.282053723	-0.123559606	-0.10194119	-0.144345859	-0.00790768	0.020556851	0.071101276	0.055973748	0.155619952	0.118456791	0.038202959	-0.026169955	0.173510568	-0.054571148	-0.058470617	0.084811135	-0.066399722	-0.011712072	0.091647419	0.481309204	0.086672314	-0.038820685
UMARY	604	-0.102407473	0.152871687	0.124081108	-0.199411117	0.262786295	0.023811596	-0.063840692	0.019586297	-0.084356129	-0.010533558	-0.106671223	-0.236059633	0.058352324	0.040951567	0.054673311	-0.128256607	-0.103977238	-0.03165888	0.080232949	0.208381715	0.09225829	-0.057978218	-0.030197139	0.101676504	0.099547026
UMARY	813	-0.044422904	-0.007048098	0.186208965	-0.161195092	-0.064824392	0.028308609	-0.118815138	0.078251871	-0.04357497	0.06926788	-0.118883067	-0.184651	0.043909932	0.094131307	0.024257202	-0.346073154	0.010722598	-0.008622078	-0.349554453	-0.060703896	-0.050737063	-0.129500393	0.011820867	0.071685643	0.062973897
UMARY	819	0.088426312	0.017731786	0.410601461	0.187475915	0.170714846	-0.003885674	-0.043941764	-0.026214803	0.130049329	0.029124866	-0.029278663	-0.149023412	-0.051989702	0.01525236	0.019854576	0.192790798	-0.121611041	-0.04297994	-0.092230863	0.063261879	0.056967761	-0.099072318	-0.181641344	0.052927337	0.099273292
UMARY	871	0.091349434	0.018613049	-0.108346002	-0.230500226	0.004074497	0.055748161	-0.127576072	-0.035856718	0.11394369	-0.000711941	-0.15775699	-0.080586364	0.011040536	0.018383203	0.017035372	0.036456032	-0.04304575	0.049065351	-0.183787265	0.069653572	-0.037642822	-0.037616054	0.067762819	0.013342702	0.009539647
UMARY	879	0.024653409	0.033568763	0.24606239	-0.202534469	0.147758543	-0.038332691	-0.043394483	-0.028468981	-0.018394362	-0.117730027	-0.054764448	-0.195889645	-0.062738517	0.00828006	-0.000428172	-0.240313233	-0.013906366	-0.004514076	-0.126160948	0.003805078	-0.109661109	-0.097135845	0.020844888	-0.022520728	-0.021367321
UMARY	880	0.300658819	-0.136297422	-0.446407707	0.35785922	-0.481606582	0.211983471	0.33017269	0.099153319	-0.035139148	0.170781582	0.007525612	0.506776104	0.288884005	0.136378506	0.199185825	-0.092628856	-0.091594113	-5.59E-05	-0.088465785	-0.0629328	0.055976346	0.042154888	-0.090621729	-0.006348522	0.020616931
UMARY	914	0.026975643	0.062909602	-0.234466874	0.102850614	0.30592498	-0.004600955	0.020010149	-0.002303878	0.234219052	0.02935391	-0.09632817	-0.136163896	-0.002349773	-0.076392846	0.036394249	0.140954065	-0.401917521	-0.008518791	0.115092378	0.066640569	-0.02205165	-0.036293386	0.197771652	-0.134106916	0.044357083
UMARY	933	-0.133184621	-0.266394261	0.293899234	-0.549010447	0.059318596	-0.10066833	-0.279476448	0.019720887	0.075337013	-0.03469584	-0.141293689	0.17857805	-0.008139755	-0.134585655	-0.137175678	-0.364387024	0.069589004	-0.158462193	-0.145494275	-0.204300074	-0.105774031	-0.018353607	-0.09001122	0.075971997	-0.090871187
UMARY	1028	-0.142959809	0.205436858	-0.087606132	-0.032325756	0.167836939	-0.194239924	0.095859786	-0.076579322	0.115898296	-0.146920805	-0.254996215	-0.143107946	-0.146205739	-0.195283034	-0.0477105	-0.007627589	0.109606612	-0.014030008	-0.100903562	-0.054684673	-0.012586051	-0.147693401	-0.197562727	-0.030334566	-0.12714781
UMARY	1037	-0.30216499	-0.049715593	-0.101068024	-0.556402844	-0.005850205	-0.09507463	0.169091226	-0.108512705	0.140572518	0.014511534	-0.21773441	0.036661197	-0.069183813	-0.195324595	-0.065993384	0.543020799	0.177303549	-0.009164032	0.03698604	-0.081330801	0.002005034	0.275714712	0.187264405	-0.081549333	-0.006121276
UMARY	1064	0.074029804	-0.107048567	0.298031393	-0.226297203	-0.050659327	-0.122270501	0.050833952	0.010040278	0.114693063	0.109981391	-0.084077625	0.190420547	0.197075655	-0.155174559	-0.044852269	-0.771341006	-0.156781762	-0.126601171	-0.176616913	-0.045408299	0.014884452	-0.133292042	0.099479668	0.055645043	-0.121724612
UMARY	1065	0.066956899	-0.389532276	-0.32903667	0.293067719	-0.041264078	0.086091072	0.050980639	0.190673427	0.171868083	0.024089402	0.382408125	0.169321826	0.098136163	0.175463721	-0.184834388	0.343237596	0.110067516	-0.101787986	0.254756884	0.11973771	-0.119762398	0.106705288	0.091204096	-0.049554217	-0.000976314
UMARY	1076	0.110966629	-0.012887829	0.039647202	0.05128284	-0.094039771	0.114812392	0.12635827	0.172317973	0.035135102	0.010383779	0.002260131	0.017064721	0.063649315	-0.019985841	0.04510297	-0.390483269	0.070566047	0.04964695	-0.166973111	0.040899194	0.021732526	0.015073818	-0.041440916	0.039084327	0.087431141
UMARY	1078	-0.128790849	0.293822545	0.162893346	0.093157709	-0.148732844	-0.196335675	0.122244097	-0.160613133	-0.003670362	-0.08830469	-0.163296568	0.038487467	0.00037879	-0.230529733	-0.077968499	0.644976922	-0.13688425	-0.126965875	-0.122691748	0.027620769	-0.141769928	-0.373735658	-0.010368283	-0.292119379	-0.268772323
UMARY	1079	-0.153404761	-0.003377035	0.079466258	0.005009885	0.22433175	-0.176239978	-0.052141257	-0.09416069	0.097638442	-0.121616858	-0.046331981	-0.03806225	-0.097567156	-0.118959003	-0.091836214	0.395038172	-0.095739572	-0.130438209	-0.174296368	-0.029722769	-0.110746156	0.055977834	-0.109910848	0.054669946	-0.007782363
UMARY	1104	-0.022335282	0.020689149	-0.079612418	-0.29831876	0.098124719	0.026459762	0.177559306	-0.046313166	-0.211567781	-0.034186629	-0.057344937	-0.090486963	-0.050662288	0.010560757	-0.0315878	0.54669224	0.051839824	-0.048106578	-0.196143273	-0.004244557	-0.005648734	-0.103232439	0.005081839	-0.074939508	0.008250872
UMARY	1105	0.036392167	0.047764658	0.101934761	0.351191044	-0.283089597	0.096406687	0.050549414	-0.008821096	0.205362272	0.024241777	0.305256344	0.006474728	-0.002116983	0.105923933	0.043965195	0.106039587	0.250999874	0.259136296	0.001200537	0.150704525	0.104035468	0.160179825	-0.056537806	0.054567003	0.087892659
UMARY	1114	0.060698979	-0.098516016	0.215006759	-0.255020971	-0.004772878	0.135342848	0.069514097	-0.043268363	0.071094354	0.013721812	-0.05238395	0.14008242	0.126616444	0.050632343	0.107198629	-0.399310099	0.058715651	-0.036465541	-0.346802423	0.072704693	-0.000385976	-0.080769445	0.181202009	0.061889273	-0.021492469
UMARY	1133	-0.160573869	-0.384075109	0.213255778	-0.939635603	0.152641232	0.173243765	0.106714381	0.209439942	0.046712855	0.126087692	-0.496318851	0.138342797	0.245051049	0.056480757	0.102927175	-0.849303896	0.161516778	-0.01008842	-0.001209991	-0.080408939	0.101333014	0.279317607	-0.044286397	0.249993173	0.124027062
UMARY	1134	0.037884748	0.020940184	-0.059293028	0.067796518	0.077866774	0.028873464	-0.012447003	-0.019738664	0.155310177	-0.063275248	-0.112353524	-0.059217799	0.026260191	0.086853783	0.031483221	-0.006854485	0.079214314	-0.012470846	-0.302014866	-0.036117592	-0.012452729	0.111198665	-0.019194919	-0.016105071	0.000944038
UMARY	1136	-0.083782264	-0.015337587	-0.143192138	0.091043359	0.099740392	-0.053358993	-2.79E-05	-0.012150388	0.298706417	-0.025203383	-0.116214531	-0.065409355	-0.041330414	-0.09190166	0.034125902	0.006177443	-0.085934481	-0.026304841	0.045793686	-0.000531305	-0.069884245	0.023062276	-0.09263359	0.022741822	-0.067871876
UMARY	1158	0.083225896	-0.12047637	-0.178740937	0.113394268	0.008171431	-0.006520139	0.06224874	-0.051647996	-0.192275068	0.060180047	0.156078609	0.115412078	-0.00612944	0.065669729	0.04824632	-0.358580558	0.084043943	0.05205724	0.259232632	-0.023581793	0.07634326	0.059908029	-0.160456511	-0.027881952	-0.000493356
UMARY	1170	-0.034674388	-0.031224185	0.001295676	-0.183542859	-0.044517041	0.014284466	0.016438984	0.025087743	-0.067280306	0.032046837	-0.090850463	0.130916158	-0.011037482	-0.050943292	0.050365678	-0.406553876	-0.170908746	0.052280782	0.152279196	-0.050162261	0.024520931	0.061560731	-0.011205812	0.120026473	-0.034455675
UMARY	1206	0.059857111	0.029454272	-0.162059143	0.320973174	-0.350970017	-0.023414197	0.129057192	0.078182772	-0.416709633	0.062571232	0.122537146	0.322572971	0.014070562	0.031253778	-0.000180603	-0.229599083	0.103760208	0.027078302	-0.025629414	-0.056223216	0.067489841	0.102550924	0.066374723	-0.056627434	-0.114085454
UMARY	1209	0.044012778	0.153879307	0.186113172	-0.28589788	0.132255763	-0.054311663	0.070324458	-0.002012358	-0.093366958	-0.055056124	-0.350650235	-0.148682733	-0.050166368	0.115092034	0.069823279	0.461231607	-0.176105094	0.035608121	0.070862636	0.149654199	0.085055001	-0.171305181	0.241683194	-0.029217793	-0.021395079
UMARY	1226	0.074882374	0.320356154	0.290128943	-0.24029259	-0.269259082	0.066307333	0.07018347	-0.025924897	0.007409107	-0.052382388	-0.01651561	-0.004523606	0.063803974	0.0065579	0.087743281	-0.169071644	-0.220377861	-0.010906452	-0.095819947	-0.092911715	-0.017476194	-0.088466954	-0.04979277	0.01275065	0.008854127
UMARY	1230	-0.073410128	-0.078663884	-0.013343231	-0.357426276	0.039244398	0.074265467	0.105898109	0.015315442	-0.043309877	0.089390992	-0.09118344	-0.002364345	0.080567997	0.048451752	-0.001689971	0.314373752	0.036109745	-0.021722308	0.095254932	0.002486546	0.114936435	0.093718677	-0.021442742	0.029175772	0.045645867
UMARY	1260	0.039138545	0.11217518	-0.312626503	-0.13339989	0.081787808	0.236213343	0.14654716	-0.085417696	-0.088481585	0.116165851	0.116112604	-0.144941507	0.157269966	0.227455677	0.132324097	0.003456072	-0.122342503	0.133832599	0.062129149	0.248195559	0.023409835	0.151176599	-0.000935847	0.079540456	0.145207988
UMARY	1326	0.082596893	0.130497804	0.115607756	-0.056481788	0.043475934	0.052076097	0.058431147	-0.019835109	-0.175356198	-0.016406644	-0.108382429	-0.144350605	0.017493981	0.081988585	0.047972829	-0.087409362	-0.192283599	0.092189478	-0.235157168	0.037534179	0.03593737	-0.059231612	0.23956925	-0.136736573	0.017534667
UMARY	1454	-0.053445737	-0.118113514	0.122320567	0.040563392	-0.43776871	0.007295698	-0.119942223	-0.023354838	-0.303738827	0.036291557	0.068019842	0.31962726	0.000480645	-0.006359653	-0.009005464	-0.289332515	0.0652315	-0.087464846	-0.144705354	-0.069603267	-0.139133829	0.138024694	0.165011655	-0.024654918	-0.128026324
UMARY	1465	0.028112869	0.188716277	-0.019338497	0.165260315	-0.122786034	0.080720849	-0.019074342	0.036574757	-0.004779695	-0.03858153	0.191887121	0.045271637	-0.039426931	0.038256401	-0.029339238	0.074557515	-0.029531502	0.016177135	0.271512903	-0.104282902	0.042908476	-0.029184188	-0.226613652	-0.095076028	-0.058941484
UMARY	1486	-0.119360429	0.123433548	-0.393288383	0.141562585	-0.089673091	-0.124840804	0.045402615	-0.03192323	0.08608893	0.004969567	0.014224625	-0.077332557	-0.158207974	-0.033009588	-0.043350279	-0.128803058	-0.003829979	-0.115325544	-0.174748935	-0.031334454	-0.087795619	-0.09327266	-0.046981626	0.037553556	0.01868486
UMARY	1498	0.069008099	0.012581898	-0.113528174	0.177852548	0.175371404	-0.019244163	-0.2188106	-0.055824316	0.160346887	-0.058332753	0.117961357	-0.114506479	-0.087846232	0.027653062	-0.045463403	0.179886103	0.034397297	0.064420627	-0.021466918	0.064143098	-0.055732541	-0.013725945	0.144917224	0.058656311	0.07172313
UMARY	1502	-0.130875445	-0.021005471	0.193067155	-0.366662526	0.079699637	-0.109534282	0.026328787	-0.152916528	-0.205198736	-0.133430973	-0.016481921	-0.126467488	-0.1780545	-0.101081341	-0.123384813	-0.085603712	-0.028236991	-0.137073652	-0.084509404	0.083102603	-0.144098269	-0.123980756	0.305868499	0.059585409	0.020572372
UMARY	1535	0.089426127	-0.096747545	0.192041497	-0.040947984	0.005923778	0.004887563	0.002979453	0.049839553	-0.043156387	0.008035758	0.258214036	-0.05877151	-0.050214858	-0.005232404	0.032382037	-0.313249233	0.085299496	-0.027608479	0.279237975	-0.072307322	-0.024034283	0.163259229	0.261361424	-0.113253573	-0.077093043
UMARY	1540	-0.109009721	0.214781095	-0.001670094	-0.357189399	-0.054467162	-0.046772792	-0.073564699	-0.115676288	0.085222878	-0.009428716	-0.131792552	-0.238561393	-0.044554933	-0.148111749	-0.000129785	-0.449431618	-0.111486057	-0.035545901	-0.117156628	0.030607129	-0.021688075	-0.099149262	-0.008987116	-0.020379586	0.153852291
UMARY	1541	-0.038335073	-0.089027594	0.14548762	-0.121465223	0.07833979	0.109797971	-0.035064147	0.077277149	0.183473472	0.053017279	-0.036432961	-0.101711182	0.099822636	0.091712946	0.039290986	-0.148514425	-0.109074731	0.085310201	-0.002467399	-0.044264398	0.100275256	0.112405971	-0.054702948	0.138378792	0.115968875
UMARY	1544	-0.032420915	-0.034446282	0.14084873	0.104932954	0.214492088	-0.024635011	-0.111963869	-0.101944116	0.169294886	-0.082012768	0.265730001	-0.247833356	-0.123323415	-0.080160669	-0.037230815	0.467122703	-0.108582968	-0.042596421	0.033517549	-0.0004786	-0.076227276	0.006161241	-0.055316305	0.015802911	0.013775857
UMARY	1545	-0.171497175	-0.126509351	0.180050629	-0.296943773	0.11113664	0.110981922	0.141550409	-0.005177175	0.012808062	0.035441314	-0.174641655	-0.131517411	0.105919857	0.070721449	0.206888383	0.581692458	0.264393986	-0.019898229	0.078286274	0.142151919	0.073068332	0.190222597	-0.041055408	-0.090373413	-0.052287792
UMARY	1568	-0.058124603	0.006180455	0.251799504	-0.388030212	-0.264706802	0.041354238	-0.055945595	0.013201901	-0.184882838	-0.049993775	0.011745698	0.035331412	0.029555217	0.005298905	-0.021816425	-0.640321334	0.064147352	0.03902404	-0.179881719	-0.155373429	-0.049428678	0.079326439	0.293330504	-0.077331463	-0.043175761
UMARY	1570	0.069851268	0.103012511	0.013459263	0.189690555	0.162740059	0.032943577	-0.15657227	0.075418054	0.053276403	4.60E-05	-0.041129766	0.04098487	-0.010867304	0.054084159	0.021232432	0.186210215	0.018401164	0.077585749	-0.056190119	-0.049291955	0.061589828	-0.103398856	-0.009550645	0.010585313	0.094470431
UMARY	1571	-0.217894435	-0.191315527	0.133196369	-0.443279301	0.108542333	0.056554079	0.11239795	0.11712103	0.04335542	0.03365534	-0.16216151	-0.157800074	0.042988493	0.030767396	0.001801182	-0.188842261	0.005077006	-0.045525087	-0.205960877	0.014840254	-0.014481491	-0.093482835	0.117946031	0.057705104	0.009248095
UMARY	1578	-0.25321444	-0.11118022	0.274521372	-0.182966527	0.208935877	-0.036705983	-0.085918852	-0.137556294	0.422905208	-0.074551538	-0.21051138	-0.2174096	-0.004055923	-0.111119388	-0.065782388	0.42657494	0.02496858	-0.104949509	-0.074231752	-0.032694413	-0.03975452	0.118146842	-0.166568897	0.004572571	-0.034217429
UMARY	1583	0.236412004	-0.057944076	-0.178370209	0.400466137	-0.592675151	0.113535265	0.308999606	0.045800544	-0.456685297	0.064373073	0.208075915	0.448695892	0.10645287	0.082474305	0.162940245	-0.878714887	0.294263566	0.14419111	0.001657795	-0.136190771	0.181333963	0.411547549	-0.042798244	-0.111604163	-0.008926145
UMARY	1584	-0.042329108	-0.197935838	0.161245721	0.060206972	-0.216841421	0.020166928	-0.029768442	0.132442445	0.190539596	-0.068120786	0.024055925	-0.110900983	0.069873376	-0.082777177	0.012845026	0.318192599	-0.108021749	-0.101179833	-0.30410355	-0.013542431	-0.090912266	0.002588582	0.108771638	0.05062529	-0.006659967
UMARY	1611	-0.134777714	-0.214653027	-0.035807879	-0.154336473	0.357569031	-0.206227631	-0.340638074	-0.187612351	0.193155122	0.018972175	-0.092384264	0.016175336	-0.052845642	-0.244432812	-0.236962255	0.395267522	-0.389248204	-0.207155783	-8.46E-06	-0.037247391	-0.158692176	-0.09952119	-0.120652325	-0.024307955	-0.164920618
UMARY	1612	0.107953005	-0.207915443	-0.456198083	0.326783308	0.033855081	0.090163247	-0.044668729	0.100908973	-0.068629923	0.141612511	-0.251440648	-0.017749456	0.046049266	-0.017202311	0.093164833	0.219573261	-0.059542212	0.037961109	0.22670402	-0.003679215	-0.003728666	-0.217371278	-0.12114003	0.058226571	-0.03529624
UMARY	1613	0.261853155	0.184348645	-0.635886087	0.133113516	-0.248505501	-0.020360746	0.038797621	-0.024122242	-0.171947996	0.159447857	0.184800642	0.622489607	0.077026784	0.04893414	-0.033065739	-0.473837241	-0.144005743	-0.036855662	-0.331698598	0.011244239	-0.039418972	0.088480179	-0.16704149	0.249635152	-0.011371359
UMARY	1614	0.069266736	-0.050169453	-0.489734017	-0.066119926	0.046803184	0.003668183	-0.048874923	0.016297745	0.103885188	0.0012044	-0.051750511	0.216931584	0.062721412	0.089488796	0.049129985	0.001051962	-0.171794593	-0.040543323	0.026630698	-0.022215485	-0.067231831	-0.046361234	-0.021608373	-0.181082496	0.069269737
UMARY	1648	-0.097158054	0.082621131	-0.229969365	-0.115894025	0.273228579	-0.090259604	0.037621157	-0.007595341	0.180730383	-0.041539428	-0.200986962	-0.116254459	-0.078779698	-0.0144524	-0.042227285	0.257290821	-0.157428717	-0.1126214	0.297758171	0.223914076	0.044957735	-0.149322619	-0.150004417	-0.164845285	0.016940657
UMARY	1652	0.1538001	0.045730845	-0.496197805	0.155997629	-0.570316287	-0.021720442	0.048275059	-0.113279857	-0.425509976	0.073484642	0.142973849	0.749948431	0.04116947	-0.067750952	0.039801702	-0.432967626	0.073693897	0.016635821	-0.589078757	-0.139309571	0.064945336	0.002940677	0.324139322	-0.095409216	-0.076492525
UMARY	1668	0.070084908	-0.056879219	-0.195365506	-0.331250783	-0.017041017	0.10536665	0.078863438	0.059072849	0.010713046	0.080740084	0.201751084	0.047421085	0.071536101	0.058398594	0.137500001	-0.30428751	0.132263198	0.093129098	-0.046851181	-0.070993813	0.122545345	0.113784855	0.072059577	-0.004862122	0.059137043
UMARY	1710	0.290025471	-0.102659094	-0.596789794	0.422634049	0.246109281	-0.018445457	0.054648837	-0.069811771	0.159627596	-0.093080197	-0.015937036	-0.000529886	-0.06221898	-0.011953083	-0.005651637	0.148365338	0.106709087	-0.081993355	0.49905694	0.043116469	0.035870267	0.053360443	-0.324784505	0.060373966	-0.028596232
UMARY	1712	0.122443122	-0.013381766	0.071759544	0.174790768	0.029947136	0.064034199	-0.121491933	0.030577267	0.036652252	0.074086188	0.116813368	-0.003473651	0.037642547	0.077928044	0.069406083	-0.346433758	0.107749524	0.161008729	0.104128281	0.057385278	0.110181138	0.110358335	0.009544426	-0.018606218	0.054844927
UMARY	1713	0.000962922	-0.064488976	0.237165091	0.142458651	0.080014293	0.055317332	-0.099953951	-0.045013169	-0.065077839	-0.065543476	0.191429384	-0.126757917	-0.046806434	-0.062147707	-0.078063205	-0.052167604	-0.294677698	0.021955371	0.032098759	-0.056125562	-0.027548854	-0.011418747	0.092383795	-0.059047077	-0.176495018
UMARY	1715	0.05822649	0.25169673	0.408718637	0.05771809	-0.021396082	0.009499848	-0.190186251	-0.06011778	-0.14216225	-0.023885246	0.040614738	0.057809078	-0.03296828	0.020548699	-0.007141085	-0.052260452	0.143672888	0.06780468	-0.078321377	-0.001171138	0.036369569	-0.121775994	0.00986213	-0.020955567	-0.059074879
UMARY	1792	-0.060769694	-0.158440975	-0.042790752	0.044084704	0.255127546	-0.075414868	-0.073687364	-0.012802974	0.170765883	0.022400707	-0.003479889	-0.34993545	-0.008978119	0.042797722	0.060336322	-0.086674339	0.008020228	0.133089408	-0.029053081	0.137082926	0.068024533	0.012750968	-0.063143927	0.006615557	0.107399433
UMARY	1795	0.09317198	-0.132904127	0.051108101	0.310418095	-0.158579801	0.053058335	-0.022938705	0.065204672	-0.041605955	0.043931172	0.141130177	-0.135517803	-0.026157835	-0.081984135	-0.009785321	0.40049529	0.199770247	-0.060619089	0.282500531	0.063563357	-0.016509326	0.086719674	-0.109861521	0.045961996	-0.010977506
UMARY	1797	0.064010312	0.248631846	-0.142449589	0.261166848	-0.149686062	-0.174465663	-0.09637838	-0.116970356	-0.079469658	-0.040923648	0.06839418	-0.068407024	-0.077330655	0.016495341	0.006803284	0.247395745	-0.205553276	0.114835692	0.308251658	0.050672121	-0.03603243	0.050189227	0.123483679	-0.081178982	-0.030448185
UMARY	1825	-0.097160417	0.099627481	-0.185863163	-0.193434737	0.047436388	-0.055825916	-0.050411269	-0.105486834	0.027434013	-0.053526346	-0.178801855	-0.094216984	-0.074027229	0.004883193	-0.061587306	0.204758158	0.025274804	-0.133032691	-0.044949855	-0.160586026	0.006771327	-0.068096693	0.047021668	-0.068793835	0.171593567
UMARY	1827	-0.189699248	-0.193043196	0.075453608	0.082825544	0.243592838	-0.067521849	-0.194541688	0.018827551	0.466584349	-0.023046413	0.017834703	-0.179331324	-5.16E-05	-0.004182228	0.001069307	0.258295938	0.037614852	-0.057698266	0.09751155	0.106794955	-0.033527267	0.038183574	-0.265558718	0.18395559	0.077118524
UMARY	1830	0.126072282	-0.062583864	-0.037900098	-0.012820044	-0.314702309	0.136913087	-0.009245866	0.105457996	-0.502067184	0.133609368	0.205787168	0.239709467	0.098456542	0.236006899	0.131424136	-0.047371811	0.044030456	0.206132497	0.03429852	0.015940513	0.130933315	0.071157667	0.243766501	-0.036719923	0.044348791
UMARY	1846	-0.108482673	0.112406188	0.182946149	0.138850858	0.05406635	0.046447396	0.059070382	-0.006492634	0.015532485	-0.037227885	-0.233004317	0.006118886	0.031688396	0.042783117	0.013278223	-0.202361563	-0.068697441	0.037355213	0.248403903	-0.043351583	-0.053063157	0.059674361	0.211780658	-0.044566832	-0.003169357
UMARY	1847	-0.011618127	-0.32192244	0.068252999	0.111120028	-0.022770532	-0.081436818	-0.104744799	-0.003402486	-0.005228188	0.044599217	0.37174937	-0.175413992	-0.032057385	-0.061517976	0.101895897	0.665903652	0.231841607	-0.120138419	0.219048094	0.059741234	-0.007198332	0.168063604	-0.086310467	0.062911071	-0.06267653
UMARY	1849	-0.105751815	-0.005948925	0.414372163	-0.208630117	0.217618118	-0.107912883	0.064897996	0.142282399	0.261661443	-0.09458378	-0.451383752	-0.283005406	-0.07202508	-0.077047904	0.015228563	-0.064246782	-0.375512666	0.097539332	-0.205098973	-0.070210391	-0.005717011	-0.231184433	-0.21824369	0.047929561	0.020482166
UMARY	1862	-0.028072765	-0.226000139	-0.057315775	-0.109653164	0.129033159	0.021306691	-0.043133116	0.062201354	0.263701073	0.051711593	0.233282539	-0.075908961	0.061402798	0.039262195	0.072641102	0.302372156	0.050725541	0.020906248	0.131329075	-0.002273481	0.004894161	0.202302634	0.402695076	0.089961739	0.048008817
UMARY	1865	-0.021509627	0.194720127	-0.215736666	0.106049545	0.068432295	-0.082468246	-0.112367146	0.067365291	-0.076859977	0.040640721	-0.15948391	-0.049244266	-0.013282826	0.064502621	-0.028512127	0.246600596	-0.040390856	0.097374202	0.124391049	0.122734868	0.018550887	0.086435297	-0.090870613	0.125043677	0.034243576
UMARY	1866	-0.042073223	-0.002506736	-0.094458658	0.18080811	0.049366375	-0.110230955	-0.188141157	-0.067669861	0.076055789	-0.053447192	-0.081939519	-0.032491907	-0.059674055	-0.124664837	-0.169899075	0.156200431	0.010535394	-0.040460375	0.107189265	-0.044125771	-0.124336232	-0.004967757	-0.104273135	-0.046743519	-0.07083396
UMARY	1867	-0.159701263	0.264220329	-0.072959138	-0.102509668	0.079175238	-0.145490158	-0.128422406	0.055098861	0.147903162	-0.012584891	-0.258893075	-0.132950972	-0.073205908	-0.012648878	-0.005635089	0.355648763	-0.10800313	-0.014967613	-0.033157225	0.027234329	0.009509442	-0.149219452	-0.200667241	0.059440078	0.083998967
UMARY	1902	0.001156886	0.309985886	-0.287742387	0.206667198	0.204153935	0.022956316	-0.000926454	-0.044744666	0.013160889	0.059164876	0.014829283	-0.062019001	-0.002134548	0.059048003	0.059646919	0.065329052	-0.256243825	0.016353733	0.040633686	0.167738077	-0.010544018	-0.047186083	-0.02974556	0.035801573	0.100910089
UMARY	1903	-0.049676086	-0.001374524	-0.190396397	-0.092248197	0.141916073	0.129828926	0.094031532	0.087131473	0.20221837	-0.015225767	-0.262323517	-0.064426201	0.085878801	0.031226451	0.080474957	0.13571553	0.09493627	0.107176036	0.055842756	0.173731527	-0.025040463	-0.036468834	0.13610463	0.063355207	0.089779787
UMARY	1907	-0.017031654	-0.22081534	-0.289862695	-0.096178157	0.051834382	0.064732048	-0.109164985	-0.07025831	0.338890393	-0.114931852	-0.041039728	-0.246341345	-0.121908859	-0.068205829	-0.139888632	-0.287051093	0.121411462	-0.084217243	0.085207374	-0.120620812	-0.15440048	-0.06637736	0.018517964	-0.185793348	-0.123652037
UMARY	1917	0.048017277	0.041054016	-0.053801216	0.387585	0.165635704	-0.055984885	-0.071986315	-0.184209693	0.161453514	-0.042034502	-0.118212718	-0.217643895	-0.019960362	-0.04714904	-0.057435285	0.271528859	0.019959345	-0.045292082	0.325001608	0.077150722	-0.056571781	0.239891235	-0.348111408	0.017724793	0.06973296
UMARY	1935	-0.153704394	0.057390645	0.28365075	-0.015004946	-0.158110232	-0.127275812	-0.060269199	-0.009472713	0.152846919	-0.11895743	-0.117307594	-0.119013366	-0.08287422	-0.031575785	-0.078953984	-0.252346967	0.121328097	-0.126493482	-0.165750132	-0.232793157	0.003849073	-0.071283604	-0.252017844	0.0488376	-0.126930213
UMARY	1936	-0.026400201	-0.489790243	0.481487154	-0.135109966	0.363775134	0.10188451	-0.255044407	-0.094207641	0.201388816	-0.101343774	0.058301443	-0.2129552	0.002861252	-0.04797833	-0.065033988	0.171825967	-0.219520544	-0.024737876	-0.176869882	0.021595218	-0.158216593	-0.016194596	-0.102961349	-0.112897295	-0.148830053
UMARY	1939	0.305323536	1.173934891	0.931778916	1.199830745	-0.032296255	-0.120456929	0.32245301	0.463308529	-0.693925199	0.25980619	0.497955484	0.046084898	0.007976216	0.43806855	-0.114270498	0.431285578	0.050611759	0.776453033	0.598761841	-0.008463454	0.604730904	-0.342571993	-0.024996139	0.198644794	0.266668141
UMARY	1940	-0.029549858	-0.187840865	-0.170494202	0.27984323	0.060616296	0.064539096	-0.09489552	0.049953199	0.221469518	0.0202889	0.231819056	-0.116700109	0.04721464	0.001238768	-0.006664837	0.309339603	-0.087332895	-0.086623409	0.151663327	0.168102608	-0.051246991	-0.111582926	-0.263604196	0.136253127	0.09911231
UMARY	4263	0.120313531	0.279553357	-0.578277865	0.309989285	-0.31798134	0.02331612	0.319680752	-0.126251077	0.090630431	-0.03818428	0.653749021	0.203192246	0.002091865	-0.012724382	0.02290203	-0.423459093	0.152505981	0.048345549	0.202471456	0.162476819	-0.039146932	0.196170602	-0.243372707	-0.094937154	-0.117268679
UMARY	4540	-0.080728911	0.315518744	0.120028046	-0.326147973	-0.166215392	-0.110368135	-0.062252144	-0.012125728	-0.382389604	-0.105050067	-0.153616225	0.000800587	-0.193665599	0.009103262	-0.065269272	-0.400810455	0.031690459	0.029900038	0.050213049	-0.068914989	-0.090974468	-0.158440652	-0.116799549	-0.145055316	0.014658536
UMARY	4542	0.009367938	-0.184413365	0.170714354	0.305076468	-0.064207213	-0.00520892	-0.019999365	0.019261812	-0.069748265	-0.008468465	0.423666947	0.024966128	-0.043243431	-0.086498469	-0.015135708	0.111616098	0.205046516	-0.057956061	0.076376782	0.097796375	-0.01595361	0.077545379	-0.097097202	0.08775342	-0.028328844
UMARY	4543	-0.010563262	0.092802111	0.236354996	0.263231965	0.092363711	-0.048933618	0.066234088	-0.080848296	-0.277316096	-0.109183962	-0.031627124	-0.048843031	-0.111731731	-0.058799925	-0.107989499	0.211990873	0.016748517	-0.02955297	-0.150132602	-0.07266881	-0.074651025	-0.044970056	0.138666775	0.118447524	-0.053589691
UMARY	4549	-0.065059874	-0.03739136	-0.315155577	-0.132946324	0.123869294	0.097861457	0.011072293	0.027242129	0.260943467	0.035952648	-0.39150969	-0.200275614	0.041966515	-0.056216402	0.119966291	0.20025345	0.156355878	-0.004708623	-0.176168764	0.072836142	-0.039135061	-0.027724066	0.021046328	-0.00546227	0.159940914
UMARY	4590	0.012881419	-0.034036334	0.087600059	0.259924219	0.056765485	-0.099832816	0.173082205	0.039456612	0.070869967	0.038492252	-0.025096465	0.086134135	-0.079476966	-0.156418555	-0.06423987	0.819891912	0.055919142	-0.149525988	0.150870665	0.012587064	0.01302812	-0.017121648	-0.214080429	-0.102429373	-0.054943803
UMARY	4593	0.024717059	0.034339434	0.239158238	0.09996901	-0.128908699	-0.033574327	-0.106211246	0.128961401	-0.02053313	0.010714629	0.153631516	0.048459062	-0.004239303	0.022761347	0.04735064	-0.078695939	0.001147002	-0.072197783	0.046180544	-0.199963288	-0.01564339	0.008516144	-0.141127316	0.017785823	-0.06212025
UMARY	4598	-0.038235143	0.034358327	0.150069098	0.037581801	0.092990742	-0.103608786	-0.081707887	-0.084121623	0.037376156	-0.108664155	-0.078161727	-0.097683273	0.010633482	-0.036102268	-0.009962838	-0.019665286	-0.032303967	-0.175084149	-0.090978885	0.012633762	-0.157084729	-0.099474061	-0.048489251	-0.043758996	0.007912724
UMARY	4636	-0.080013117	-0.093235237	0.038188836	0.062388439	0.056070517	-0.108711041	-0.11778775	-0.134974326	-0.14071825	-0.07992334	0.03520199	-0.110581271	0.039053996	-0.055045824	-0.116661227	0.190914188	0.114972415	-0.080756256	-0.100970954	0.033451479	-0.110904926	0.084702848	0.053538093	-0.033948846	-0.036074769
UMARY	4640	-0.006936711	-0.081595459	-0.15786362	-0.146321046	0.004616287	-0.000487453	-0.12486139	-0.067595886	0.127387231	-0.07917098	-0.186227176	-0.03869372	-0.066508068	-0.075248729	-0.066801182	-0.548053951	0.028890634	-0.065852256	-0.14980423	-0.172913483	-0.112531845	-0.244339234	-0.074311627	-0.02938337	-0.005940016
UMARY	4725	-0.095671698	0.220269063	0.05328828	-0.138067046	-0.017980952	0.010961833	-0.040496383	0.090317378	-0.015379541	-0.21330134	-0.194594358	-0.086639155	-0.079279284	-0.073584505	-0.051356628	0.349512737	-0.010394296	0.105034418	-0.176405709	0.01298779	0.000498725	-0.14064051	0.057973331	-0.020735292	-0.075546915
UMARY	4726	-0.055142045	-0.21831815	0.12481685	-0.08891728	0.12262522	-0.018765416	0.006661078	-0.000659843	-0.026629854	0.01160495	-0.155945913	-0.236220183	0.011677808	0.121130462	0.004510856	0.441665343	0.116226742	-0.002721906	0.125984351	0.031872345	0.075031968	0.027646855	-0.168958112	-0.017251985	-0.014340918
UMARY	4727	-0.027666329	-0.29166579	0.148385213	-0.587024391	0.017036826	0.023909847	-0.07595217	0.035251216	-0.25529594	0.013629167	0.026329625	-0.011727237	0.05316049	-0.017490867	0.04786059	0.004079255	0.235624425	-0.10740137	-0.280668901	-0.010793864	0.011953294	0.081502807	-0.019232485	0.041716173	-0.000589533
UMARY	4729	0.067441582	0.262845187	-0.04370077	0.298040505	0.017872765	0.065169236	0.135514143	-0.07951943	-0.308443592	-0.018125726	0.180637883	0.178369981	-0.114916372	0.212759308	-0.032188974	-0.881735188	0.202239757	0.291343034	0.176570844	0.010648131	0.112120141	-0.013518087	0.449090332	-0.109271869	0.001224951
UMARY	4782	-0.067272654	0.024651556	0.114363446	0.066268966	0.194276988	-0.048738756	-0.136042805	0.069608332	-0.189553984	-0.113810064	0.282355021	-0.221002337	-0.092945106	-0.067414016	-0.13944294	0.218092389	0.004727962	-0.076065236	-0.171224525	0.020730828	0.016075388	-0.109392889	0.210030176	-0.113029279	0.007007406
UMARY	4786	0.028443076	-0.090027632	0.026917794	-0.178883141	0.118929927	0.04245974	0.082641122	-0.011230571	0.16786485	-0.002162457	-0.09977536	-0.087442496	0.053192748	-0.022235559	0.033393028	0.038540191	-0.154184971	-0.047783024	-0.054150647	-0.003762991	-0.001011795	-0.003192017	-0.200271009	0.113056521	0.013663009
UMARY	4788	0.204397521	0.096880751	0.198818291	0.210095655	-0.135316088	0.106970819	0.203506797	-0.229840462	-0.4912398	-0.114709354	0.22564098	0.670232725	-0.083143227	0.072715165	-0.295703539	-0.497641235	0.092621371	0.141095444	0.078575618	-0.255452086	0.117359206	0.003396278	0.504462143	-0.194674856	-0.277500326
UMARY	4789	0.040258212	-0.42675634	0.208697287	0.017453027	0.037273428	0.202973625	0.182629561	0.203962076	-0.489739757	0.051387806	0.428075073	-0.025429222	0.087280783	-0.118281766	0.055115993	-0.345968006	0.260989564	-0.245249894	-0.03473958	-0.158515341	0.092850706	-0.218391358	0.499881784	-0.168135197	0.127917012
UMARY	4841	0.039647568	0.157629457	-0.087282472	0.208257844	-0.198893489	-0.034501758	-0.063944853	0.033356303	0.45352637	-0.006042179	-0.057114806	-0.021052896	-0.061988336	-0.081722108	0.015526371	0.509196843	-0.041171009	-0.098273356	0.273994464	0.231380558	-0.109674065	-0.062314418	-0.211172087	-0.007213304	-0.035304883
UMARY	4842	0.232797032	0.420256329	-0.529461829	0.036721527	-0.61110047	0.060336851	0.191671486	0.005008571	-0.539515268	0.026725387	-0.059730021	0.809648483	0.112446839	0.149355918	0.050121649	-0.315536907	-0.097369862	0.264018533	0.222310381	-0.081790749	-0.00795328	-0.07722325	-0.08693173	-0.00852636	-0.073379911
UMARY	4903	-0.137713526	-0.176510934	-0.252317245	-0.146785298	0.196023617	0.034191671	-0.180648835	-0.122724776	0.027048225	-0.013176317	-0.393799623	-0.0347152	0.054564591	0.009045545	0.024181854	-0.041689874	0.367359713	0.168218766	0.030400081	-0.004998731	0.03455411	0.140047583	-0.201750801	-0.021674671	-0.029017499
UMARY	4915	0.233173519	0.440443579	-0.420371565	-0.122884094	-0.176975884	0.037363725	0.100154733	0.089644434	-0.239302051	0.070572295	0.034130534	0.023372498	-0.009084048	0.085554984	0.028221551	0.386059836	-0.311032077	0.072459808	0.042150145	0.162291279	0.01593535	-0.064645976	0.021162072	0.021050198	0.059120436
UMARY	4916	0.022942114	0.150552558	-0.108011974	-0.029501122	-0.023184119	-0.144455949	0.068965199	-0.007465715	0.322707453	0.053278942	0.04419418	0.033450599	0.00675236	-0.061721927	-0.022055353	0.668078032	-0.025175665	-0.15596205	0.177105621	0.19846361	0.019837706	0.059829416	-0.009056942	-0.027253295	0.077592472
UMARY	4924	-0.00378093	-0.049726225	-0.128478365	0.34006945	0.089606094	0.03108192	0.38994836	0.080929082	-0.526531826	0.306031782	0.334816196	0.223623863	0.094369856	0.243103711	0.067416558	0.831656893	0.501100267	0.175779353	0.781773201	-0.053590535	0.38910818	0.3013338	-0.047496231	-0.141595596	0.135829398
UMARY	5024	-0.042681409	-0.143472785	0.287081864	-0.266934769	0.088379433	0.076919984	0.025148634	0.158769673	0.297649909	0.060465156	0.208331044	-0.054474376	0.066416913	-0.092025829	0.07015651	-0.187028483	-0.773308715	-0.018791044	-0.13850499	0.022135207	-0.05821959	0.168683211	0.146463129	0.36669158	0.015444567
UMARY	5028	0.008000457	0.077218204	0.081342449	-0.115574453	-0.045068053	-0.088847568	-0.119745109	-0.020957862	-0.158044546	-0.015781361	-0.192868597	0.210181808	-0.01927917	-0.031286834	-0.038093072	-0.053869237	0.071963751	-0.034388043	-0.213696497	-0.115798798	0.010045059	-0.041016568	-0.086929739	-0.143663173	-0.115787631
UMARY	5078	-0.123594046	-0.148754366	0.034316196	-0.142463583	0.296977729	-0.1173093	-0.07248866	-0.163864019	0.213520521	-0.053219563	-0.140442796	-0.173037265	-0.095714183	-0.180929694	-0.126025689	0.201683003	-0.054611682	-0.178482654	-0.250128649	0.021763152	-0.150814996	-0.375539314	-0.172807106	-0.006650145	-0.003349419
UMARY	5079	-0.019219777	-0.210131332	0.336575314	-0.108804953	0.103024755	-0.018993824	-0.093624658	-0.027067013	-0.089968404	0.051013753	-0.057237851	-0.111746499	0.005721744	-0.029641961	-0.002854233	-0.370106581	0.089426637	-0.101065383	-0.079678551	-0.102975504	0.080965765	-0.082653976	-0.073051719	0.032440264	-0.008534374
UMARY	5081	0.020299532	-0.084586647	0.057800852	0.280947644	-0.101107826	0.040917015	-0.019738331	-0.056537816	0.303792904	-0.037522726	0.095608595	-0.015707769	-0.070047574	-0.016581968	-0.033640054	-0.164259085	0.181513984	-0.005091161	-0.243051784	-0.082635142	-0.043873352	-0.005316449	-0.116580393	0.059300267	0.014400038
UMARY	5086	-0.04772319	0.005934108	0.041267111	0.238272065	-0.035094567	0.132632565	0.097905959	0.035373229	0.403899439	0.045272425	-0.122712068	0.004383711	0.017510757	0.024521607	0.063756937	-0.726287598	-0.106406577	0.085693571	0.009570125	-0.061925285	0.017747903	0.332477251	-0.0476127	0.026528323	-0.026926544
UMARY	5087	0.04921345	-0.226164642	0.309725623	0.185218856	-0.411109876	0.077803176	-0.005115896	0.030845276	-0.237120272	0.046456452	0.246833285	0.115579376	0.071570463	0.017905217	0.112098325	-0.647373884	0.164646804	0.031498935	-0.265564309	-0.049649139	0.015935088	0.109803652	0.482820724	0.035830774	-0.00542705
