FID	IID	1	2	3	4	5	6	7	8	9	10	11	12	13	14	15	16	17	18	19	20	21	22	23	24	25
BLSA	745	0.868724455	0.06866273	0.462728402	-1.614812927	0.53488347	0.308584081	0.547655825	-0.792947468	-0.362314863	0.89848076	0.541094443	-0.776013152	0.144714583	0.079539873	-1.282773167	-0.686055998	0.230477717	0.025264969	-0.812138351	0.22267805	-0.446066897	-0.221260282	-0.134016481	-0.462690527	-0.110167613
BLSA	827	0.250358891	-0.034471492	0.618384316	-0.896670151	0.231009895	-0.139357309	0.473008848	-0.169736062	-0.467296191	0.279473812	0.029630879	-0.335355827	-0.067493309	0.630785228	-0.006941994	-0.806504882	0.310198841	-0.04426855	-1.208566066	-0.002099093	0.525764692	-0.056354813	-1.362353349	0.475667096	-0.721395232
BLSA	1556	0.189859298	-0.211874897	-0.002025215	-0.209632585	0.100866874	0.00154676	0.009603376	-0.052590283	-0.053137532	-0.50338966	0.106525125	0.485626467	0.07014575	0.011422524	0.720128757	-0.731226614	0.041418289	0.211413153	0.345607819	0.055273439	0.357581466	0.069384003	0.342488079	0.14223204	-0.086330498
BLSA	1579	-0.144374012	-0.173788564	-0.076341685	0.237406598	-0.048733172	-0.191552238	-0.367216078	-0.183133478	0.219734519	0.040094932	-0.348833632	0.908074078	-0.298341583	-0.019103137	0.198150213	0.243891335	-0.320481957	0.045656209	-0.044825038	-0.214419628	0.352707754	-0.343281129	-0.019187007	-0.550325659	-0.339884064
BLSA	1595	0.104354286	0.62910073	-0.100756615	0.102964895	-0.784676935	0.807922478	0.308262587	-0.143674106	0.223601541	0.146537896	-0.42540445	-0.782398828	-0.237531639	-0.861006033	NA	-0.41720116	0.403485223	0.172286778	-1.108596797	0.713865612	-0.436137123	-0.225717509	-0.460682078	0.440090518	0.269782945
BLSA	1603	-0.509838071	-0.094857588	-0.448641658	0.267211783	-0.134572724	-0.133812835	-0.234682138	0.240142126	0.161180971	0.132918112	-0.051883493	-0.306030211	-0.090561145	-0.091570692	0.944802389	0.522423874	0.025253395	-0.127909304	0.74762087	-0.049541922	-0.342231041	0.348797343	0.385751813	-0.127148294	0.361775372
BLSA	1640	-0.025507308	0.077999831	-0.177179103	0.055118068	-0.02822421	-0.02242075	-0.085193813	0.259298651	0.077288412	-0.501345241	-0.035605083	0.887803702	0.095975063	-0.027432385	0.86541531	-0.313877139	-0.095331585	0.091106068	0.168910363	0.154813774	0.448766193	0.175967581	0.409178002	0.193501989	0.074560076
BLSA	1775	-0.161119811	0.597287744	0.477967172	0.082869931	-0.192600275	0.053198602	0.035647684	-0.24128651	-0.47287549	0.405332343	-0.183982393	-1.00454788	0.10027665	0.006450874	-0.923723917	0.285330233	-0.085298029	0.046445496	-0.714560154	-0.201004605	-0.503800537	-0.337582348	-1.008860302	1.172569667	-0.282106592
BLSA	1802	0.034864097	-0.085068731	-0.297717835	0.401070366	0.055550925	-0.119054736	-0.160678378	0.064390686	0.152183941	0.186798175	0.222197841	-0.065627521	-0.109900214	-0.086208045	-0.243986509	0.706031984	-0.079436124	-0.081459375	0.530028351	-0.052437817	-0.283021554	-0.047991741	0.91288956	-0.411293582	0.251954616
BLSA	1805	-0.481687799	-0.118761459	-0.480092508	0.401471374	-0.172077983	-0.242472754	-0.255857144	0.054438717	0.488740837	0.117354651	-0.007756122	0.124765008	-0.073952149	-0.063584095	-0.181480135	0.626912013	-0.023716018	-0.207854684	0.994421581	-0.278537467	0.025618712	-0.128608171	0.815346678	-0.401043062	0.337219127
BLSA	1838	-0.111674362	-0.014704322	0.077667961	-0.266977708	0.047726487	-0.004495522	0.056878038	-0.120538031	-0.320520642	0.055546748	0.058746603	0.078130572	-0.096974005	0.143947494	-0.774587216	0.164161632	-0.008675583	0.121829423	0.283482936	0.060499835	0.116420881	-0.184576429	0.145753934	-0.245020591	-0.034690686
BLSA	1839	0.026662231	-0.101965171	-0.21939367	0.162809673	0.077845423	-0.161876218	-0.25208132	-0.005871177	0.089515724	0.214999182	-0.006789503	-0.243872195	0.074697592	0.016416521	-0.448383687	0.63831387	-0.015396772	-0.443671866	0.15699749	-0.253198337	-0.178457097	0.102325071	0.406640085	-0.293899281	0.213360255
BLSA	1840	0.117995539	-0.033448249	-0.044993244	0.216048281	-0.05360355	-0.375338429	-0.089874588	-0.143095389	-0.030483613	0.088760372	-0.03939416	-0.289385943	-0.065865078	-0.037222931	1.760637515	0.32658446	-0.219658001	-0.066358124	-0.679918452	-0.285798512	0.085189419	0.328813166	-0.324732943	0.079652803	-0.078362578
BLSA	1883	0.0214149	-0.027760908	0.164308728	-0.02458845	0.04465202	-0.062143087	-0.082793897	-0.005223932	0.023956571	-0.195626829	-0.076459877	0.031784069	-0.086492292	0.157525211	0.612370415	-0.027902415	-0.23588018	-0.157988544	0.200075286	-0.030801489	0.21008515	-0.389031484	0.057819059	-0.307941049	-0.081899608
BLSA	1889	-0.066462862	-0.159733592	-0.130718412	0.272481913	0.019731671	-0.078049224	-0.157217641	-0.160848309	0.046874164	-0.050318171	-0.133499428	-0.4149983	0.171267215	-0.095622534	0.448350787	0.424984059	-0.210364531	-0.062570792	0.600210161	-0.194909973	-0.357617869	0.139381233	-0.030562536	-0.230370121	0.11458893
BLSA	1924	-0.212927795	-0.21039382	-0.019462188	-0.100415606	0.024156259	-0.017497314	0.102550512	-0.043563735	-0.09165617	-0.157138165	-0.121372309	0.10254764	-0.067081867	0.146884181	0.598812509	0.051082265	0.001713208	-0.052491413	0.181994142	0.028629987	0.461982479	0.000501492	-0.207515194	0.106314847	-0.150521573
BLSA	1961	0.388335127	-0.130146418	-0.133171091	0.289821239	0.138779444	0.025072727	-0.063985313	0.279750938	-0.079617914	-0.468648392	0.168116403	-0.129150892	0.041609063	0.053736292	0.125326214	0.037105712	0.104245865	-0.073683997	1.259109034	-0.003687542	0.088854	0.420633434	0.663096275	-0.101895495	0.468797114
BLSA	2000	-0.263982562	0.119797473	0.248246531	0.557275876	-0.01021924	-0.148899757	-0.159717706	0.171741761	0.378093105	-0.082786957	-0.076519959	0.620338524	0.011904812	-0.021949195	-0.916649471	0.196827123	-0.075993849	0.170234478	0.278197677	-0.022564124	-0.305609683	0.074925777	0.041879054	0.096007612	0.035447016
BLSA	2020	-0.082009581	-0.091036519	0.086234433	-0.163391941	0.144830165	0.006189183	0.157011272	0.099605241	-0.120722295	-0.201609653	0.078882173	0.729390186	0.098405248	0.074446335	-0.192848617	-0.55078521	0.072023549	0.403557344	-0.58124128	0.193288075	0.140044652	-0.923236024	-0.581433638	0.424561381	-0.084428472
BLSA	2037	-0.191854356	-0.020335881	-0.016521027	0.354928215	-0.163338182	0.079954131	0.011494132	0.040724146	0.133078596	-0.282392471	0.079528524	0.3822726	0.155950627	-0.183751686	-0.888568487	-0.072792839	-0.154022908	0.274223366	-0.698959816	-0.064154445	-0.085311485	0.387525305	-0.229919303	0.160154187	-0.04649161
BLSA	2066	-0.114456008	-0.094199942	-0.015837607	-0.026103498	-0.026813525	0.036381475	0.031071401	0.156816863	-0.091499245	0.010576322	0.023716898	-0.430021114	0.082769469	-0.027336938	0.02636712	0.027233518	-0.062562848	-0.178829768	0.606125468	-0.064080658	-0.085571575	0.603807345	0.372335287	-0.13649226	0.079585114
BLSA	2069	-0.106923867	0.10536562	-0.38339937	-0.12528667	0.15309979	0.237174387	-0.133471993	0.309022739	0.169434471	0.051038764	0.238367859	0.61638991	0.15506645	0.094802363	-0.984457099	0.049483635	0.080841986	-0.044174157	0.577597406	-0.117036959	0.211328641	0.508271405	0.479959485	-0.033194566	0.122388199
BLSA	2093	-0.022602571	-0.123974472	0.155658992	0.361317845	-0.111155578	-0.201749455	-0.040869951	0.092605913	0.039062784	0.081226746	-0.184229632	-0.132857338	-0.153423041	-0.124803678	0.45025525	0.565113086	-0.06348187	-0.309403924	-0.464463978	-0.11711772	-0.165058967	-0.50049163	-0.166620601	-0.265320443	-0.211738334
BLSA	2102	0.49285214	0.128307898	0.255054693	-0.334916521	0.152882952	0.342695806	0.350456284	0.293970699	-0.112621682	-0.265883277	0.144923294	-0.056863556	0.144833799	0.223634454	0.09378382	-1.259132543	0.380642181	0.288647214	-0.617108651	0.522341519	0.164539788	0.197798405	-0.507253881	0.27588279	-0.101441902
JHU	384	0.043977891	0.046017743	-0.154537779	0.000374565	-0.060593135	-0.192432432	-0.122042741	-0.11273433	-0.344761155	0.042476332	-0.08151761	-0.687158175	-0.094584532	-0.065404737	-0.321286502	0.066336031	0.072830503	-0.29673791	0.288890113	-0.086723937	-0.043943855	0.356765177	0.250243476	-0.168204806	-0.012868797
JHU	705	0.010855682	-0.112211247	-0.171961231	0.375415809	-0.167943503	-0.198957726	-0.22770461	0.019650763	-0.091871698	0.398307487	-0.173774544	-0.772243864	0.006270351	-0.209101919	0.110463612	0.457370945	-0.182028213	0.294179641	0.107085016	-0.21360235	-0.409147414	0.577731158	-0.041674785	0.105927877	0.231034645
JHU	710	-0.028268081	0.104124249	0.037041454	-0.079799551	0.063137778	0.028155663	0.092455635	-0.095140327	-0.24412476	0.215126219	0.035357303	-0.94097148	0.163071212	-0.297248524	0.322289607	0.127909077	0.083998451	-0.08301416	-0.150705965	-0.029750229	-0.083428288	-0.645048574	-0.469930213	0.18693655	-0.159083585
JHU	712	0.366813027	0.215004458	0.157093434	-0.211279486	0.100753159	-0.055680455	0.014380471	-0.083896299	-0.231678576	0.11012772	-0.01476779	-0.487810779	-0.049410418	0.880866543	0.432605278	-0.099062114	-0.090852213	-0.067112421	-0.532691637	-0.027782805	0.014809286	-0.637841871	0.041206894	0.068895553	-0.359337003
JHU	713	-0.064607794	-0.222224246	0.429914386	-0.509946399	-0.107152614	0.237083821	0.42887635	-0.353094266	-0.171966277	-0.160811416	-0.105418588	0.374203818	0.148211901	0.4126892	-1.465751056	-0.32047805	0.148199802	0.087002753	0.251096525	0.370795448	0.186170821	0.462996584	0.021243053	-0.258329174	-0.350031234
JHU	719	-0.328513785	0.044170009	-0.455280353	0.445461854	-0.007397619	0.091642568	-0.218282497	0.108007684	0.452887659	0.0703053	-0.000234764	0.679482649	0.084766205	-0.379705126	0.091934462	0.363224065	0.010422728	0.105147064	0.519030974	-0.048084351	0.033011851	0.106473359	0.464379141	-0.124518557	0.298861984
JHU	993	0.298411535	-0.086355766	0.237766874	-0.170594883	0.240711115	0.004808044	0.34159271	0.03183369	0.003584781	-0.318437249	0.345214209	0.444444447	-0.139632319	-0.07818486	-0.799287245	-0.754822582	-0.090027622	-0.084632672	-0.718160726	0.076164278	0.43666465	-0.669149204	-0.665972339	0.021422093	0.015092529
JHU	994	-0.174334005	-0.026841262	-0.076699623	0.282709225	-0.16957571	-0.042709496	-0.253984654	0.322491688	0.373512543	-0.092694542	-0.012667741	0.502025394	-0.124721402	-0.206088997	1.672645795	0.42410741	-0.113253004	-0.023393648	0.217087431	-0.134301157	-0.129485013	0.187950842	0.219687978	0.05052913	0.272908825
JHU	995	-0.12433447	0.038316062	-0.003337162	-0.132341134	0.108060528	0.128090013	-0.055290664	0.162881397	0.254417483	-0.264399851	0.007809524	0.88802799	0.006029002	-0.05782158	-0.043613951	-0.264584782	0.160709568	0.068561353	0.018368268	0.093285104	-0.004652038	0.260122529	0.180816795	0.117341334	0.063422635
UMARY	142	0.234132278	-0.052885803	0.391952936	-0.583333569	0.007367725	0.038576298	0.142330356	0.011718266	-0.486438487	0.109639286	-0.049755058	-0.73700834	-0.067753366	0.149574356	0.68614105	-0.076888163	0.071237235	0.083120303	-0.245738421	0.050183612	-0.102975331	-0.309014637	-0.357586553	0.378845897	-0.220583274
UMARY	602	-0.086844365	0.018344077	0.058072077	-0.104219917	0.247223939	-0.018305449	-0.099118776	-0.046931065	-0.07662374	0.127858247	0.030706344	0.146006636	0.118073562	0.128070214	-0.665749361	0.165959926	-0.076124453	0.133641439	-0.367999544	-0.007962557	-0.103936135	-0.13075182	-0.114680769	0.151576188	-0.052169818
UMARY	604	-0.114247932	0.168812237	-0.277293741	0.35775131	-0.0287427	0.038811513	-0.084984575	-0.203746558	0.236071289	0.10797426	0.003316259	0.287414471	0.055933574	-0.085778203	-0.9030854	0.182009556	0.092688224	0.182437827	0.633440322	-0.007952932	0.077840664	0.095377427	0.071500461	-0.047866002	0.114935573
UMARY	813	-0.101847642	0.016072096	0.127883368	-0.025820914	0.023370413	0.042307757	0.002875916	-0.294526153	0.083329025	-0.036755025	0.086524093	0.078096002	0.004347192	-0.164742191	-0.42495582	-0.086816028	0.07023268	-0.330083468	0.072083734	0.101897017	-0.007752879	-0.906309312	0.359611936	-0.266891789	-0.060198193
UMARY	819	-0.018359572	0.002260169	0.057998003	0.056977516	0.055797931	0.020958102	0.094675592	-0.011674815	-0.049421967	-0.0528783	0.028509073	-0.123641973	-0.030513909	-0.009187958	0.420774796	0.07617009	-0.045660875	-0.190367042	-0.183184142	0.08518558	-0.289968604	-0.474945595	-0.099513378	-0.078337407	0.050157979
UMARY	871	0.003241776	0.037907049	-0.114193087	-0.096583831	0.029602451	0.057246352	0.004920806	-0.282053525	0.039097344	0.15433373	0.023517009	-0.107204106	0.011266025	0.013898458	-0.239217743	-0.082524193	-0.035887987	-0.250344534	-0.068090733	0.062640325	-0.005812045	-0.095269752	0.303138601	-0.212360011	0.042930152
UMARY	879	-0.059581864	0.005019404	0.000125301	0.156018654	0.005483186	0.005027437	-0.09100923	-0.170055455	-0.011905238	-0.122529574	-0.029402733	0.242306555	-0.07413643	-0.09549739	-0.252371891	0.093906593	-0.147825596	-0.294701987	0.218839093	0.105648108	0.119443429	-0.274186455	0.310987638	-0.110984381	0.012546096
UMARY	880	0.193403788	0.146664261	0.205518263	-0.367172217	0.18434104	0.141704599	0.165341533	0.094945869	-0.28408624	-0.11109304	0.181052798	-0.685239755	0.120714864	0.291845501	-0.861944513	-0.45108852	0.102784312	-0.132220121	-0.188070159	0.095671603	0.074638058	-0.554011308	-0.031906926	0.098302702	-0.190891915
UMARY	914	-0.096625019	0.076839888	0.165376337	-0.053522542	-0.030701224	-0.017197273	-0.029288225	0.118641932	0.097340581	0.101616424	-0.036414858	-0.612544955	0.01808974	0.002103216	-0.167338605	0.24343415	-0.012788263	-0.330413405	0.075039561	-0.001190891	-0.140307847	0.754261221	-0.013552384	0.11297262	-0.066654075
UMARY	933	-0.115027473	-0.055416331	-0.10852901	-0.1294184	0.021905906	-0.155965039	-0.123477994	0.006849461	0.088014898	-0.027965248	0.016432927	0.603416066	-0.01297507	0.114757757	-0.723276388	-0.003741031	-0.084629753	-0.074844131	0.457113933	-0.175438247	0.29925722	0.016952986	0.178158262	-0.371466177	-0.045603691
UMARY	1028	0.330518006	-0.110490602	-0.289633865	0.136892482	-0.07312219	-0.271967088	-0.178905734	0.072254441	-0.00116615	0.212758334	-0.191687253	-0.135896102	-0.09484785	0.057273132	0.07237509	0.182814597	-0.072735961	0.173069814	0.365660975	-0.254876851	-0.047429863	1.034197317	0.379434373	0.06352981	-0.051551831
UMARY	1037	-0.011885608	-0.06137024	-0.333883884	-0.157093533	-0.086433892	-0.069816662	-0.169771407	0.263776596	0.081727622	0.209029661	-0.140522	0.834441178	-0.046422867	-0.179372029	-1.109522482	0.120193237	-0.036660129	0.044198565	0.317921709	-0.193504914	0.0285555	-0.206152532	0.594974884	0.113897711	0.0455504
UMARY	1064	-0.174614298	0.024939472	-0.056510451	0.006033664	0.204269697	6.45E-05	-0.008279292	0.013832402	0.079255072	-0.167437923	0.078405474	0.161827179	0.05707947	0.210197152	-1.14696487	-0.071849719	-0.117690998	-0.285265804	0.298269156	0.050875316	0.190679577	0.654397838	0.417345757	-0.124043431	0.091949478
UMARY	1065	0.168275997	-0.09273555	0.185627269	0.264638413	0.156510897	-0.033495196	-0.146042357	0.244449434	-0.27484071	0.116392834	0.028299572	-0.361391907	0.019310761	0.302686556	-0.136287385	0.044997601	-0.107067473	0.21138931	0.18957228	0.127042219	0.226414143	-0.032539165	0.20347605	-0.322273227	-0.138130942
UMARY	1076	0.213785389	0.052579331	0.11182754	-0.178470126	0.037163231	0.041572916	0.035047168	-0.015077697	0.005951664	-0.309196731	0.058952305	0.122001404	0.038159641	0.072604612	-0.163343836	-0.242303112	0.058017284	0.112043664	0.048070181	0.119059319	0.053588268	0.155186007	-0.148515439	0.037034996	0.168929611
UMARY	1078	-0.281845237	-0.144645549	-0.358889997	0.150479117	0.227327491	-0.316260654	0.376870456	-0.065326673	-0.249931942	-0.135784227	0.032865597	-1.024842133	0.300875351	0.053787699	0.018331761	-0.110474098	-0.135578732	-0.193998908	-0.013614408	-0.248295059	0.1369072	0.159592961	-0.021544158	-0.325715401	-0.264818998
UMARY	1079	0.128929489	-0.134547746	-0.084416317	0.128238361	-0.146800857	-0.003653438	-0.141172167	-0.130501692	0.234728516	-0.050017031	-0.072880728	0.157186253	-0.110367067	-0.313110924	2.013219805	-0.026935111	-0.043770258	-0.145771674	-0.198074641	-0.185007898	-0.009877041	-0.022097881	0.212222486	0.504307938	0.202132138
UMARY	1104	0.229096129	0.166573812	-0.063843159	0.087532812	-0.035736408	0.002396402	-0.069257568	-0.215240031	-0.094983223	0.096297789	-0.047332212	-0.242754321	0.075495997	-0.029453804	-0.032996277	0.133949556	-0.011214199	0.071702365	-0.045261216	-0.052737873	-0.043321942	0.334847247	0.344019772	-0.102579535	0.039547584
UMARY	1105	0.073897641	0.039901322	-0.088155951	0.416283714	-0.042361364	0.131647432	0.153804819	-0.182393139	0.132230898	0.394866188	0.097918849	0.25205285	0.087984263	-0.000446562	-0.336484574	-0.031005368	0.195723371	0.075647729	-0.319295283	0.148924976	-0.102363867	0.353937407	-0.306649261	-0.054152097	-0.104542903
UMARY	1114	-0.027880221	0.026529617	-0.019506174	-0.04651547	0.08938534	0.10040962	0.008670461	-0.198494341	0.333970873	-0.302235349	0.064040796	-0.060838777	0.049824228	-0.051448527	-0.084766174	-0.157669243	0.053228937	-0.092571601	-0.030206861	0.02354837	-0.221923917	-0.64047237	0.567266318	-0.181152368	0.061069896
UMARY	1133	-0.33652821	-0.021217867	-0.331519864	-0.581372011	0.083443181	0.089610727	-0.079012972	-0.104620414	0.099152099	0.46416184	0.175219118	1.161976906	0.158930999	0.294017309	-1.089777201	-0.299038489	0.175875467	-0.100783957	0.904323497	0.116652934	0.173851502	-0.441851369	0.758827301	-0.247411015	0.050178337
UMARY	1134	-0.201920708	0.036276962	-0.12330214	0.020057309	-0.008450032	0.099341913	0.010741241	-0.110222815	0.133702721	0.114382899	0.036431479	-0.209752087	0.003534084	-0.041120502	-0.567298936	-0.049647515	-0.009895077	-0.178110027	-0.007753919	0.104864426	0.015727776	-0.74486274	-0.102573092	-0.335595736	0.072281628
UMARY	1136	-0.006304946	-0.131500781	0.070451738	0.111988031	-0.06716856	-0.116744769	-0.06004044	-0.008423668	0.002411691	-0.006323748	-0.110852715	-0.0179609	-0.099668655	0.085436065	1.90597885	0.109026527	0.021220685	0.038577916	0.236324911	-0.07197902	-0.040854427	0.044346617	-0.296920397	0.053195709	0.004674416
UMARY	1158	-0.014276257	0.037170455	0.19596639	-0.223966273	-0.014636053	0.0372966	-0.010930855	0.145726251	-0.205794465	-0.049769186	0.01287716	-0.171507155	-0.019290182	0.036520609	0.177369652	-0.383814705	0.050377337	0.106302796	-0.512069247	-0.009606711	-0.110136678	0.054203413	-0.486388019	0.285083806	-0.087470658
UMARY	1170	-0.142646033	0.038838311	-0.020739303	-0.170808754	0.019730797	0.007560375	0.041850171	-0.033966339	-0.099849242	-0.000963627	0.013799014	0.172811445	0.007459349	-0.0369695	-0.399395478	-0.1803608	0.003001714	0.26054447	-0.221862119	-0.019764458	-0.066630618	-0.334044611	-0.147978169	-0.086117553	-0.119803665
UMARY	1206	0.111995454	0.12880291	0.259836067	-0.346727262	-0.036427361	-0.0012029	-0.04896535	0.181232999	-0.231091773	-0.048896236	-0.033912008	-0.465933082	-0.104939698	0.1643678	-0.442537774	-0.363945568	0.05201871	-0.215373958	-0.354730466	-0.01530274	0.333757327	0.112867952	-0.113932167	0.040399686	-0.286026973
UMARY	1209	-0.229413812	-0.018506631	-0.180126788	0.071384031	0.071806137	0.053528013	0.022382963	-0.142404298	-0.03363177	-0.002804067	0.083995844	-0.090780609	-0.002625309	-0.070919132	-0.573556998	0.304826229	-0.024813397	0.192415669	-0.153889362	-0.001209783	-0.266533154	-0.231334492	-0.060966216	-0.087112354	0.184315215
UMARY	1226	-0.379458434	0.011759169	-0.016462851	-0.078856337	-0.018463102	0.112365982	0.201481153	0.090651932	0.05861245	-0.112959092	0.007700273	-0.50393956	0.058086512	-0.039574421	-0.113249169	-0.126449831	-0.005238186	-0.378528919	-0.131952665	0.033520722	-0.064043746	-0.164524631	-0.378057745	-0.023892137	0.068692468
UMARY	1230	-0.12171721	0.068586252	-0.201955205	0.064871976	-0.002550186	0.025770546	-0.016423316	0.13270729	-0.084691539	0.096709767	0.019669174	0.250265956	0.006284958	-0.015353348	-0.754619564	0.019550291	0.018041718	0.200947918	0.260548737	-0.042854058	-0.006002413	0.27382238	0.185748265	-0.082378054	-0.023867093
UMARY	1260	0.06488057	0.243717481	0.00026141	-0.02444226	-0.00335181	0.181076013	0.205829957	0.041926955	-0.105656915	0.301672278	0.164462087	-0.562333796	0.135137164	-0.074377283	-0.377877537	-0.009385431	0.110138573	-0.026191135	-0.350481282	0.175862146	-0.35621435	0.398059798	0.144129202	0.04184461	0.146732235
UMARY	1326	0.330584918	0.090323928	0.096235316	-0.004353878	-0.027443177	0.053445454	-0.004973556	0.025337647	-0.074685245	-0.328016627	0.005415776	-0.256211541	0.022480537	0.062504764	-0.65788687	0.00858069	0.118820545	-0.270917666	0.317845359	0.024812906	0.044286114	-0.158579931	0.605035479	-0.190399224	-0.01680479
UMARY	1454	-0.039320765	-0.076372797	0.022861998	-0.298117039	0.013210644	-0.058455538	-0.00924832	0.024323196	-0.063367037	-0.017907141	0.001402968	0.420357101	-0.095324678	0.034611833	-0.68505853	-0.408620774	-0.042665455	0.150122048	-0.18623206	-0.048898521	0.288322618	0.559504086	0.172251427	-0.117667368	-0.053650236
UMARY	1465	0.02580524	-0.053296505	0.096361626	-0.096276462	-0.026860622	-0.018869945	-0.016221859	0.054149388	-0.053727071	-0.055918454	-0.092982815	-0.464050784	-0.047947526	0.047648961	2.776830181	-0.149613253	-0.055553665	0.150858415	-0.195341987	0.008304189	-0.023935032	0.197262133	-0.228999528	0.003872897	-0.094917309
UMARY	1486	0.097348856	0.006809059	0.179063245	-0.034606132	-0.098719912	-0.089710679	-0.060312587	-0.023525971	0.084261416	0.065296542	0.109845254	0.199230642	-0.015674157	-0.09172372	-0.676655047	0.199710051	-0.074523188	-0.063135236	-0.036103355	-0.065325988	0.061936557	-0.054072866	0.275643362	0.162170054	0.096312757
UMARY	1498	-0.050663371	-0.070101646	0.159573558	0.106590624	-0.027856399	0.002077266	-0.043792055	-0.101181212	-0.082365253	0.008935798	-0.057046867	-0.181167202	-0.108041166	0.037363733	0.187231615	0.159223876	-0.073561751	0.131637203	0.112296198	0.101277224	0.143497388	0.060961178	-0.308724635	-0.154427337	-0.048338397
UMARY	1502	0.172930565	0.013987457	-0.058335594	0.036818542	-0.149552252	-0.024297922	-0.002501026	-0.156559811	0.24960315	-0.098564765	-0.116254593	0.629027325	-0.097366176	-0.169932215	0.096934667	0.041083932	-0.171718997	0.021622011	0.321788813	-0.025005643	-0.026170539	0.392287324	0.535626367	1.538499813	0.148659398
UMARY	1535	0.019886993	-0.118534109	0.173024029	-0.036772876	-0.139968141	-0.052771557	0.022827105	0.182990107	0.303381523	-0.223508428	-0.011293819	0.428075317	0.02664594	0.041386032	0.916563039	-0.198028205	0.004290557	0.20690393	-0.050296266	0.030209813	0.049328698	-0.143719895	-0.424608584	0.099159188	0.219873701
UMARY	1540	-0.458121701	-0.152291342	-0.570714622	-0.152388811	-0.107051477	0.03683594	0.02089027	0.115292254	0.224133305	0.042992549	-0.031350736	-0.088504233	-0.195387385	-0.222468755	-0.505312887	-0.125756851	-0.059217606	-0.305010723	-0.518212567	-0.054237191	-0.234189663	-0.210227324	-0.299799489	-0.023147722	0.352569634
UMARY	1541	0.066440475	0.052897765	-0.067756575	-0.164759522	0.090383971	0.0844911	0.07668826	-0.297879158	0.020970253	-0.000272062	0.02820247	0.0921965	0.062918099	-0.046267396	-0.771805447	-0.067936781	0.093995333	0.234720064	0.040804388	0.076574907	0.165621311	0.389364271	-0.052358272	-0.118362654	0.074203406
UMARY	1544	0.134069102	0.126026876	-0.129697597	0.26191104	-0.091651507	-0.053550858	-0.143542365	-0.013792972	0.10146221	0.066226848	-0.108772518	0.358578291	-0.025481588	-0.142252487	-0.250315833	0.246429592	-0.098032287	0.359803072	-0.002606856	-0.171655661	-0.192969387	-0.172402287	0.234535488	-0.173277345	0.015936693
UMARY	1545	0.067321285	0.103235817	-0.179512302	0.371092888	-0.161740783	0.077391667	-0.03917223	0.37888462	0.2476516	0.225800246	0.157309884	1.154135136	0.184302631	0.082567254	-0.935508969	0.164156502	0.017178718	0.624756356	0.372280363	0.013593919	-0.172877817	-0.347705482	0.392239283	-0.303261803	0.250736802
UMARY	1568	-0.127972221	-0.105786302	0.032834991	-0.449883359	-0.028875013	0.014878471	0.011330673	0.042848734	0.206054931	0.017435183	0.121521416	0.749306534	0.162122877	0.097983831	0.093629484	-0.077866506	-0.075418587	0.091424731	0.254757483	-0.077080605	0.177163904	0.429015654	0.708564886	-0.370182827	0.027371355
UMARY	1570	0.141796846	0.078947495	-0.045431725	0.009362559	-0.019696128	0.094981287	0.021158408	-0.151338409	0.02205662	0.042344233	0.006948366	-0.333421503	-0.099804097	-0.06657551	-0.401815666	-0.079005385	0.03364398	-0.184727719	-0.176358003	0.060334183	0.223941476	0.206050506	0.083523859	-0.065601872	0.037908974
UMARY	1571	0.089834766	0.060773472	-0.271297722	0.327104637	-0.113565609	-0.027227729	-0.138675685	0.093285331	0.241961449	0.264691729	0.052450881	0.847132183	0.213335355	-0.122736378	-0.951018967	0.158454401	0.027475463	0.135520907	0.549527129	-0.072850509	-0.241315878	0.124035073	0.880592672	0.096358109	0.1414609
UMARY	1578	0.057572486	-0.227839573	-0.261311925	0.176245048	-0.120544298	-0.078084984	-0.101402198	0.096179529	0.350404819	-0.156070773	-0.080712787	0.399608811	0.104334833	-0.084312852	-0.92983633	0.235380336	-0.121433309	0.242138822	0.443348589	-0.180065237	0.069817293	0.277946265	0.176103229	-0.511468057	0.217519527
UMARY	1583	0.328883448	-0.028828349	0.165767798	-0.465250658	-0.021432819	0.161368051	0.130790839	0.163803812	-0.118139455	-0.51171885	0.057877379	0.398626733	0.101572952	0.319962241	-0.601956507	-0.93655398	0.115277373	0.059931856	-0.22608274	0.130897326	0.317623434	0.428872531	-0.28203663	0.450776782	-0.082707982
UMARY	1584	-0.300073278	0.062162928	-0.290570061	0.124317562	0.132692114	-0.055842508	-0.04824802	0.110855942	0.102401759	-0.196605726	0.031798856	0.039207473	-0.157278723	-0.122254293	-0.197023782	0.286292598	-0.066646896	0.004239848	0.376412665	-0.054683097	0.206836685	0.352143492	0.239854104	-0.223911451	0.023266202
UMARY	1611	-0.048707401	-0.061959928	0.113121407	0.264326125	0.042348792	-0.164096806	-0.270960963	0.269535915	0.046471552	-0.028883095	-0.076884332	-0.035159497	-0.073206269	0.009503286	2.510770521	0.524534891	-0.155851183	-0.212168705	0.375610081	-0.184724749	-0.25400212	-0.205931836	0.040058354	-0.120925955	0.004814704
UMARY	1612	0.310973115	0.014547266	0.032096233	-0.11826635	0.281602824	0.037129248	-0.045466054	0.251766455	-0.438206535	0.136603829	0.00101344	-0.900096401	0.12440609	0.188766148	0.849040913	-0.107424156	0.129081055	0.083384472	0.377682208	0.013586842	0.218627693	-0.510028412	-0.365124277	0.020147358	-0.150680102
UMARY	1613	0.021166415	0.303452674	0.593667776	-0.322928103	0.147274775	0.030057023	-0.021321987	-0.373694186	-0.454151319	-0.007853487	0.007989136	-1.089699247	0.018762439	0.144044676	-1.099428467	-0.4893125	0.036986109	-0.281922716	-0.724624977	0.043140596	0.292530702	0.633082129	-0.645410818	-0.078637982	-0.368966481
UMARY	1614	-0.113497794	-0.034010107	-0.06189537	-0.164168813	0.112585482	-0.020112814	-0.010759613	-0.063994445	-0.232495425	0.001097095	0.03891302	-0.625050301	0.138398198	0.101194433	1.146818585	0.033238229	0.137838427	-0.344272034	0.232927784	0.004006167	0.094060793	-0.067263624	-0.040052881	0.000728788	-0.031528894
UMARY	1648	0.277570387	-0.084289713	-0.076369984	-0.00385271	0.124408116	0.026802699	0.028826687	0.074795694	-0.163885138	0.166209979	0.045285961	-0.480001572	-0.022243584	-0.10067652	-0.19901073	0.240858861	-0.009153179	-0.291729404	-0.153104098	0.003668136	-0.133696954	-0.358466309	0.346720687	-0.164952768	0.094766591
UMARY	1652	-0.012472909	0.20098821	0.376193408	-0.247678264	0.071020489	-0.044664378	0.038411941	-0.370967101	-0.522075267	-0.324488366	-0.10658074	-0.872621079	-0.037565743	0.185350595	0.026650529	-0.757763713	0.121854951	-0.051735027	-0.63365978	-0.015088008	0.187594064	0.868847501	-0.642895448	0.126469642	-0.436836478
UMARY	1668	-0.060906534	0.248016752	0.213338881	-0.186534618	-0.017960807	0.15407502	0.08047478	-0.23254899	-0.143876616	0.068732155	0.048177147	-0.286557146	0.141879751	0.250364085	-0.062704349	-0.178808209	0.057774456	-0.139711433	-0.163465376	0.119452054	0.134047732	-0.227400833	0.017909624	0.005554466	-0.072361721
UMARY	1710	0.118793769	-0.09773592	0.139382048	0.153839924	-0.156559705	-0.118189264	0.044762852	0.150780427	-0.080288705	0.184902291	-0.013917242	-0.499790632	0.088475747	-0.242541587	2.438536878	0.427928042	-0.100404488	-0.128942081	0.160122583	0.058206165	-0.046009125	-0.395722773	-0.243110796	-0.002005126	-0.072426373
UMARY	1712	0.143868945	0.061433458	0.104368242	-0.035516293	0.064145455	0.16137696	0.001615899	-0.187393471	-0.02072188	-0.050094555	0.033873485	0.006466956	-0.010059063	0.086119748	-0.062194183	-0.182765774	0.037024409	-0.097035883	-0.386415544	0.106827289	-0.239403582	-0.315045414	-0.290296771	0.071738129	0.045868582
UMARY	1713	0.083713599	-0.014379688	0.202845452	0.181423511	-0.055809921	0.024595499	-0.054747627	0.030985684	0.141709617	-0.20781565	-0.046265468	0.426446048	-0.112784053	-0.163018853	0.529313722	0.044896824	-0.046973561	0.039878111	0.192177605	-0.027312413	0.070209615	0.254747119	0.14160351	0.516650379	-0.018505242
UMARY	1715	0.078196958	0.021887234	0.034995369	0.002719754	0.038144963	0.004850283	0.010696976	-0.505888168	0.075124921	0.138564807	-0.024111574	0.151735177	-0.054959108	-0.056499449	-0.038866778	0.07362364	0.071037243	-0.149934993	-0.243295132	0.017421785	-0.229039415	0.338042295	-0.297260944	0.260684345	-0.113287713
UMARY	1792	0.089843254	-0.011887581	-0.122848602	0.263581818	-0.009962313	0.007298714	0.034468217	0.244275532	0.357871841	0.013182867	-0.092181481	0.190132222	-0.093291672	-0.128318119	-0.604653694	0.163971848	0.002069893	0.103095309	-0.096638444	0.078761309	-0.125612432	-0.049470616	0.024907853	-0.150074791	0.190912266
UMARY	1795	-0.166395043	-0.087636405	-0.112626308	0.219788882	0.002921174	-0.037368768	-0.057820278	0.180829543	0.179614945	0.04011432	-0.039155431	0.422001798	-0.029506662	0.022050572	0.554219287	0.386276778	-0.044521043	0.162095376	0.264247161	0.016149384	-0.049477453	-0.220322484	-0.368213187	-0.060058073	0.039371149
UMARY	1797	0.124591141	0.03085063	-0.079264373	0.139007808	-0.101259146	-0.087665004	0.160349177	0.234885617	-0.272944893	0.155210992	0.040435003	-0.090003128	0.138764142	-0.034211268	-0.221570054	0.564019145	0.036530504	0.180162252	0.307547736	-0.003356606	-0.078041092	-0.007410239	-0.082828681	-0.003621041	-0.001717282
UMARY	1825	-0.083727093	-0.022114922	-0.047050993	-0.033385006	-0.083686184	-0.02606177	-0.103690514	0.255233806	0.021748266	0.036843643	-0.080786634	0.193504861	0.005193643	-0.128697259	-0.162936413	0.253515978	-0.069639488	0.003486159	-0.068526204	-0.059051912	-0.139738721	0.28718397	0.143421535	-0.125962637	0.096368784
UMARY	1827	-0.082307574	-0.102771122	-0.272152594	0.393568807	-0.086556375	-0.049247629	-0.039255733	0.039270008	0.306101086	-0.012270135	-0.034332205	0.166851954	-0.032836821	0.023194916	1.173476297	0.146076629	-0.024123305	0.133184953	0.338867365	-0.030773183	-0.031182774	0.699907484	-0.067809488	-0.397792576	0.261857166
UMARY	1830	-0.042447202	0.034442182	-0.032097273	-0.204247848	0.113741652	0.187207479	0.233600903	0.136942785	0.16147855	-0.192317784	0.138848851	0.379765052	0.086845157	0.156283098	-0.911093706	-0.496368981	0.121566411	0.080210885	-0.364326927	0.230084172	-0.087351372	0.69787438	-0.057018147	-0.068950205	-0.015096047
UMARY	1846	-0.071234263	-0.003419548	-0.022773005	-0.055695867	-0.04976661	-0.000476245	0.057203937	0.167535513	0.136673638	-0.002246111	0.01614003	0.467823028	-0.038679752	-0.199796901	-0.484234656	-0.230851395	0.002785309	0.283567365	-0.327934952	0.020142588	-0.224935946	0.178422014	-0.240132622	0.019867847	0.273301938
UMARY	1847	0.037451642	-0.050707421	-0.092302529	0.268380417	-0.046719342	0.049830599	-0.096630258	0.022647885	0.411950349	0.394622202	0.029712789	0.454730099	-0.030066882	-0.098930555	0.960092945	0.282014601	-0.062578346	0.069955091	-0.164099246	0.005593057	-0.059144907	0.297025931	-0.089386103	0.011447791	0.155978849
UMARY	1849	-0.212382816	-0.111117191	-0.172396025	-0.024192819	0.051920224	-0.037469955	-0.032919223	0.305714657	0.214088745	-0.14263457	0.145450689	0.892973649	0.047770118	-0.153204465	-0.309190457	-0.403536005	-0.054605755	-0.256924618	0.026688188	0.076149185	0.310619444	0.232188571	0.529749507	0.108468892	0.096697901
UMARY	1862	-0.092066655	0.089694884	0.052855721	0.289534861	-0.010199211	0.095106558	-0.000490524	0.206938912	0.352084298	-0.071792612	0.041577933	0.413045422	-0.01542947	0.021733434	-0.811041808	0.123066259	0.037949973	0.002598974	0.180605339	0.029445073	-0.241452641	0.646048083	-0.001846407	0.092018713	0.097625977
UMARY	1865	-0.026848471	0.064863624	-0.202225523	0.164788775	0.077873654	0.051722083	0.073376716	-0.176479059	-0.216342471	0.100276456	0.001197863	-0.627213305	0.023804065	-0.04209298	-0.464047168	0.178742822	-0.024574115	0.076275459	-0.293873089	0.080557073	0.19733197	0.610084927	-0.510049374	-0.35908437	-0.073741769
UMARY	1866	-0.026914976	-0.001642963	0.164688897	0.043585298	-0.178934923	-0.155383789	-0.20439304	0.043675311	0.034150947	0.014473081	-0.155767227	-0.008680322	-0.166260746	0.022001103	1.209419937	0.155779188	-0.076829794	0.025476667	0.237444088	-0.104169789	0.104281174	-0.297594216	0.251915541	0.024688547	-0.11314923
UMARY	1867	-0.150447242	-0.157843997	0.064641045	0.125923488	-0.087023924	-0.019510508	-0.095255394	-0.020979245	0.047413789	0.151376574	-0.074640244	-0.614302125	-0.033510463	-0.134309135	-0.883558596	0.267475606	-0.046906504	-0.076832262	0.034389321	-0.036991928	-0.199569267	0.059443238	0.123822449	-0.428839547	0.049027265
UMARY	1902	0.155751017	0.095354996	-0.028698326	0.169199131	0.03025622	0.051420584	0.102645341	-0.01564191	-0.277863406	0.164407811	0.014064076	-0.927224514	0.021294591	-0.057000024	0.012237068	0.298827761	0.078717554	-0.20230605	-0.11968288	0.085962176	-0.073705316	-0.024415522	0.166633897	-0.270647501	-0.076291933
UMARY	1903	0.090188724	-0.002376319	0.061618368	0.037605696	0.030664096	0.113474628	0.016934539	0.051979783	-0.110533112	0.301825495	-0.00906817	-0.558180009	-0.012154528	-0.053535494	0.046702613	0.37850242	0.052925765	-0.168223066	0.085940937	0.066227477	-0.236374742	0.100196128	0.380716741	-0.070214936	-0.139656371
UMARY	1907	-0.124865834	-0.073625781	-0.132162753	-0.077119667	-0.079549029	-0.124497411	-0.049936478	-0.142051969	-0.089679623	0.169101039	-0.147288003	-0.51624215	-0.073179025	-0.165630642	1.907285973	-0.030093095	-0.102072473	-0.040244271	0.149441231	-0.11043005	-0.045529775	-0.274258784	-0.17493461	0.523245159	-0.202308158
UMARY	1917	0.013559918	0.038318566	-0.130409573	0.167775251	-0.065878781	-0.011817381	-0.045365846	0.490517781	0.055853793	0.215190978	-0.116196465	-0.361940024	-0.005168613	-0.117755676	-0.248577492	0.535996969	0.106021505	-0.022194556	0.032239912	-0.150341404	-0.158990405	0.211833394	-0.169117133	-0.374105565	0.032177197
UMARY	1935	0.036537208	-0.226687493	-0.376947946	-0.224018835	-0.176474435	-0.135816359	-0.127847572	-0.059947059	0.118638678	0.090369063	-0.118564555	0.370370977	-0.09658346	-0.028683639	-0.35735736	-0.273548281	-0.14966682	0.15048263	0.207540181	-0.241634481	0.183504272	-0.488911248	-0.066933004	-0.36665922	0.05232437
UMARY	1936	-0.136293939	-0.183017048	-0.017847112	0.329699972	-0.071832754	0.061067257	-0.10317532	-0.296002436	0.113043115	-0.327920514	-0.011314311	0.231539281	-0.088126683	-0.127980595	2.024168341	-0.093369475	-0.082215698	-0.317691333	0.590161671	0.017999345	-0.197067787	-0.149593392	0.390679691	0.666979272	0.045816859
UMARY	1939	-0.161745589	0.137430707	0.779892078	0.218199217	0.488197022	0.129119337	0.572267389	-0.496992853	-0.105711179	-0.42915824	0.218163229	0.135102215	-0.369982702	0.408861605	-1.217891352	-0.037823212	0.285146317	-0.018966454	-1.572528339	0.721449844	-0.262172158	-0.877449465	-1.57874177	0.225595536	-0.296372573
UMARY	1940	-0.217885844	-0.051176352	-0.149015596	-0.055785319	-0.007703677	-0.07477429	-0.071784223	0.066357202	0.000906808	0.068784156	-0.038104729	-0.322593018	-0.060195073	0.123355584	0.730175118	0.438481778	0.114169464	-0.430697368	0.009797916	-0.031445831	-0.149597247	-0.19953544	-0.101773381	0.485107733	-0.151300468
UMARY	4263	0.285971261	0.119381715	0.464202736	-0.476858204	-0.124879465	-0.090647736	0.106942754	-0.006857172	-0.461369349	-0.0442907	0.049283689	-0.362369772	0.208279711	-0.07199452	-0.32028126	0.030226684	0.102031087	0.371143415	-0.757553427	-0.046302697	0.089445745	-0.452680671	-0.373743714	0.04681137	-0.134343306
UMARY	4540	-0.07335382	-0.007007931	0.117329471	-0.138116783	-0.024937941	0.009619088	0.101421597	-0.209914062	-0.119030313	0.182148698	-0.10400382	0.230026437	-0.108346497	-0.108095361	-0.443770144	0.201702086	-0.024595003	0.05721127	-0.023993872	0.007566899	0.05616801	-0.26215937	0.075209845	-0.13520551	-0.196230727
UMARY	4542	-0.153523975	-0.064690442	-0.004506902	0.243274006	-0.057237453	-0.050828997	-0.020975625	-0.039126387	-0.003532193	0.10847361	-0.025649755	0.173466492	-0.058826143	-0.058071368	-0.921760013	0.053556671	-0.036157039	0.241709566	0.4661523	-0.027140333	-0.014972291	0.173117929	-0.060632086	-0.358895517	-0.149811376
UMARY	4543	0.114446855	0.014340305	0.071782222	0.15389488	-0.038648151	0.028618734	-0.052516364	-0.172936817	-0.008141665	-0.275588799	-0.163936935	0.031751638	-0.018313324	-0.140339687	-0.108416377	0.042549875	-0.018035658	0.123583178	0.371107135	-0.115510222	0.041244843	-0.026142276	0.015315291	-0.455879727	0.032267658
UMARY	4549	0.398793463	0.069042289	0.081744973	-0.003193426	-0.099956009	0.054589767	-0.01425015	-0.263673194	-0.034734035	-0.004915554	-0.104057549	-0.752393055	-0.110329834	0.024937694	-0.548668307	0.235355414	-0.008360534	0.073440601	0.557771559	0.054139311	0.33880629	0.541959376	0.466713554	-0.359976553	0.287105598
UMARY	4590	-0.087780173	-0.063859307	-0.093320261	0.293064091	-0.138230764	-0.134705222	0.028858232	0.219171361	-0.039343706	0.037325967	0.151889622	0.236663625	0.084540503	-0.06189955	-0.892330943	0.209012546	-0.031005312	0.243235987	0.078322906	-0.202441931	0.061431846	-0.213368341	0.077338719	0.048533424	0.172408567
UMARY	4593	0.031509745	-0.072389608	0.10336293	-0.210458089	-0.09606204	0.016085913	0.013963854	-0.051502795	0.046795652	-0.101493126	0.050771961	-0.006678129	-0.032990522	-0.002560538	-0.093092361	-0.220381136	-0.033704181	-0.113131762	-0.120661121	-0.019377634	0.119480797	0.200871523	-0.000918614	0.013398145	-0.150075118
UMARY	4598	0.058376928	-0.076905646	-0.084971531	-0.020146224	-0.130160075	0.001392987	-0.143044657	-0.101770068	-0.072641956	-0.082956803	-0.0765037	-0.208018806	-0.04667681	-0.148338492	-0.000368297	0.017816677	-0.017431558	-0.263154943	0.231315572	-0.091954308	0.272695315	-0.073929858	0.012952885	-0.339171418	0.019789752
UMARY	4636	0.104694112	-0.123167657	-0.026186366	0.088028884	-0.07380172	-0.068511304	-0.028158164	-0.1486087	-0.026055036	-0.083220165	-0.1178139	-0.079588741	-0.140123096	-0.034322092	-0.062085277	0.027638773	-0.012667849	-0.111155661	0.372019628	-0.166834837	-0.201743851	0.026842301	-0.122533276	-0.228306769	-0.024479853
UMARY	4640	0.003802007	-0.162278124	-0.135157885	-0.316421074	-0.139489948	-0.05335641	-0.006984101	0.083000958	0.056069537	-0.089548884	-0.016985634	0.077937623	-0.121058985	-0.085222665	-0.119637577	0.051972244	-0.135491599	-0.357223747	-0.118814669	-0.098449296	0.307097003	-0.64513417	0.393811122	-0.382406403	0.142752642
UMARY	4725	0.182474255	0.001621697	-0.013966694	0.086890019	-0.115095179	-0.150189706	0.022936476	-0.073370153	-0.027330039	0.112841831	0.03748998	0.242765817	-0.075625172	-0.144522883	-0.086143407	0.180791613	-0.043034893	0.169543844	0.142426749	0.003776467	-0.020285174	0.068103048	0.351597657	-0.184260154	0.058473122
UMARY	4726	0.168194352	0.063030358	-0.084186374	0.174559626	-0.083117332	-0.072906093	-0.069627246	0.231399164	0.113235474	-0.108673766	0.027689535	0.395571856	-0.028943318	-0.004070189	-0.300769739	0.021852366	0.04350392	0.230762385	0.427957088	-0.027476829	0.056257448	0.499703507	0.138960709	-0.126547849	0.133143114
UMARY	4727	-0.345593832	-0.004245725	0.02716286	-0.095453046	0.036583652	0.100868873	-0.023020561	0.007518281	0.248972395	0.116538733	0.060559621	1.310073202	0.076974888	0.01984219	-0.169888429	-0.116628903	0.00454002	0.041133428	-0.139220998	-0.008253201	0.07988146	-0.65829164	0.311509043	-0.091946569	0.063995785
UMARY	4729	-0.060193538	0.02468505	0.361822698	-0.364007973	0.068264212	0.20400977	0.002665054	0.168631537	-0.263609875	-0.034710915	0.007290847	-0.466453031	0.044537387	0.149555589	0.012422978	-0.152547745	-0.058924064	0.185998963	-0.427652454	0.113447468	0.211012436	-0.777629446	-0.659619535	0.009968458	-0.035597678
UMARY	4782	0.196925499	-0.097522128	-0.096499047	0.018957811	-0.147708995	-0.100547166	-0.09688968	-0.122042635	-0.096459091	-0.255168202	-0.104427751	0.176253818	-0.043121712	-0.121875371	1.113139057	0.085225444	-0.094827646	0.179892261	0.330467284	-0.042314871	0.31081158	0.300880749	0.11042885	0.149690772	0.101326572
UMARY	4786	-0.324683575	-0.073890774	0.102792292	-0.268398593	0.065182376	0.092262838	-0.007309799	-0.08979012	0.182364068	-0.231235969	0.024829781	-0.266436994	-0.006955888	0.029464385	-0.384749924	0.060024809	0.064974199	-0.122208776	-0.176385008	0.077228601	0.265221187	-0.41892685	-0.434166679	0.043215637	0.192321515
UMARY	4788	-0.080040494	-0.22323712	0.277843798	-0.353036783	-0.028605711	-0.20102427	-0.014635313	0.191843247	-0.258652431	-0.379429706	-0.096644656	-0.074752256	-0.086673195	-0.064792116	2.469773327	-0.43691481	-0.079161733	0.038180738	-0.670373891	-0.18203564	0.159418849	-0.855812978	-0.792264658	2.709883934	-0.343673184
UMARY	4789	0.043627617	-0.013006991	0.440076524	-0.204152805	0.120209899	0.027492893	-0.10656898	0.127182239	0.086335472	-0.327885396	0.061868374	0.580053675	0.000803743	0.128046523	3.420695225	-0.71514899	0.135914924	0.170494564	-0.952525126	-0.063193201	-0.130181519	-0.596362989	-1.713303619	0.20222966	-0.02440617
UMARY	4841	-0.069172402	-0.030086536	-0.080377115	0.146928419	-0.028483726	-0.034911462	0.026187905	0.016035201	0.035864485	0.50537854	0.006149555	-0.748583069	-0.069313674	-0.011291778	0.481223684	0.435682645	0.045753232	-0.126205507	-0.324336835	-0.019336767	-0.167818943	-0.047436846	-0.713951557	-0.245661216	-0.192743928
UMARY	4842	0.083946927	-0.004088894	0.201550542	-0.533499773	0.340761731	0.00383074	0.117260418	0.114152298	-0.497089933	0.212010581	0.073672972	-0.681740745	0.332960076	0.321180943	-0.060809381	-0.223698991	-0.018673084	-0.07476771	-0.69856776	0.155696103	-0.165014026	0.650162232	-0.244151012	-0.049668888	-0.304382879
UMARY	4903	0.292037827	-0.136574498	-0.127165321	-0.080608399	-0.034917659	-0.029292684	-0.139016838	-0.055286217	-0.136955726	0.190783032	0.008914759	0.017496261	0.095872163	-0.018973905	-0.681257163	-0.138668316	0.022577644	0.300027568	-0.019077179	-0.035644019	-0.163998232	0.041189321	0.221367402	-0.277272091	0.031953381
UMARY	4915	-0.076620713	0.265898129	-0.134887968	0.100465374	0.111749803	0.03258553	0.138989628	-0.070274005	-0.257418398	0.191073333	0.062094641	-1.092407746	-0.052981607	-0.026938574	0.291335002	0.400032224	0.051037793	-0.134220891	-0.362318954	0.064759901	-0.017499194	-0.151569338	-0.235087594	-0.060344343	-0.16488418
UMARY	4916	-0.128274225	0.088165169	-0.129012966	0.394508818	-0.056819777	-0.025790142	0.035000785	0.146071412	0.059122373	0.255296494	-0.030636562	-0.4243909	0.043720551	-0.076391576	-0.253266672	0.567658935	-0.030853231	-0.040728919	0.075010718	0.047796231	-0.368020988	0.402198098	-0.13469077	-0.002193658	0.005741604
UMARY	4924	0.296197773	0.14312431	-0.040544981	0.170963865	0.048424365	0.23365666	0.175701772	0.226633268	0.150939109	-0.305466758	0.220709712	0.789989678	-0.013812148	0.111288441	0.302062358	-0.443406429	0.204917597	0.319409684	0.081637691	0.240495617	-0.242468279	-0.208763757	-0.17417646	0.215698524	0.150583688
UMARY	5024	-0.302255289	0.304716221	0.1565164	1.037300096	0.162847498	0.041229979	0.024520843	0.02520652	-0.168435503	0.05602501	0.008675785	0.366718044	0.075624183	-0.103059336	0.109662878	-0.065238267	-0.00098509	0.135442267	0.128688622	-0.013173941	-0.537516836	-0.02679514	0.701729987	2.532819791	-0.365039108
UMARY	5028	-0.083279982	-0.003395665	-0.207426614	0.180186125	-0.000755645	-0.027615329	0.132882929	0.244136924	0.112117116	-0.223860842	-0.04714246	0.489513862	0.028696146	0.219077778	-1.037698755	0.00809953	-0.111697723	-0.068091206	0.43211488	-0.035877133	0.12612518	-0.210812644	0.709091085	-0.621180942	0.133636288
UMARY	5078	-0.178303913	-0.157509533	-0.193438618	0.075162321	-0.057189741	-0.176568222	-0.035561739	-0.216679129	0.184219045	-0.185190918	-0.093766074	0.053293685	-0.080207335	-0.099577519	0.116112853	0.178150502	-0.037808478	-0.009254401	0.493205122	-0.178095922	0.02410528	-0.059379425	0.451474324	-0.33361917	-0.044368742
UMARY	5079	-0.103224098	-0.108237415	-0.199868056	-0.177569087	-0.008652534	-0.03545455	-0.044972469	-0.195031763	0.081559672	-0.11379734	-0.07203269	0.677806446	0.031298649	0.053555555	-0.242874401	-0.249529184	-0.0103143	0.02680489	0.338762876	-0.075793308	0.153701618	-0.628757762	0.045202049	-0.13404088	0.068275006
UMARY	5081	0.089322732	0.011220918	0.058617812	0.02807279	-0.011659709	-0.009929411	-0.104521063	0.112940839	0.057980127	0.13527697	-0.060791985	0.005829491	-0.085320299	-0.060088016	1.21066399	0.207336312	-0.066293063	0.027758339	0.196398415	-0.050928065	-0.091423429	0.727825782	0.143324705	-0.295088843	0.155396285
UMARY	5086	0.04333751	-0.054174811	0.151499452	0.085013851	0.055349257	-0.05184555	0.05968668	0.068770278	0.092129413	-0.047301299	0.006271068	0.223914604	0.036632987	0.054138114	-0.663712255	-0.12933151	0.056508131	-0.021191811	-0.188123456	0.026439768	0.118908616	-0.081085277	-0.010656698	-0.113399682	0.085733408
UMARY	5087	0.134126936	0.121769608	0.017561599	-0.286767075	0.124696763	0.100576684	0.111481129	-0.194646103	0.139403625	-0.238076803	0.014252934	0.24919259	0.041419941	0.196104502	-0.350629313	-0.738186212	0.079984762	0.086883905	-0.317770892	0.099183734	0.196924059	0.105661725	-0.138854153	-0.213836016	0.138739689
