FID	IID	1	2	3	4	5	6	7	8	9	10	11	12	13	14	15	16	17	18	19	20	21	22	23	24	25
BLSA	745	-1.006646945	0.32625232	-0.076192543	0.549489132	1.537569449	-0.536087092	-0.163758957	0.252091796	0.703990761	0.344367805	0.557279529	0.799651991	-0.029018674	0.518117387	0.595880154	-2.081908879	0.157816908	-0.138163979	-0.432884232	-0.150392327	-0.067157818	0.323532915	-0.998026299	0.893979566	0.075078812
BLSA	827	-0.005779451	0.129734223	0.09009145	0.015228171	0.846297176	-0.487622107	1.590345425	-0.128068309	-0.245934193	-0.096449863	-0.021574415	1.190968677	0.681581173	0.372419804	-0.002109636	-1.752926009	0.163425846	-0.196007066	-0.073953742	-0.131524055	0.370857784	0.151358375	-0.294425128	0.865687493	0.023191799
BLSA	1556	0.242546646	-0.239786031	-0.140469062	0.108136458	-0.094289277	0.080592256	0.308253568	0.202508734	0.016513213	-0.068591455	-0.092399202	-0.407763347	0.058812668	0.123155753	0.100468579	0.043646302	-0.277263597	0.010429569	-0.0230568	0.009386821	0.227053543	-0.050031403	0.442468154	-0.084268319	-0.033366081
BLSA	1579	0.065813191	-0.332115032	-0.242385355	-0.300742281	0.252271307	0.293193437	0.198969734	-0.12171517	-0.023365522	-0.204844082	0.015085428	-0.24999762	-0.025955516	-0.23978638	-0.44488907	0.203320431	-0.08893879	-0.058800532	-0.009503315	-0.231793227	-0.162352156	-0.2313806	0.235319452	0.043438856	-0.112002088
BLSA	1595	-0.047770325	0.674671442	-0.278351771	-1.210688124	0.205830341	0.165133618	-0.690443717	0.013625204	-0.075400424	-0.021331767	-0.093800987	0.292058689	0.595827562	0.643719334	-0.212889195	-0.849388185	-0.080099394	-0.43778165	-0.501971775	0.945304628	0.158755663	0.699478922	-0.151478097	0.010517969	0.078623863
BLSA	1603	-0.543982885	0.000769539	0.034769462	0.064009456	-0.355337878	0.255263954	-0.115840466	-0.015626955	0.030444409	0.053554212	-0.022982407	-0.497774501	-0.349538151	-0.166903271	-0.108705942	1.071611736	-0.014928352	-0.227472969	-0.334878862	-0.029411905	-0.116551489	-0.010145803	-0.185633612	-0.599011365	0.057945457
BLSA	1640	0.227147959	0.104199932	0.121207756	-0.210876662	-0.43940157	0.329590735	0.623161282	0.140545776	-0.364530243	0.094670065	-0.016373379	-0.406314329	0.084362396	0.124880896	0.040552013	0.240508819	-0.048184207	0.273278575	-0.228903251	-0.082909231	0.130310792	0.120222516	0.169177744	-0.143595363	0.045734271
BLSA	1775	0.415741045	-0.046693659	-0.405195044	-0.046153793	0.45650789	-0.443503887	0.4189043	-0.208520033	0.197476334	-0.409086809	0.07768009	1.092056077	-0.367207799	0.114419244	0.045913332	-0.74273585	-0.260567799	0.191192709	0.583663186	0.141885204	-0.28884645	0.005102273	-0.044597599	0.245098634	-0.039033126
BLSA	1802	0.13343334	-0.065574364	0.06275209	0.004386019	-0.306512809	0.204389044	-0.658104185	-0.03829325	0.130967698	-0.015208951	0.0326254	-0.465712984	-0.654608884	-0.225793551	0.039326522	0.756147499	0.10423442	0.141215125	0.223501004	-0.084083357	0.200101523	-0.098675389	-0.402370657	-0.188569473	0.110370798
BLSA	1805	-0.53940667	-0.266636211	-0.025117445	-0.071673778	-0.33745513	0.028686677	-0.905089471	-0.099827603	0.273222887	-0.102192816	-0.208759582	-0.897078695	-0.570324954	-0.311148712	-0.151991218	0.918446326	0.099157407	-0.015843204	-0.012424582	-0.036501589	-0.277374333	-0.178557305	0.053516707	-0.587456908	-0.033754343
BLSA	1838	0.052827687	0.077943228	-0.134377777	0.009144517	0.263611987	-0.02953477	-0.897211628	-0.144262861	0.018150813	0.182277615	0.003792242	-0.32326319	-0.367242379	0.040544443	-0.068508817	0.019605697	-0.253965649	0.276896238	0.209451626	-0.140269933	-0.421070611	-0.239560669	-0.404146966	0.012544592	0.173274689
BLSA	1839	-0.635523359	-0.14004781	0.136852596	0.327878745	-0.226785934	-0.068276707	-1.344219305	-0.01901317	0.4709149	-0.000307201	0.005210405	-0.131974364	-0.196934714	-0.281223041	-0.127021862	0.19059081	0.190834765	-0.13212826	-0.1729151	-0.079343367	-0.211115941	0.090487615	-0.110102096	-0.122222063	0.030137105
BLSA	1840	-0.21518777	-0.029496386	0.028445632	0.23188427	-0.127753797	0.134634393	0.322869122	-0.020668169	0.013157815	-0.120640915	0.017083732	-0.285966465	-0.200395395	-0.344144197	-0.076089059	0.113870047	0.158561797	0.016580347	0.046505395	-0.311598343	-0.01621915	-0.057184034	0.280883242	-0.080209818	-0.053225356
BLSA	1883	-0.03313619	-0.066428967	-0.044335092	0.036615636	0.012041657	-0.108536536	-0.117634635	-0.157013805	-0.089421378	-0.043334852	0.114004483	0.115688073	-0.075451175	-0.106085426	0.037699323	-0.331063804	-0.078751369	-0.066578576	0.075434429	0.087723291	0.030145621	-0.1594912	0.656155246	0.01882203	-0.0809219
BLSA	1889	-0.104574079	-0.119010022	0.097893197	0.216935309	-0.242277088	-0.155373355	-0.051298886	0.038048876	0.013051806	0.071853811	0.033811408	-0.186647861	-0.200491716	-0.281801252	0.063015408	0.53005978	-0.030232612	0.170911457	0.204967113	-0.183351093	-0.076729535	-0.115834927	0.114926918	-0.030481289	0.042737132
BLSA	1924	-0.101323338	0.005149154	0.04046336	-0.170429679	0.094581752	0.095341875	-0.41754295	-0.290415872	0.10458817	-0.114389469	-0.193682746	-0.294545642	-0.091879415	-0.054785927	0.023159242	-0.277561728	0.043669737	0.175480983	0.113903517	-0.041236596	0.101389385	-0.092348461	-0.21618019	0.382422574	-0.021262961
BLSA	1961	-0.38055482	0.056553341	0.334815725	0.146989435	-0.76656277	-0.162931223	0.173197981	0.142491377	0.074563604	0.136650533	-0.189659762	-0.432020292	-0.018481003	-0.20811287	-0.017957727	0.407814222	0.124034105	-0.216846177	0.145610797	0.158947723	-0.04794768	-0.022787126	0.16527761	-0.521546751	-0.122079496
BLSA	2000	0.123981441	-0.15150025	0.018747818	0.182249139	-0.169714932	0.023405771	1.068926099	-0.053342132	-0.135155122	0.091557458	0.051209007	0.247710449	-0.442809782	-0.132972239	-0.184038176	0.519142273	0.204927475	-0.007098645	0.032685172	-0.091995565	-0.093195905	-0.12462988	-0.445748379	-0.057901065	0.027733068
BLSA	2020	0.190378588	0.0189626	-0.06283717	0.10731507	0.39383443	-0.088337294	0.106144658	0.107597122	-0.111045558	-0.062901256	0.149202005	0.312097588	0.237406524	0.134046739	0.114096985	-0.240562255	-0.19919358	0.187683738	-0.024932015	-0.049978937	0.338179933	-0.147558972	0.032716415	0.234905424	-0.065941789
BLSA	2037	0.646415035	-0.037127661	0.085074584	-0.002806514	-0.525669184	0.093307986	0.036058023	0.078062507	-0.207463292	0.096565993	-0.047643728	0.234321215	0.520779284	-0.062051371	-0.169426895	0.21354262	-0.089876145	-0.066400797	-0.308050484	-0.057799696	0.146585809	-0.111511728	0.021248786	-0.056943323	-0.33601054
BLSA	2066	0.037256444	-0.065749402	0.094957985	-0.048453303	-0.090813101	0.196873091	0.109774342	-0.022040002	-0.084148737	0.01182732	-0.069438878	-0.121451683	0.18824627	-0.049900992	0.090302898	0.206790395	0.180275995	0.032322792	0.259648801	0.010275004	-0.231344408	0.006784161	0.469543529	-0.092879777	0.022936891
BLSA	2069	0.261547029	-0.023718261	0.130630105	0.019368095	-0.463468654	0.132652595	0.252599142	0.220921763	0.078349167	0.071250055	-0.129725199	-0.235743582	0.376059848	0.108034624	0.225747032	0.794087453	-0.082754098	0.003554931	-0.255364107	0.019454906	-0.275418519	0.044857399	-0.188422181	-0.485945703	-0.275550221
BLSA	2093	0.097066981	-0.161853654	-0.125463555	-0.082307016	0.118768246	-0.069395309	0.178003927	-0.139012856	-0.163581219	-0.116333277	0.248469077	0.403228613	-0.03937284	-0.240124191	-0.072841703	-0.051539994	0.110858312	0.13575252	0.128074552	-0.017285323	-0.13208463	-0.07039409	0.643519879	0.206233136	0.365910356
BLSA	2102	1.119730447	0.351501932	0.258023055	0.124501701	-0.035272112	0.116532847	-0.026063402	0.261927033	-0.625345888	0.221037844	-0.21941252	0.248473183	0.886636672	0.525495196	0.260307813	0.098502297	-0.033041177	-0.052177129	0.355392673	0.346496967	0.714028572	0.268267408	0.156377523	0.137380944	0.119473658
JHU	384	-0.287528388	-0.120468523	-0.096975916	0.070691244	-0.02142513	-0.369966949	0.06609777	0.033884215	0.114297678	0.003106475	0.051105219	0.026770104	-0.558742418	-0.275766635	-0.243911551	-0.00698424	0.036215506	-0.328939836	0.09706195	0.229060536	-0.226853776	-0.051455597	0.410403469	-0.078101553	0.042196778
JHU	705	-0.122968122	-0.079283959	-0.178168921	0.053150672	-0.101491285	-0.106140802	-0.105052535	-0.116631222	0.088833937	-0.067076115	-0.056400856	0.122476565	-0.310528754	-0.323466065	-0.07303908	0.493642559	0.102823577	0.086898939	-0.18905894	0.007302163	0.174445765	-0.115488445	-0.049428934	-0.573119519	0.106191951
JHU	710	0.079117737	0.09981787	0.109146768	0.055924929	0.119326488	-0.166352381	0.413129117	0.149528946	0.111502275	0.110630578	0.142789538	0.353849086	0.225534018	-0.01042479	0.047385658	-0.193349528	-0.005881533	0.017736257	0.065389876	0.222798968	-0.218868451	0.155932925	0.553579206	0.311776854	0.260790838
JHU	712	0.099137209	-0.060209064	-0.146478895	0.016799386	0.262454837	-0.452417109	0.351085521	0.118150329	0.183178858	-0.078242846	0.234403196	0.426992542	-0.119075191	-0.051297032	-0.072894676	-0.491056376	0.126886328	-0.203493718	0.327934318	0.08134596	0.066340715	0.15669087	0.175608914	0.099273899	0.118555324
JHU	713	0.521670088	0.301556774	0.325132035	-0.345807522	0.722022136	-0.23709307	-0.432803571	0.019004771	-0.456517836	-0.014794777	-0.166103849	0.077196797	-0.042120813	0.374595813	0.14078752	-0.088931439	-0.554682226	0.111774874	-0.26295765	-0.245488671	0.2516927	-0.283560194	-1.109936475	0.831538967	-0.319996795
JHU	719	-0.390104073	0.004534905	0.139295985	-0.059008256	-0.507534252	0.203051444	-0.364932084	0.081050059	0.195969065	0.114148981	0.099569394	-0.615137604	-0.462663849	-0.05625735	-0.098278666	0.76444654	0.180446323	0.167546479	-0.221341694	0.044875681	-0.192297346	0.162296137	-0.383393651	-0.637884668	-0.04313112
JHU	993	0.13554105	-0.160322675	-0.131156067	0.354167664	0.132449063	0.611713848	0.31540539	-0.342281181	-0.113492637	-0.016957136	-0.3942328	0.086982947	1.597690015	0.337504086	0.292413751	-0.677306354	-0.034348719	0.134545955	0.16602646	-0.325975185	0.165196018	-0.108263272	0.205312068	0.245889328	-0.187267712
JHU	994	-0.022678104	-0.129854421	-0.078865469	-0.062763182	-0.464075869	0.182641767	-0.355097924	-0.084701948	-0.045645076	-0.098925737	0.089663672	-0.198106836	-0.371429282	-0.14775862	-0.026095669	0.50172096	0.089479813	-0.032001124	-0.094288824	-0.128239171	-0.077699437	-0.087439103	0.14783486	-0.315129232	-0.120515615
JHU	995	-0.012187399	0.144229092	0.058070481	-0.083154937	-0.141725989	0.334563251	0.112168317	0.141996031	-0.078126263	0.048110578	-0.000793515	-0.281023601	0.041336273	0.152870594	0.033632713	-0.302182121	0.059060931	0.045932174	0.111234503	0.114319718	0.058043813	0.171286679	0.050020543	0.115755922	0.143176352
UMARY	142	0.236516496	0.095904957	-0.030182823	-0.019673693	0.2591055	-0.246667363	0.208591544	0.07631762	0.165953367	0.07288079	0.082680807	0.281768757	0.452481727	0.155934683	-0.051420928	-0.477834526	0.063008969	0.222770484	-0.158446191	0.001629291	0.34425333	0.117510289	0.288022879	0.299499747	0.128304188
UMARY	602	-0.306359866	-0.047435629	0.067348265	0.181998876	0.269592363	-0.011597788	0.294786145	-0.016884417	0.094035094	0.000978685	0.027898412	-0.035497867	-0.107623709	-0.124466732	-0.02833648	-0.202553562	-0.035546333	0.123762401	-0.103151486	0.016494916	-0.064011854	-0.000557492	-0.152168232	0.351928213	-0.057755055
UMARY	604	-0.374809398	0.054819654	-0.020784962	-0.026529679	-0.184148646	0.064596579	-0.455915742	0.070537216	0.024992311	-0.047365964	-0.004554714	-0.213249617	-0.270762186	0.037381674	-0.051070056	0.477519756	0.171439774	0.251715646	0.07399982	-0.029872329	-0.01884126	-0.017189486	-0.620211857	-0.22981858	0.012819766
UMARY	813	-0.195646686	0.031304049	0.008750265	0.111089529	0.198392962	-0.120730495	0.029703032	0.032777887	0.145743832	0.056805389	-0.105938128	-0.345667522	-0.077940613	0.024286815	-0.03929655	-0.239709611	0.060900853	-0.057473871	-0.061752223	-0.046647969	-0.160783029	0.084570214	-0.315360295	-0.012388541	-0.004136349
UMARY	819	0.368163374	0.024494531	-0.029917106	-0.047655318	0.033337652	0.254224928	-0.397832964	0.01207761	-0.150590353	-0.023547425	0.00592132	0.049233538	0.100833246	-0.004835262	0.140996747	-0.196293805	-0.128872453	-0.163904408	0.011089223	-0.065826044	0.146143574	-0.030490603	0.060804336	0.269895526	0.165309973
UMARY	871	-0.152056603	0.016583596	0.031356857	0.038131175	0.306657301	-0.135634382	0.328113315	0.006561731	0.131794822	-0.007920064	-0.071398239	-0.300705047	0.158987588	-0.015391427	-0.06317784	-0.433513469	0.00170141	0.163117558	-0.202568151	0.00435375	0.110552455	-0.019879388	0.289354981	-0.146224032	0.12592524
UMARY	879	0.090713848	-0.046850776	-0.048300454	-0.017580796	-0.121182128	-0.162477936	-0.531831831	-0.105079271	-0.172419162	0.027544473	-0.127949322	-0.140750589	-0.162089595	0.025640605	-0.073391576	0.016893755	-0.064565196	-0.024553497	0.122360722	0.00728636	-0.08828577	-0.058854817	-0.026976682	-0.006487951	0.043806185
UMARY	880	-0.133420068	0.155205908	0.139417394	0.150779003	0.293573813	-0.534066296	0.278530197	0.159983413	0.133456364	0.12057017	0.180770838	0.33270845	0.372907246	0.25303069	0.01554061	-0.613384531	0.161898858	0.095797145	-0.020245887	0.156460041	0.072926583	0.163500949	0.522152273	0.350542049	0.075316334
UMARY	914	-0.075676259	-0.052066414	0.01095483	-0.063121312	0.096094283	0.000289067	-0.136845522	-0.015493097	-0.038604156	0.040759422	0.042442452	0.385991172	0.032673893	0.037942599	-0.014065148	0.14217177	0.003084164	-0.12337164	-0.026911887	-0.089217997	-0.328408434	-0.048147572	-0.184863277	-0.051099612	-0.085682897
UMARY	933	-0.228642862	-0.096019001	0.038077719	0.132055987	0.341610217	-0.040143897	0.324759912	0.021317478	0.152614538	-0.083234172	-0.011635268	-0.191504852	-0.374243894	-0.155592222	-0.061028157	-0.060001038	-0.078523082	0.220758831	-0.116099334	-0.151038709	-0.1271322	-0.107906043	0.21088814	-0.241485512	-0.135797601
UMARY	1028	-0.23728219	-0.093342361	-0.045079236	-0.136145054	-0.20164247	0.049739116	0.243380177	-0.159326932	0.01853564	-0.171963949	0.02320784	-0.079615339	-0.457696519	-0.356727257	-0.286266532	0.34816122	0.032645339	-0.313277667	-0.225155525	-0.184966657	0.067178049	-0.201662901	-0.265026258	-0.192886744	-0.154665663
UMARY	1037	-0.121424926	-0.0903485	-0.192380796	-0.172202926	0.222019047	0.283359136	0.055690273	-0.093555984	-0.018692539	-0.11718927	-0.070055521	-0.082087661	-0.505200082	-0.200276726	-0.093162551	0.314868803	-0.109883389	-0.372384279	-0.653526159	0.103779335	-0.49542281	-0.077921053	-0.310161906	-0.24868525	-0.245394926
UMARY	1064	-0.222447801	-0.084302204	0.007074507	0.340847044	-0.176739971	0.345353019	-0.358574741	-0.033308957	0.12801258	0.12578972	0.094483862	-0.28195891	0.411191663	-0.108956705	0.036081143	0.211508325	0.136903317	0.24220943	0.025460029	-0.208920599	-0.453838097	-0.107978413	0.390971471	-0.173195114	0.134184937
UMARY	1065	0.27621704	-0.005645004	0.085140294	0.429359114	-0.268714238	-0.021942038	0.595850877	0.000713969	-0.051660485	0.107499677	-0.117983037	0.161325336	0.216892254	-0.03863089	-0.066229944	0.46404874	0.110463834	0.052995348	0.534137777	0.136793711	0.293507226	-0.010358673	0.402734856	-0.084043882	0.06207089
UMARY	1076	-0.211322906	0.044242206	0.06495452	0.089671077	-0.251682777	0.073577719	-0.524559121	0.089255462	0.014170568	0.128881504	-0.040247318	-0.217861627	-0.211413977	0.150492833	0.226799688	-0.10660889	0.121553891	-0.15530359	0.061004509	0.116756088	-0.003840332	0.03337872	-0.477217931	0.094551183	-0.053568421
UMARY	1078	0.378250136	-0.212318255	0.049845846	-0.04017377	0.201520805	-0.501179601	0.740852621	-0.068103394	0.175253912	-0.189788063	0.175869974	-0.194784087	0.054037327	-0.090755859	-0.216972133	0.265804431	-0.08805799	0.790777948	0.594714158	0.159735494	0.378601983	0.145142753	0.204551247	-0.054342601	0.485447192
UMARY	1079	-0.086410503	-0.12797293	-0.163274595	-0.218765663	-0.301165074	-0.109139128	-0.323357779	-0.059271036	-0.227916555	-0.224593327	-0.055319062	-0.031153863	-0.064622984	-0.135091941	-0.140601466	-0.037940072	0.123030711	-0.159611439	-0.171360765	-0.086657863	0.124327113	-0.11887243	-0.12457317	-0.092228152	0.031106821
UMARY	1104	-0.098168494	-0.029542385	-0.062092935	-0.119961166	-0.141617324	-0.10515924	-0.172521066	-0.035153638	0.141324227	-0.101347318	-0.053574969	-0.015390471	-0.247671622	-0.101320683	-0.024421116	-0.146927515	-0.105878669	-0.140870468	0.10136731	0.060154004	-0.085318461	-0.051126807	-0.082513302	0.143101833	-0.088249525
UMARY	1105	0.449267532	0.104266669	0.007479498	-5.45E-05	0.019559988	0.052948861	-0.060184571	0.045156749	-0.087226264	0.087076625	0.153955111	0.13374014	-0.326997132	0.212001538	0.192666931	0.063490877	-0.014513138	-0.016061619	0.112071744	0.101284875	-0.267414725	0.113675583	-0.451025681	0.211553488	-0.052054993
UMARY	1114	-0.338871099	0.043706845	0.140822479	0.035691888	-0.057595793	-0.091630026	-0.157680365	0.068404057	0.279087633	0.117821675	0.05381952	-0.232961082	-0.380473292	-0.037379182	0.075293524	-0.362470294	0.092260245	-0.068294005	0.050554096	0.053314309	-0.079135829	0.141073947	-0.209431759	-0.166463303	-0.035533073
UMARY	1133	-0.351794917	0.095786231	0.235394965	0.168407571	0.794582703	0.301503762	0.608231957	0.092858256	-0.058835747	0.138057296	0.178438635	0.064011954	-0.838568341	0.070036334	0.085884987	0.072642032	0.066978236	0.523145045	-0.531522616	0.127970363	-0.204286577	0.148119228	-0.310004431	-0.486884957	-0.176018756
UMARY	1134	-0.03199822	0.072888652	0.065869151	-0.049859984	0.10308444	0.071358252	-0.248105502	0.072783472	0.045282012	0.037772433	-0.09491262	-0.101433746	0.117057374	0.056004234	-0.009401048	-0.075307866	-0.075969138	0.067777159	0.136304453	0.067733899	-0.205814485	0.101892865	0.303117507	-0.097743697	0.020876114
UMARY	1136	0.077873017	-0.083050925	-0.031527245	-0.008890325	-0.17912951	0.081562167	-0.091242169	-0.097022497	-0.142182163	0.02777022	0.006142295	-0.059430826	0.14389371	-0.084018417	0.175178986	0.349610788	0.052511383	-0.068925344	-0.285718142	-0.062788655	-0.035262127	-0.099664141	0.287428752	-0.106635813	-0.040049151
UMARY	1158	0.149649418	0.086306055	0.035596502	-0.026233757	0.126434959	-0.042033382	0.112715191	0.071158215	-0.057802704	-0.113467898	0.025191372	0.235014982	0.528004037	0.033036449	-0.004606303	-0.049950307	-0.115485135	0.068164058	-0.303389041	0.000425316	0.217763298	0.065160157	0.164458505	0.104018337	0.008239403
UMARY	1170	0.004685385	-0.02247964	0.025055909	0.017120076	0.22646313	0.190396638	0.128090129	0.027161883	-0.197172406	-0.066811308	0.023252769	0.00938631	-0.238872847	0.076627131	-0.072304888	-0.133619967	-0.039388502	0.345869157	0.109209206	0.108007094	-0.110178783	0.051563193	-0.168767869	0.040374633	0.021397683
UMARY	1206	0.100980036	-0.011754966	0.03667489	0.020612047	0.155568071	0.056482919	0.177485954	0.021301889	0.050435822	-0.006143497	0.056699489	0.095389437	0.652222506	-0.065563144	-0.036281362	-0.406482161	-0.020184924	-0.026922319	-0.156260488	-0.058035389	-0.163850669	-0.07492562	0.521275506	-0.000283377	0.178456243
UMARY	1209	0.423373629	0.081840352	-0.084165681	-0.057437077	0.139382706	0.207783688	0.281386327	-0.00686324	-0.108501336	-0.035863232	-0.094438956	0.003065791	0.253987075	0.08565356	0.029471394	0.070996307	-0.025984301	-0.161258332	-0.07790532	0.051362109	0.360501229	-0.018017508	0.076389932	-0.18999353	-0.060068614
UMARY	1226	-0.207506526	0.057072067	0.059726007	-0.020505479	0.343011209	-0.115544183	-0.261620569	0.063317215	0.258442363	0.059585304	0.086703004	-0.25755023	0.209987033	0.06942438	0.07164645	-0.461835643	-0.00744007	0.023504647	-0.018101957	0.025987244	0.030905646	0.148865293	0.116655298	-0.370006181	0.052884872
UMARY	1230	-0.073621983	0.008968498	0.01407752	0.050336548	0.11319086	0.211866272	-0.041887706	-0.043712706	0.174155283	0.020266984	-0.034930169	0.081720413	-0.215202531	-0.074854654	-0.034184397	0.226481566	-0.018003572	-0.096457647	-0.167745215	-0.066209291	-0.276145389	-0.0316465	-0.032356119	0.069463132	-0.089250114
UMARY	1260	-0.004174028	0.209966259	0.076270964	0.065024326	-0.01723466	-0.105731541	-0.095998063	0.182552735	0.00461869	0.130465637	0.105181208	0.11323196	-0.004068522	0.138122827	0.049109091	-0.0906688	0.064806295	0.016854252	-0.29142912	0.164960344	0.211928851	0.22829564	0.062894643	-0.11000338	0.197345484
UMARY	1326	-0.21603462	0.046353164	-0.037112465	-0.149744406	-0.117784241	-0.145833472	-0.414138554	-0.023888115	-0.028817422	-0.062258319	-0.044792932	-0.07418671	-0.139410416	0.001006494	-0.108671982	0.064115646	0.045160194	-0.2181341	0.299755413	0.064100432	-0.120146674	0.011704897	0.01054506	-0.094428204	-0.046405688
UMARY	1454	-0.169684166	0.132785843	0.020272544	0.148126305	0.029390628	0.082725815	0.2019497	-0.08187456	0.03959898	0.009613058	-0.053587798	-0.20436624	0.208856932	-0.017824149	-0.056912605	-0.163455593	0.061066417	0.097445434	-0.192572859	-0.068414804	0.124686328	-0.015195898	-0.300612903	0.005648008	0.254629339
UMARY	1465	0.171541433	-0.015115359	-0.107335109	0.01282344	0.05126745	0.268920586	-0.164674186	-0.098384182	0.168153949	0.030813825	0.040572191	0.360266993	0.031365633	0.032053496	0.133896339	-0.306834088	-0.186585742	-0.082726856	0.334730439	0.076403282	-0.008557236	-0.031680251	-0.183675428	0.471078653	-0.156049918
UMARY	1486	-0.190155665	-0.098832788	-0.085809939	-0.088752402	-0.221431357	-0.205219062	-0.210145535	-0.065795364	0.090792774	-0.027199867	0.015299858	0.000790655	0.149638172	-0.200064609	-0.070471944	0.249755309	0.056097074	-0.238261455	0.013063899	-0.242208446	-0.101994049	-0.189284026	-0.070774624	0.286426514	-0.193822094
UMARY	1498	0.083418768	0.047735687	-0.0711562	-0.122320201	0.044228049	-0.163253809	0.324046951	-0.067775241	-0.065107528	0.037784782	-0.094880682	0.115384981	0.291301868	0.039998658	-0.022169439	0.053594032	-0.027255964	-0.042957328	0.118471558	-0.089708791	0.116430338	-0.055839363	0.355405227	0.193749436	0.178289846
UMARY	1502	-0.410516661	-0.065461266	-0.059593875	-0.047905612	-0.179479379	-0.248757118	0.122770763	-0.103439418	0.2023986	-0.076211309	0.035354404	-0.231134858	-0.597540832	-0.075308173	-0.161023548	0.341450355	-0.005740494	-0.004011116	-0.478399331	-0.015578403	-0.038721208	-0.060608862	-0.395752649	0.101529787	-0.253114568
UMARY	1535	-0.164515834	0.077013094	-0.062654977	-0.049513555	-0.180678074	0.266994942	-0.441013955	0.046445347	0.158070811	0.090826089	0.022378272	-0.130165223	0.405499525	-0.002058884	0.201509087	-0.138694322	-0.026708393	0.116569475	-0.311412364	0.009375716	0.075140741	0.052348632	-0.023370739	0.199498574	0.086796654
UMARY	1540	-0.356879174	-0.091101867	-0.06445385	-0.135304542	0.284651417	0.24556031	-0.320762631	0.01638276	-0.20675131	0.004926654	-0.134672697	-0.273312961	0.049727694	0.013809554	-0.059998533	-0.090231305	0.062438734	0.304222982	-0.384620652	0.049558739	0.221881569	0.019151795	0.383574544	-0.600327043	0.097197787
UMARY	1541	-0.126827638	0.065453233	0.114007378	0.07884068	0.059047378	0.037346271	-0.026039992	0.091422541	0.014764132	0.117161233	0.025757609	-0.164319273	-0.139433925	0.0501136	-0.000453607	0.174186186	0.097665049	0.23529872	0.088852292	0.083695693	0.261661102	0.084503228	-0.13698093	-0.004209598	0.051556961
UMARY	1544	-0.002673008	-0.066497306	-0.017017887	-0.239554795	-0.099660203	-0.087793132	0.131621596	-0.063283461	0.028871097	-0.029328305	0.024641285	0.09997777	-0.200758154	-0.049049091	-0.147473167	0.307501256	-0.125749409	-0.115751945	0.061866253	0.040165571	-0.047516494	-0.122275539	-0.049967389	-0.21571277	-0.025318546
UMARY	1545	0.165449817	0.147240285	0.149625139	0.061172027	-0.104288677	0.190626963	-0.52797254	0.05998822	-0.041134462	0.097907355	0.164782837	-0.259793973	-0.734151382	0.058194326	0.115749841	0.597887999	-0.051104372	-0.120551548	-0.079985561	0.111576048	0.023774084	0.141658484	-0.877067463	-0.33858661	-0.125510636
UMARY	1568	-0.595110547	-0.015041439	0.047295675	0.268832203	-0.023214128	0.260629654	-0.536782689	-0.042709174	0.406949731	-0.07408911	0.140844292	-0.322987216	-0.028459201	-0.114060411	0.004150095	-0.103804757	0.086111985	-0.144615574	-0.23136205	0.104942971	-0.232590998	0.140000706	-0.300459222	-0.106471191	-0.168726537
UMARY	1570	-0.002016042	0.106601581	-0.007623251	-0.082475025	0.005756437	-0.082084526	-0.213542401	0.044849472	0.080361689	-0.034504739	-0.052082582	-0.086172296	0.100381438	0.055530193	0.02715408	-0.202315314	-0.017088722	0.027350249	-0.098757806	0.007630814	0.220536964	0.019337771	-0.09776165	0.121642225	0.017494949
UMARY	1571	-0.213702089	-0.08795925	0.084345837	0.124868522	-0.295999524	0.045081315	-0.411788508	0.089647991	0.112714569	0.074685017	0.024971859	-0.23080537	-0.916928797	-0.110706349	-0.12798248	0.436433577	0.081065434	-0.129074416	-0.155065702	0.070663433	-0.092569249	-0.025005421	-0.736630077	-0.110639436	-0.243718016
UMARY	1578	-0.219480019	-0.094410481	-0.091654601	-0.079256363	-0.31697598	0.260203085	-0.608994863	-0.053099038	-0.004173388	0.013375406	0.011683402	-0.314763901	-0.282819149	-0.168131669	-0.027935297	0.349160221	0.122471697	0.127642747	-0.126125586	0.05448929	0.11884425	0.006230684	-0.4476546	-0.243866382	-0.056271502
UMARY	1583	-0.053300875	0.043896252	0.198837064	-0.049781221	-0.151400831	0.046612889	0.426160753	0.135863935	-0.130823687	0.051678321	0.045828298	0.121003845	0.972405346	0.123843135	-0.039273497	-0.760622336	-0.027660203	0.064068673	-0.505309324	0.086042852	0.496654237	0.087155222	0.018184218	0.276733731	0.10037226
UMARY	1584	0.186714431	-0.028410551	0.121359705	0.136921184	-0.32779062	0.239820796	-0.011270088	-0.040645116	-0.204050138	-0.045115745	-0.082261407	-0.099968442	-0.094813431	-0.041897539	0.042921573	0.296102957	0.109079308	0.115728584	0.426940477	0.145948833	0.071885482	0.013827122	0.224072495	-0.062228246	-0.001486706
UMARY	1611	0.10422115	-0.116434096	-0.026376864	0.064429829	-0.236248448	-0.230710222	-0.448212233	-0.055788157	-0.064234887	0.005419483	0.043825421	0.160498221	-0.397934049	-0.303853922	-0.064247855	0.578188706	0.003868652	-0.18876871	0.330777088	-0.05890201	-0.397653466	-0.125174994	0.021447306	-0.039774267	-0.032250536
UMARY	1612	0.414369392	0.085773057	0.028908147	0.079744151	0.273283812	-0.24971709	0.647998337	0.086022093	-0.25768292	-0.015094311	-0.110469948	0.36083935	0.238758161	0.063867504	0.019982438	-0.220311828	-0.07125879	0.450192487	0.866259996	0.393018986	-0.047565855	-0.009160485	0.410741161	0.072398093	-0.097440838
UMARY	1613	-0.292084162	0.028810878	0.058369888	0.065985089	0.687729264	-0.433694003	0.968411203	0.041002311	-0.118191513	-0.061014528	0.030284321	0.391452328	0.549689524	0.046076199	-0.132105277	-0.905382112	0.173980714	0.144218545	-0.094378501	-0.055556501	0.098068085	0.081779103	0.610392723	-0.164134191	0.292163106
UMARY	1614	-0.287505574	0.009661165	0.038773668	0.069315448	-0.002207788	0.019663164	-0.357452372	0.026896618	0.216328288	0.059918141	0.07634726	0.01763532	0.193753839	-0.023767136	0.116099557	-0.001226547	-0.060966451	-0.132275694	-0.192252491	0.03490188	-0.084429116	0.109547455	0.316878728	0.098618335	0.158136321
UMARY	1648	-0.061841453	-0.003106668	0.099819685	0.092180244	0.058674747	-0.032691501	-0.286049517	-0.046486978	0.136326859	0.038219088	0.031833293	0.136815783	0.025163726	0.005351322	-0.018867279	0.194512744	0.056588555	-0.224259401	0.355671233	0.003372985	-0.070351497	-0.024414476	0.14511248	-0.254441023	0.017390688
UMARY	1652	-0.353175625	-0.002082766	0.039792689	-0.003691332	0.30268174	-0.328766178	0.989235037	0.079682647	-0.073402942	-0.131380127	0.105882978	0.141453592	0.649085078	-0.040197472	-0.096833479	-0.942740279	0.190689186	0.324526728	0.009270521	-0.005715695	0.128829198	0.080124768	0.956334468	0.265523129	0.294645871
UMARY	1668	-0.115672301	0.085509529	0.101420151	0.008233478	0.045379585	-0.169880793	-0.095450893	0.041455132	0.146172504	0.063364947	0.03050932	0.032688389	-0.091889077	0.044478344	-0.004288948	-0.1783534	-0.00547436	0.040533535	-0.241446184	0.150304436	0.065854084	0.148969208	0.035710131	0.100115935	0.051027168
UMARY	1710	0.226160133	-0.044004844	-0.017943182	0.025688271	-0.110219216	0.009115512	-0.113117527	-0.055605273	0.033615661	-0.119572017	0.1049066	0.469379971	0.107952621	0.091988994	0.147237284	0.182512469	-0.092390506	-0.198636505	-0.114391253	-0.042308743	-0.110213286	0.020493915	0.324298784	0.069435657	0.049143061
UMARY	1712	0.191015201	0.128501661	0.094413941	-0.012873183	-0.057253682	0.152038943	-0.264818034	0.038500317	0.041973084	0.097953016	-0.004206132	0.274523189	0.103064893	0.101819197	0.116198157	-0.441346421	-0.043192484	0.036004578	0.068689001	0.091977014	-0.038495378	0.110860915	-0.140328571	0.114882282	-0.043655252
UMARY	1713	0.125174425	-0.051440776	-0.050769391	-0.072805498	-0.181123118	0.14582687	0.561498051	-0.00807911	-0.178924258	-0.101705221	-0.103212268	0.192594343	0.001213649	0.023839692	-0.081687405	0.225505849	-0.020081818	-0.088696356	0.301448339	-0.025380607	-0.255653418	0.013963186	0.137200916	0.106963315	-0.201848591
UMARY	1715	0.035683529	0.022907685	-0.061458542	-0.030727083	0.109890718	-0.131378626	-0.102134339	0.003095689	-0.029446197	0.038557791	-0.069375053	0.153360642	-0.307827947	0.067027333	0.035052532	-0.386278121	-0.0567152	-0.120181734	0.088697983	0.023796487	-0.076225985	-0.002183016	-0.355652081	0.206139627	-0.208430426
UMARY	1792	-0.273776682	0.072665639	-0.010421227	-0.074603165	-0.328467884	0.167483702	-0.375774918	-0.007966782	-0.106204267	0.06686225	0.020231709	-0.147158863	0.026060807	0.063497715	-0.006634566	0.381204382	0.037397296	-0.202121897	-0.152672103	-0.110936783	0.010883251	-0.030975672	-0.128315538	-0.11915084	0.144023016
UMARY	1795	0.106621116	0.001440257	-0.09661504	-0.03541985	-0.176633395	0.14220389	-0.316774196	-0.050302869	-0.156221894	0.02923091	0.005699098	0.086032171	0.405904266	0.079964777	0.150133912	0.184456518	0.040999979	-0.072347655	-0.174421164	-0.111273593	-0.025657677	-0.070824802	0.308034303	0.170111073	0.155768798
UMARY	1797	0.301837505	-0.040650524	-0.093391159	0.09151296	0.019813267	-0.027256407	-0.082485848	-0.01354965	0.068308145	0.054623374	0.005437865	0.023524995	-0.113942032	0.052477151	-0.088104622	0.18580836	-0.057934042	-0.326945963	0.012018898	0.027156807	0.073269285	-0.022462171	-0.094267963	-0.038931551	-0.114007527
UMARY	1825	0.002239241	-0.03224622	-0.107563352	0.051795287	0.024353943	0.072877148	-0.110227688	-0.003884136	-0.102831297	-0.059333547	-0.026974316	-0.250596065	-0.264006386	-0.056092466	-0.098672731	0.076862696	-0.084585555	-0.05991383	0.006572563	-0.086505327	-0.01018043	-0.119301941	-0.205779602	-0.132452932	-0.090746785
UMARY	1827	-0.006680379	-0.095844687	-0.045785308	0.066630297	-0.527318491	0.371105667	0.240983722	-0.019108161	-0.035012979	0.099504773	-0.033491945	-0.182810073	0.184887477	0.026226447	0.180918579	0.423181399	0.042790625	0.13070395	-0.354271958	-0.03766804	-0.098640595	-0.018942106	-0.04717661	-0.150666636	-0.017158028
UMARY	1830	-0.344738798	0.157663183	0.150018001	0.191258675	0.137004151	0.169194881	-0.127025189	0.199782402	0.091934445	0.118371065	0.080394739	-0.153330931	0.4098552	0.228218714	0.004965191	-0.144158223	0.136031743	-0.206170471	0.081785694	0.118714765	0.077387905	0.178963407	0.083272008	0.033512819	0.107548624
UMARY	1846	-0.150414238	0.034662631	-0.056135837	-0.022052188	0.119760001	0.28682988	-0.167289766	-0.001348488	0.028603368	0.013255122	-0.04602029	-0.230747517	0.178014163	-0.033983813	0.17061518	-0.176579333	-0.037924391	0.338183327	-0.424906064	-0.108053742	0.392420526	-0.042274617	-0.222058593	0.148889427	-0.03214718
UMARY	1847	0.677332783	0.02099263	0.011288418	0.000943256	-0.226391573	0.176376482	-0.01437247	-0.011344571	-0.261076069	-0.033879775	-0.021647023	0.327868135	0.460873133	0.042625207	-0.008207483	0.645475779	-0.033612568	-0.033057812	-0.223351718	-0.049084462	-0.097798225	0.016965015	-0.190602821	-0.24145526	-0.035920876
UMARY	1849	-0.435152657	-0.045984508	-0.001891945	-0.045220062	-0.207013539	0.307481028	-0.892843357	-0.144333314	-0.130807133	0.057217027	0.048532035	-0.544518594	-0.839204996	-0.02124096	-0.029484345	0.252701703	0.032588338	-0.404685667	0.184799364	-0.01831211	-0.277041582	-0.08711414	-0.645427742	-0.268876778	-0.191643702
UMARY	1862	-0.181423845	0.085700339	0.039678027	0.108941653	-0.141301906	0.21200937	-0.484752245	0.033041856	-0.154231449	0.043040377	0.07818997	-0.024335483	0.174459283	0.126600074	0.102255688	0.157618207	0.009290032	-0.209655592	-0.353645041	0.017277809	-0.061961809	0.055704695	-0.189917353	0.17039498	0.15245862
UMARY	1865	0.13954894	0.049022858	0.008100424	-0.095771854	0.233370523	0.069611415	0.4360872	0.060502488	0.175735964	-0.049926138	-0.04221145	0.140625464	0.032794761	0.022570185	-0.023822931	-0.088739964	0.072203336	0.406865789	0.18917227	0.111273723	0.171777488	0.066159502	0.085170461	-0.185326389	0.018450896
UMARY	1866	-0.105021549	-0.105713256	0.035570183	-0.151784248	0.008962677	-0.210361216	-0.172962771	-0.134820841	-0.036487835	-0.097201199	0.027403659	0.224578987	-0.07223418	-0.134640838	-0.033233358	0.441046652	-0.051085475	-0.074730196	0.164446344	-0.113226724	-0.105590147	-0.117749183	0.061860433	-0.123954944	-0.069420788
UMARY	1867	-0.123842796	-0.023545909	-0.008262409	-0.0377	0.103717513	0.020420621	0.025779932	-0.070538873	0.170545033	0.092502964	-0.186835624	-0.160680827	0.181869661	-0.074720039	-0.066656544	0.024078405	0.018143136	0.166886588	0.052146565	-0.165408087	0.025735025	-0.049760348	-0.006415248	-0.149002013	0.049796914
UMARY	1902	0.302940753	0.064692033	-0.004623386	-0.032800125	-0.027357319	-0.238694891	0.546463826	0.029367956	0.335403802	-0.027496459	-0.036344286	0.229849787	0.140588119	0.05196496	0.040507247	-0.091248118	-0.157841411	0.01168009	0.05656284	0.023271423	0.039778501	0.072436551	0.222094913	-0.031338001	0.12480167
UMARY	1903	0.166096217	0.084383792	0.016598611	-0.002068694	-0.249471214	-0.343444744	-0.203003262	0.009859842	0.08098617	0.137982184	0.11351917	0.071148029	-0.46276021	0.059121197	-0.102358802	0.393399256	-0.051954041	-0.188023688	0.175687395	0.206364499	-0.033167794	0.092076932	-0.536103859	-0.102669728	-0.153089506
UMARY	1907	-0.26144039	-0.178017846	-0.122296064	-0.133047949	0.240662906	-0.209992312	0.068160233	-0.144065802	0.168607042	-0.139086326	-0.070647166	0.187078706	-0.078342307	-0.10736988	-0.022420592	-0.127311867	-0.131740354	0.363801948	0.003207451	0.051557972	-0.197974639	-0.105897339	0.281855826	0.049298146	0.025806214
UMARY	1917	0.568061221	0.027909024	-0.066997146	-0.058388464	-0.256954978	0.256399371	-0.038254171	-0.024470446	-0.058681545	-0.108266449	0.066575265	0.374149223	0.418149603	-0.078490655	-0.057799912	0.298155149	-0.00175665	0.088527763	0.029812131	-0.034327613	-0.252158691	0.01688652	0.333833234	0.089605701	-0.041265659
UMARY	1935	-0.209260898	-0.098047501	-0.125165739	-0.140031195	0.149967803	-0.040571843	0.408314946	-0.142995531	0.035970707	-0.105230453	-0.076679391	0.008270607	0.146637717	-0.171189923	-0.185089941	-0.156217469	-0.114721328	0.212677345	-0.115919228	-0.063123801	0.163696344	-0.105259786	-0.073362948	-0.124200693	-0.312734735
UMARY	1936	0.150568682	0.006823696	0.07031102	-0.062483072	-0.351863061	0.026904063	-0.101196193	-0.066146291	-0.242101406	0.027092581	-0.13208481	-0.165398374	-0.67000892	-0.111404242	0.193001274	0.312944169	-0.143610676	-0.305687911	0.121881002	0.117099374	-0.111675227	0.065441313	-0.031195449	0.227410412	-0.178823281
UMARY	1939	1.574681615	-0.089786424	-0.371411502	-0.262869298	0.667043844	0.031591413	0.58280763	0.223372325	-0.391834351	0.147391832	-0.394758506	0.128886194	1.086854733	0.621198252	0.338018119	-0.809642542	-0.192056564	-0.459397827	0.670542755	-1.2067572	0.028299252	-0.62661617	0.03122855	1.093493682	0.356370535
UMARY	1940	0.057769237	0.004535363	0.129561033	-0.010881087	-0.104256881	0.105495354	0.028999931	0.051608083	-0.1159492	0.018840554	0.068826001	0.099916375	0.002709745	-0.062481138	-0.051700881	0.219232289	0.161483317	-0.108317935	-0.009845773	-0.019939457	0.001729004	0.029251381	0.287333061	-0.045891611	0.274067414
UMARY	4263	-0.06496567	-0.011731784	0.01641412	0.028861639	0.105785402	-0.23967558	0.630532573	-0.045309022	0.063404461	-0.090710481	0.15490308	0.689680677	0.430657527	0.049393119	-0.102352849	-0.321972108	0.028488978	-0.074906151	0.280410233	0.006863599	-0.428665374	0.059356445	-0.401840975	0.257292781	-0.065988022
UMARY	4540	-0.071430238	-0.039585341	-0.184238792	-0.260671239	0.704763356	-0.400258661	-0.074366827	-0.107844066	0.141073773	-0.098661712	-0.08885936	-0.098166488	-0.689265426	0.066197902	-0.090389355	-0.232221714	-0.24705085	0.055933029	0.135470811	-0.084375526	-0.40735644	0.02781499	-0.293137491	0.026842085	-0.188521874
UMARY	4542	0.35225701	0.028542627	0.01145024	0.04865904	-0.130406666	-0.051013165	0.47094215	0.008696808	-0.039495257	-0.032728904	-0.147567947	0.022393937	0.591812937	-0.006505809	0.074124319	0.13276534	0.120258602	-0.029056269	0.320819724	-0.015807545	0.080992169	0.067980574	0.419396742	-0.246151378	0.302873861
UMARY	4543	0.12707208	-0.069497617	-0.086458646	-0.128714321	-0.21203018	0.044062701	0.592074419	-0.093896847	-0.124545411	-0.062100435	-0.093706725	-0.134097335	-0.092287502	-0.047907599	-0.150052073	0.106445911	-0.011921177	-0.07546616	0.377953938	0.051253364	-0.188956671	-0.139796078	0.008384041	0.00093897	0.016467156
UMARY	4549	-0.285911889	0.017572819	0.012845524	-0.104680027	-0.115612118	-0.257538946	-0.247399612	-0.030836957	-0.182926315	-0.004924695	-0.071614088	-0.161127815	-0.128133005	0.031014872	-0.087462795	0.291567934	0.078418588	-0.03569547	-0.138685317	-0.044102021	0.012407065	-0.006982437	-0.186281222	0.060805526	0.078548369
UMARY	4590	0.435373249	-0.035844317	0.081960469	0.146670431	-0.607262505	0.129979431	-0.311511288	-0.003157202	-0.149625425	0.08077451	-0.013234632	-0.074439765	-0.012510815	0.061169492	0.129719672	0.745318183	0.093232782	-0.086729386	0.033527902	-0.153366543	0.162596639	-0.244678636	-0.180259874	-0.4703597	-0.129939256
UMARY	4593	-0.214824979	0.001331047	-0.013767628	-0.035532685	-0.057246258	-0.070709872	-0.189659622	-0.087569622	-0.003225257	0.018308096	-0.01612572	-0.084258999	0.201895668	0.046496928	0.009277089	-0.163752686	-0.078247322	0.135777283	-0.169629045	-0.03060613	-0.100120967	0.083065791	0.236615761	-0.330434198	-0.076952806
UMARY	4598	-0.139252686	-0.022011937	-0.053255045	-0.070569021	-0.088397469	-0.130608108	-0.043837634	-0.03393593	-0.024085961	-0.034533817	-0.068366877	0.09614783	-0.071871063	-0.09690875	-0.141496735	0.083101698	-0.02870477	-0.009554133	0.16674571	0.034322076	-0.034107095	-0.00098795	0.103398616	-0.057333182	0.012822757
UMARY	4636	-0.166155701	-0.048427584	-0.035914258	0.023198465	0.093943449	0.133215328	-0.050320148	-0.025029497	-0.036647737	-0.047080203	-0.03429881	-0.08333784	0.208064569	-0.127797201	-0.092553802	-0.020661853	-0.038348799	0.121581849	-0.156362237	-0.10223305	-0.164911332	-0.068567219	0.417071084	-0.029611195	0.035728194
UMARY	4640	0.036530298	-0.136305392	-0.05314563	-0.066633894	-0.105756115	0.012622312	-0.305656634	-0.135695904	-0.01668186	0.099279467	-0.199029102	-0.09197579	-0.031410792	-0.147432299	-0.032172288	-0.17465402	-0.017372294	-0.238578458	0.074358202	-0.104832931	-0.258827622	-0.011334787	-0.208450625	-0.163712896	-0.071229067
UMARY	4725	-0.187529036	-0.089201952	-0.096710056	0.030134474	-0.083310022	-0.106381224	-0.598136608	-0.081335818	0.058737894	0.067165076	-0.243625761	-0.101427247	-0.641364135	-0.000595491	-0.134321601	0.154863795	-0.022321433	-0.250070612	0.156684899	-0.159887664	-0.17645327	-0.109630789	-0.72309525	0.010932798	-0.098330319
UMARY	4726	0.084670441	0.060965582	0.005875922	0.016323997	-0.375112369	0.027068177	-0.446206	0.039696473	-0.044604273	0.018731543	-0.036625211	-0.263346616	-0.490350181	-0.039515001	-0.014787423	0.335173247	0.00017769	-0.225129803	0.037474633	-0.003798915	0.004956377	-0.006169562	-0.383102874	-0.420347588	-0.099502622
UMARY	4727	-0.128841788	0.01567546	0.046342741	-0.003913196	0.317803405	0.216073922	0.542154277	-0.007620852	-0.039592333	-0.053920665	0.097263142	-0.124911831	-0.409971618	-0.030923268	0.093014043	0.144806791	0.017637028	0.046049406	-0.250991474	0.178142784	-0.055986557	0.045889635	-0.28206472	0.031192874	-0.18987
UMARY	4729	0.243168405	0.041774918	-0.026733416	-0.009123297	0.281787515	0.148792452	0.175881526	0.012020819	0.02875653	0.122727871	-0.200464053	-0.10460369	0.536666939	0.181547211	0.074888849	-0.487960188	0.15101427	0.293599859	0.017142675	-0.033799764	-0.012387929	-0.012657458	0.50994631	-0.121601927	0.124794375
UMARY	4782	-0.034932899	-0.085005885	-0.062245145	-0.104747467	-0.384813474	0.043660428	-0.045932576	-0.131010526	-0.184585927	-0.093244172	-0.104176208	-0.267383602	-0.189393989	-0.102798797	-0.089586365	0.24520184	-0.077254753	0.071679448	0.251583403	-0.126411652	0.100247078	-0.180180503	0.149866422	0.226290274	-0.039892777
UMARY	4786	-0.017339588	-0.006316383	-0.01094058	0.022469101	-0.003002797	0.199682071	-0.153210022	0.017863452	-0.097780079	-0.007663679	-0.01661527	-0.279836146	0.065109886	0.073220497	0.296105186	-0.045988076	0.004158886	0.143025592	-0.03573379	0.01121146	0.203220697	0.011674709	0.299364622	-0.066983935	0.047091107
UMARY	4788	0.074205537	-0.032930171	-0.166640954	-0.093318565	0.0694398	-0.154204034	0.393785295	0.057769863	-0.289747661	-0.276056869	0.355822038	0.526318604	-0.166566452	-0.051459631	-0.019631961	-0.933670904	-0.142576999	-0.003110349	0.272821277	-0.097586468	0.5333584	-0.00767936	-0.059962535	0.348206524	-0.309796487
UMARY	4789	0.475113274	-0.191192399	0.106789707	0.183848318	-0.232199572	-0.085833512	-0.299355912	0.078407903	-0.071418216	0.105342687	-0.186865468	-0.036383162	-0.896227857	-0.034840406	0.56319137	-0.546540411	-0.090951385	-0.125885675	0.01354062	0.314517455	0.649200563	0.122268956	1.180144741	0.331900508	-0.131446187
UMARY	4841	0.189128128	-0.020042319	0.002626301	0.075393684	0.370488033	-0.041159635	0.282374955	-0.057694971	-0.127295641	-0.029652178	0.365086144	0.394116632	0.155830624	-0.06928032	0.114701565	0.064881134	0.005912895	0.07770384	0.040540739	-0.103477433	-0.247139911	0.000221782	0.181485436	-0.020828912	-0.007389073
UMARY	4842	-0.133059426	0.070264234	-0.071610704	-0.012173407	0.475689208	-0.004950866	0.742221236	0.170092164	-0.101086689	0.025994211	0.044262465	0.316022548	0.403629624	0.144371792	-0.111181579	-0.621948093	0.001555779	-0.097232703	0.139311395	0.192933939	0.060500484	0.038345089	0.15995527	0.347810499	0.132386643
UMARY	4903	-0.060648363	-0.028387198	0.05052822	0.040655467	0.053247201	0.005655965	0.136268479	0.113510988	0.091761548	-0.043775485	-0.068781956	0.043199301	-0.279330647	-0.093457525	-0.097286051	0.09105618	0.049942361	-0.139139562	-0.395418956	-0.119360504	0.044474033	-0.092029423	-0.1389997	-0.292719364	-0.041894028
UMARY	4915	0.100165724	0.073981605	0.014913839	0.051489465	0.233655012	-0.306349253	0.294712156	0.140122166	0.217375102	0.078111389	0.207709746	0.087838209	0.08747337	0.117251745	0.057187246	-0.105956894	0.083370343	0.027291203	0.10903952	0.113129279	0.051859533	0.219472859	0.215279552	0.058487511	0.08769252
UMARY	4916	0.263749733	0.029659947	0.038618318	-0.074812499	-0.178785819	-0.07276623	0.029389993	-0.083856324	0.040389826	0.110939563	0.25239178	0.087656195	0.012692867	-0.052282896	-0.049361761	0.148945807	-0.112927371	-0.25779085	0.067604402	-0.03043415	0.139805802	-0.045880975	0.026132151	-0.011893657	0.22782515
UMARY	4924	1.255923309	0.268732292	0.167559404	-0.029415443	-0.162701268	0.190855245	0.013556197	0.170419171	-0.115032613	0.073733047	0.019270707	0.524588255	0.914347206	0.345971932	0.225328522	0.279396303	-0.023592619	-0.141368129	0.069918721	0.119815674	0.438142338	0.136015912	0.23590343	-0.200299343	0.031054342
UMARY	5024	0.280833268	0.064670562	-0.023942609	0.007134681	-0.060850777	0.025205033	-0.565035078	0.037673828	0.17605132	-0.073222252	0.13979784	-0.046341133	-0.362297714	-0.042955153	-0.06486202	0.072687458	0.148225248	0.019272307	0.168299723	0.209162837	0.021622439	0.077104909	-1.089549632	0.565637696	-0.076625723
UMARY	5028	-0.049962095	-0.046625995	-0.060196371	-0.108526872	-0.282564998	0.006355554	0.088476858	-0.026846351	-0.050636622	-0.031690475	0.020567263	-0.192213244	0.278434278	-0.055803957	-0.209445675	0.359804891	0.019879395	-0.112174548	0.218228337	-0.027212244	0.052704393	-0.07152321	0.000382761	0.041033936	-0.090075438
UMARY	5078	-0.173472349	-0.117906808	-0.036437427	-0.06656414	-0.051428688	-0.151022292	0.053960004	-0.118805567	0.252316157	-0.100693723	-0.122838222	-0.203539324	-0.353915527	-0.115307668	-0.013288958	0.239251823	0.008612937	0.040582546	0.210549833	-0.061601488	-0.076239173	-0.106642373	-0.034352359	-0.105944356	-0.120244834
UMARY	5079	-0.329183647	0.016056475	0.026351638	-0.029769908	0.130363992	-0.135810625	0.096053765	0.015881676	-0.145321833	-0.100819276	-0.05846352	-0.004115007	-0.305142613	-0.08959056	0.056081221	-0.12093786	-0.067431356	0.256352376	-0.131581795	0.020423256	0.02749524	0.043698308	0.001529547	0.1904615	-0.089789929
UMARY	5081	-0.11691473	-0.085050389	-0.028202932	0.044038889	-0.300391428	-0.055604512	-0.249732062	-0.049360695	0.037477584	-0.079991379	-0.076085755	-0.034531125	-0.111204888	0.015659937	-0.059850308	0.1692223	-0.091804061	0.165660991	-0.25414998	-0.057920682	0.216087736	-0.074640287	-0.007595729	-0.036527614	0.090577901
UMARY	5086	-0.134752137	0.026621	0.085032928	0.155132174	-0.037132938	0.032829147	0.473871576	0.021494184	0.050188496	-0.024872687	0.051391502	0.102896029	0.381064109	0.002028542	-0.010285613	-0.082383101	-0.01613575	-0.112163485	0.007118823	-0.031098401	-0.030888595	-0.027136278	0.226192536	0.209520169	0.08894862
UMARY	5087	-0.541585719	0.020989138	0.064101289	0.100405875	-0.164142676	0.039413473	-0.055872259	0.088633879	0.021489902	0.033719832	0.025880687	-0.348847821	0.246804413	0.044353746	-0.001484069	-0.346517377	0.100448927	0.195822677	-0.095593517	0.175539456	0.177059129	0.128516183	0.289333428	0.269004456	0.118482467
