FID	IID	1	2	3	4	5	6	7	8	9	10	11	12	13	14	15	16	17	18	19	20	21	22	23	24	25
BLSA	745	-0.127267697	-0.615172508	0.461830705	-0.534767997	-0.128733097	-0.164494104	0.190445166	0.182809071	0.425942596	0.415418078	0.237901377	0.25413837	0.418329547	-0.046054236	0.658238212	0.513260837	-0.204880921	-0.307613666	0.75054821	-0.18735635	1.107363268	-0.041924909	0.204381919	0.335817069	0.471563826
BLSA	827	-0.147447193	-0.513517876	0.422431553	-0.674261466	-0.622263393	-0.231583384	0.451913037	1.081666174	0.242132507	-0.005191796	0.570262006	-0.174733512	-0.072778132	0.114225531	0.047231621	-0.008630488	-0.262393712	-0.201329049	0.431717481	-0.677713971	0.247907715	0.245066064	-0.462994615	0.16333254	0.71540431
BLSA	1556	0.200939791	-0.395775082	0.581514189	-0.644180512	0.462338133	-0.231243573	0.376722671	0.331315128	-0.002595076	0.004204812	-0.138491604	0.62701099	-0.042755126	0.017397566	-0.013128474	-0.131651269	-0.12347083	0.518853416	-0.184685639	-0.429119933	0.193060117	0.013772048	-0.231204909	-0.150556686	0.398914756
BLSA	1579	-0.264770403	-0.077929858	-0.409808523	0.29681904	0.031818752	-0.25139636	-0.209509951	-0.005762688	-0.317069603	-0.110761422	-0.364037832	0.243812518	-0.34074155	0.4452188	-0.248887445	-0.234142411	0.520691679	0.395960134	-0.156274033	-0.032186599	-0.131808876	-0.151581027	-0.232508565	-0.085479694	0.184667062
BLSA	1595	0.684461308	0.216486464	-3.93963738	-0.132267235	-0.231866312	-0.135763256	-2.194271905	0.419799905	1.022769904	0.653994469	0.232653377	-0.537182957	0.71046836	0.012605739	1.140568428	0.726305621	-0.245475739	0.050078235	0.357865568	0.331661053	0.290165088	0.147311385	0.682719845	0.734719757	0.040231627
BLSA	1603	-0.044501704	0.716191044	-0.08566687	0.114109012	0.056997329	0.486755011	0.005977543	-0.457024839	-0.096978985	-0.00848054	-0.256947964	-0.385953906	0.216704993	0.085794806	-0.151598078	-0.062756763	-0.029526407	-0.668170488	-0.278312721	0.446535426	-0.129869397	0.178904285	0.640617154	0.107403193	-0.9190353
BLSA	1640	0.185354198	-0.413534299	0.218436511	-0.419761567	0.06644535	-0.147729324	0.17264016	0.10578351	0.022138137	-0.01066911	-0.061642924	0.34176904	-0.032916238	-0.05494372	0.035995062	-0.094882004	0.168593685	0.856288296	-0.31386347	-0.622475383	-0.325151759	-0.039344132	-0.0077832	-0.331741604	-0.08260804
BLSA	1775	-0.283066279	0.108735533	-0.109528747	0.083503391	-0.869982725	-0.175032792	-0.107254725	0.128654507	0.132761384	-0.158346479	-0.26659245	-0.777751158	-0.140027216	0.270626934	-0.085195433	-0.087269046	-0.913815144	-0.506203701	0.133506109	-0.063498792	-0.168138292	-0.257472384	-0.121988483	-0.01514565	0.213402394
BLSA	1802	-0.200073313	0.491819744	0.480199218	0.549479084	0.190336806	0.10803124	0.175553609	-0.271410474	-0.206481097	-0.083232356	0.13989958	-0.142526028	0.099944229	-0.378905578	-0.104501195	-0.159532286	-0.067665032	-0.247888068	0.03559033	0.536580876	0.020276996	0.003622038	0.126011659	-0.132008236	-0.328697907
BLSA	1805	-0.022225049	0.963200516	-0.181458464	0.472927048	-0.116736377	0.493347322	-0.108872159	-0.64095087	-0.332039396	-0.174597089	-0.457198032	-0.328150328	-0.049624935	-0.029217027	-0.19703676	-0.103413251	0.105468777	-0.557907691	-0.153279468	0.220496541	-0.26696638	0.309534718	0.438206165	0.134232482	-0.822773151
BLSA	1838	-0.121269486	0.084864382	0.324383577	0.392887014	0.039005407	-0.137046957	0.236721095	-0.492489429	-0.182380505	-0.070639619	-0.073997467	-0.136269838	-0.131187533	0.175311991	-0.226372082	0.022426833	0.079052732	-0.161974506	-0.058624062	0.223805961	-0.133105237	-0.200632376	-0.2052001	-0.267666721	0.083182481
BLSA	1839	-0.007032801	0.156492575	0.530058771	0.615187003	-0.004491115	0.330853514	0.353171631	-0.127955079	-0.253489287	-0.110511757	-0.102861018	-0.025941082	-0.22724593	-0.020228935	-0.234333275	-0.1507214	-0.117789276	-0.272088597	-0.057136951	0.392499404	0.148826157	0.054806293	0.286922038	0.037059204	0.052693095
BLSA	1840	-0.194958296	0.209226281	0.297628203	0.039916287	-0.097764383	0.290669947	0.151169956	0.073568104	-0.28864781	-0.255684787	-0.291994396	-0.311680432	-0.251880667	0.064062614	-0.271506724	-0.319381539	-0.157109	-0.270927894	-0.110693182	-0.10819958	-0.18448907	-0.072375457	-0.021073597	-0.11734586	-0.298480587
BLSA	1883	-0.148721842	-0.03137969	-0.037047847	0.098135408	0.040470217	-0.1091508	-0.061785215	-0.185768166	-0.023086462	-0.097406274	0.050811054	-0.064852499	0.048119573	0.043988278	0.017489257	0.027347358	0.231294175	-0.172581765	-0.074743912	0.085969123	0.009087913	-0.07547595	-0.096162482	0.054438717	0.137940858
BLSA	1889	-0.072285102	0.466102961	0.349159081	0.196618634	0.010944594	0.239134491	0.06946839	-0.249063959	-0.199561879	-0.090183021	-0.30480935	-0.167783085	-0.055571077	-0.097295613	-0.305944971	-0.08908074	-0.092945259	-0.226368845	-0.13256602	0.331489402	-0.128054161	-0.108597079	0.135103465	0.004974642	-0.414551769
BLSA	1924	-0.047596917	-0.107466163	-0.183081684	0.413067001	-0.394477366	-0.121867392	-0.138880622	-0.292673308	0.012291615	-0.057388517	-0.191687336	-0.015248072	0.007330922	-0.258473983	-0.04974853	-0.049707067	0.104609159	-0.040692242	0.138018351	0.403171759	-0.005586939	-0.047869941	-0.30883275	0.083765154	0.141493157
BLSA	1961	0.211014708	0.500301677	0.148747513	0.40210236	0.447143091	0.373804642	0.229752628	-0.040209894	-0.053620826	-0.048517898	0.751822486	0.224984962	0.101816107	-0.258910462	-0.191209112	0.011403473	0.166992661	-0.277853078	-0.223069406	0.336552034	-0.308184593	0.185834381	-0.156201993	-0.23619904	-0.006473387
BLSA	2000	0.079853987	0.301952848	0.360863442	-0.485174929	-0.1011166	0.0800396	0.0817831	-0.244952349	-0.151212293	-0.030686351	-0.25984136	0.337039222	-0.092093335	0.035996242	-0.210081982	-0.127672321	0.358053379	0.06963556	-0.151147128	-0.42967908	-0.146357847	0.249762043	-0.081427691	-0.137466451	-0.332607258
BLSA	2020	-0.157782375	-0.650155544	-0.085936989	-0.42054392	0.107128762	-0.202367415	0.020388722	-0.16611823	0.24563726	0.101808453	0.138526897	0.136650864	0.159951751	-0.069248026	0.06610685	0.151949403	0.526088602	0.362453299	0.112940666	-0.0940947	0.050766077	-0.193572555	-0.190848482	0.011567948	0.186129067
BLSA	2037	0.140326147	-0.338068414	0.205117093	0.073035682	-0.069677521	-0.357474511	0.106458272	0.411461109	-0.096280056	-0.03528905	0.049864547	0.187975888	-0.205842448	-0.075607477	-0.121874651	-0.087557679	0.15832503	0.336512059	-0.143646535	-0.287991518	-0.366897291	-0.122144185	-0.136403806	0.132965447	-0.125947415
BLSA	2066	-0.027248819	-0.188541465	0.018525035	0.208618875	0.119525122	-0.03730728	0.033700866	-0.175127029	-0.070027954	-0.033403338	-0.054863592	0.061322971	-0.022623867	0.034422599	0.075931365	0.005425081	-0.269197601	-0.209454231	-0.043869568	0.114854747	-0.207971501	-0.144191241	-0.100416241	-0.078279202	-0.290611301
BLSA	2069	0.111564142	-0.147575599	0.697859147	0.255585757	0.087752761	0.035733873	0.305464043	0.006535404	-0.13305731	0.016931564	0.094705873	0.398945386	-0.122348247	0.06766759	0.018541181	0.053215747	0.141557561	0.761592446	-0.124647583	-0.278053301	-0.160112247	0.080504787	0.158571109	-0.122769651	0.050452627
BLSA	2093	-0.082206232	-0.028441395	-0.099222912	-0.061293658	-0.190557177	-0.058919654	-0.106376946	0.236013336	-0.064489323	-0.246011749	0.286794822	-0.36995579	-0.152561789	-0.185696284	-0.117549991	-0.187687528	0.205945617	-0.162080922	-0.083127785	0.276601571	0.215969814	-0.109672252	0.047638811	0.174564805	0.269491569
BLSA	2102	0.334939228	-0.707816133	0.034635379	-0.839740312	1.16775974	-0.076992838	-0.034379367	0.371900065	0.367344457	0.434643775	0.271723306	0.624378477	0.177532608	0.107262649	0.468866725	0.38275144	-0.282404134	0.931761298	0.329500748	-0.489848688	0.379270445	0.095735447	-0.367125253	-0.300182162	0.676219284
JHU	384	0.074448321	0.097821656	-0.08438994	0.296944707	-0.173696727	0.219982249	-0.069108461	-0.19811665	-0.099216283	-0.199754096	-0.264609999	-0.041363942	-0.018327277	0.633994217	0.003873729	-0.253816245	-0.291984458	-0.068724275	0.109526058	0.242112381	-0.186482358	0.079630181	-0.104872336	0.102423642	-0.337600892
JHU	705	0.080242593	0.475234981	-0.26767456	-0.344467542	0.251587987	0.467175042	-0.098486403	0.128183441	-0.328831209	-0.086532749	-0.176698421	-0.316293019	-0.007106486	0.178278976	-0.157502068	-0.00928917	0.007556465	-0.594846591	0.048165387	0.409739066	0.099953046	0.19181791	0.648809349	0.16361723	-0.836499233
JHU	710	0.185929527	-0.101685295	-0.046540114	0.044986831	0.15182965	0.038755235	0.027187861	0.104313604	-0.037376401	0.050963026	-0.029247903	-0.104744321	0.097303447	0.185750583	0.075212778	0.056856777	-0.214101416	-0.100713227	-0.06399822	0.258265328	0.158953943	-0.034905226	-0.029780072	0.19914915	-0.309601638
JHU	712	0.169063861	-0.527607408	0.144127536	0.361510578	-0.574789148	0.085703736	0.114803689	0.26448173	-0.059295495	-0.016777887	-0.035041342	0.065191188	-0.016418561	-0.181298914	0.130789114	-0.032901318	-0.194065933	0.064903142	0.084161576	0.165503196	0.45061297	-0.07229965	-0.225722684	0.036274081	0.820157094
JHU	713	-0.934568984	-0.282936901	0.473817947	-0.56787054	-0.00427696	-0.564102292	0.119331293	-0.263149504	0.340526608	0.191975251	0.753273804	0.348663002	0.068625546	-0.472135667	0.319810149	0.240907921	-0.309469929	0.470082616	0.694195036	-0.38990381	0.092178013	-0.205314175	-0.256276957	0.168666745	0.866999874
JHU	719	0.272109586	0.624394963	-0.015490868	0.280925546	0.23875554	0.289830827	0.073430301	-0.342155636	-0.06694825	-0.014338805	-0.117233321	0.122352016	-0.068167203	0.061675593	-0.119783753	0.075907223	0.509095354	-0.167352536	-0.18733964	-0.068942334	-0.174999503	0.147534702	0.328240826	-0.025854374	-0.464759455
JHU	993	-0.038860987	-0.606823366	0.061547265	-0.278206051	-0.177045439	-0.525242623	-0.171430442	0.315799125	0.229551112	0.125373147	-0.04126654	-0.205955309	-0.202724738	-0.104365103	-0.266685402	-0.065175837	-0.009750863	0.478208351	-0.061071914	-0.421116629	-0.065362291	-0.156062281	-0.360183344	-0.13295191	0.547462255
JHU	994	0.032247175	0.679796375	-0.172105554	0.101668269	0.263679329	0.138835228	-0.093623137	-0.13213234	-0.102054516	-0.115420597	-0.197693322	-0.110170143	0.086778577	-0.186937736	-0.085635092	-0.09076655	0.307391312	-0.302360217	-0.31367308	0.019180735	-0.309294231	0.24233223	0.351862276	-0.304335399	-0.276397302
JHU	995	0.159388909	-0.358195005	-0.093291713	0.104508203	0.023955769	-0.150937403	0.097895299	0.122776231	0.123644434	0.06451271	0.108517043	0.242320528	0.060036694	-0.114961948	0.099920546	0.078277198	0.195329468	0.220802736	-0.309965202	-0.214837934	-0.065559589	-0.192733693	-0.352077058	-0.206989166	-0.009760703
UMARY	142	0.083808942	-0.629732887	-0.142732188	-0.019502229	-0.153305151	-0.240939839	-0.121581773	0.600104807	0.142369719	0.083876139	0.08474086	-0.30235109	0.035757935	-0.308456739	0.106897168	0.151512295	-0.118599422	-0.047614935	-0.027124325	0.105424788	0.351984766	-0.326150115	-0.059265249	0.117567105	-0.070498004
UMARY	602	-0.050646916	-0.334148121	0.388276583	-0.058703464	-0.01853262	0.029838765	0.193786517	-0.190480595	-0.12144989	-0.039200441	-0.119632891	-0.03189471	-0.102274422	0.352996643	-0.168165127	-0.009397526	0.060174907	0.134448517	-0.097907561	-0.108270122	-0.161123323	-0.095193431	-0.170561388	-0.025886624	-0.074587866
UMARY	604	0.100427547	0.409886468	-0.095639082	-0.028720706	-0.081677893	0.042304029	-0.121594193	-0.061718903	-0.017581344	-0.033052516	0.001159587	-0.050587695	0.019621927	0.127241776	0.058869385	0.071404094	0.201586846	0.033469413	0.024409996	0.30446711	-0.089849463	0.105779161	0.129382761	0.076319663	0.227607405
UMARY	813	0.008385288	0.159296682	-0.002279988	0.248114599	0.063204556	0.226897705	-0.085544982	-0.079801047	0.141864752	0.036843511	-0.000870443	0.175901948	0.03544688	0.495268474	0.008152032	0.059712062	-0.076553528	0.044008926	-0.018654278	-0.001808064	-0.148972318	0.023313692	-0.090830541	0.069756863	0.151551989
UMARY	819	-0.059430909	0.261084382	0.001250059	0.238889485	-0.244569855	-0.067909479	-0.035793441	0.026073344	0.070768048	0.054709675	0.082784769	-0.05408015	0.153820341	-0.175834925	0.029466837	0.049519144	-0.128230703	-0.061028523	0.074455282	-0.04713793	-0.058398444	0.005579878	-0.079240665	0.058762583	0.07890296
UMARY	871	-0.018459335	0.078503684	-0.057088612	0.028187672	-0.418824318	0.15474606	-0.05071864	-0.07835096	0.013981558	0.034360759	0.033581359	0.185844493	-0.055146573	0.173018392	-0.010332934	0.054951973	-0.115548738	0.067292065	-0.056849414	-0.094266996	-0.01750881	-0.023788783	-0.053481651	0.17541037	-0.123991739
UMARY	879	-0.124635598	0.187826685	-0.226574654	0.044354678	-0.032994745	0.1523906	-0.152399373	-0.070422719	0.065923904	0.036849901	-0.016404349	0.018158048	0.090203977	-0.150920766	-0.113479011	-0.08694821	-0.114056361	0.03429547	-0.056393559	-0.099884661	-0.03021188	0.073708691	0.161850653	-0.041675604	0.133494389
UMARY	880	0.166473982	-0.729987525	0.162406863	-0.354909023	-0.417589007	-0.086850317	0.087353496	0.546707032	0.159497603	0.164434439	0.062162192	-0.034517742	0.067620062	0.020980446	0.233722887	0.108046526	-0.021546248	0.07088651	-0.052439186	-0.367654643	0.268619236	-0.092896606	-0.215597446	0.001036682	0.455810541
UMARY	914	0.055968221	0.103488975	0.059471056	0.089362029	0.258597342	-0.046652055	0.055458608	-0.077490541	-0.065309233	-0.033808406	0.008359336	-0.255067338	0.022920941	-0.125684111	0.016316156	-0.000272601	-0.092857595	-0.063595654	0.11203779	0.12908252	0.109342746	0.051933031	0.29408174	0.066167386	-0.025080794
UMARY	933	-0.122136511	-0.061516816	0.370850119	0.104690015	-0.272263445	0.11949891	0.174340256	-0.337203331	-0.21897413	-0.088957019	-0.18799138	0.448127131	-0.158421335	0.519551937	-0.224439449	-0.063471145	0.123474883	0.105419926	-0.08815714	-0.09238419	-0.171330583	-0.148740031	-0.117048014	-0.142083676	-0.168193036
UMARY	1028	-0.145993144	0.293659369	-0.184062393	0.023195817	0.172764781	0.022502766	-0.281956566	0.173807743	-0.2686967	-0.18037364	-0.233046052	-0.146341131	-0.096117155	-0.205333996	-0.103946846	-0.27139395	0.101311465	-0.163178391	0.272814255	0.33065876	0.102123261	-0.023366217	0.180517824	0.006966486	-0.05474331
UMARY	1037	-0.04606741	-0.005945686	0.004393708	0.001509367	0.321528098	0.008117999	-0.170323307	-0.469359289	-0.11379054	-0.056607714	-0.144253377	0.224600277	-0.087617734	0.562806122	-0.02134289	-0.066930645	0.172200567	-0.150504233	0.198976631	0.099009027	0.063899849	-0.081547884	-0.078251422	-0.034698571	-0.050910252
UMARY	1064	0.010627168	-0.15617404	0.539908236	0.484625924	0.121255117	0.167157236	0.280021095	-0.279468989	-0.10508891	-0.043883269	0.053077615	-0.012234502	-0.03143783	-0.005125836	-0.066355546	-0.051441425	0.4108435	-0.028833236	-0.151889932	0.159580086	-0.19665961	-0.063774867	-0.11764489	-0.104149974	0.072428454
UMARY	1065	-0.030836745	-0.121424984	0.368536647	-0.009141017	0.19697644	0.246836598	0.297312965	0.289598676	-0.055630708	0.096657432	-0.268856058	-0.04704214	0.012196098	-0.009597585	-0.25089839	-0.180401887	0.040844429	0.187639311	-0.198097322	0.328194039	-0.125464004	0.040588375	-0.196240411	-0.227705817	0.12399812
UMARY	1076	0.098209581	0.00353848	0.058577937	0.072649619	0.138440859	-0.074260481	0.048268892	-0.235315411	0.120269082	0.094665476	0.038907358	0.052115975	0.106399653	-0.180212839	-0.00095217	0.092237259	0.155064734	0.074569523	-0.000181456	-0.09767011	-0.215471655	-0.022944076	0.176512888	0.059182735	-0.043410863
UMARY	1078	-0.080369757	-0.06758266	0.424483777	-0.293395802	-0.057654635	0.143359562	0.043059801	0.241857087	-0.05450151	-0.180227505	0.470563619	0.164922095	-0.31539261	-0.04297656	-0.117741942	-0.241529115	-0.056027293	0.032055337	-0.06078615	-0.356916333	0.03978948	-0.044255294	-0.219912945	0.095802414	-0.19079855
UMARY	1079	-0.170554394	0.311573023	-0.124455306	-0.182857856	0.236916584	-0.053070599	-0.134136288	0.204764666	-0.140706353	-0.126775631	-0.216912855	-0.075931803	0.017756111	-0.127329453	-0.085581525	-0.127631615	0.177424904	-0.097905414	-0.080014615	-0.102912202	-0.068772653	-0.005344527	0.327952548	-0.114573571	-0.246338371
UMARY	1104	-0.006676056	0.060972956	-0.176404797	-0.042024618	-0.171770429	0.072461951	-0.137462847	0.005435771	-0.028067078	-0.083409326	-0.010014346	0.012445336	-0.030271513	0.030991571	0.101580632	-0.031283818	-0.185815782	0.002066221	0.002014944	-0.1400689	-0.049890699	0.017521763	0.310269359	0.095282867	0.31052456
UMARY	1105	0.073326237	-0.240077236	-0.202878753	-0.084410492	-0.028942598	-0.268119686	0.006705846	-0.235091507	0.208025515	0.153521046	0.321532236	-0.030002095	0.140266584	-0.086780391	0.145252208	0.109684295	-0.035193475	0.144636826	0.155043497	-0.204934263	0.058395885	-0.028722677	-0.275980963	0.079147593	0.091664336
UMARY	1114	0.149636753	-0.121934426	0.045621498	-0.043592929	0.136720198	0.041328684	0.075305147	-0.282339085	0.056960887	0.06058642	0.057305592	0.218408826	0.002866682	0.069136327	0.072596337	0.108677545	0.003531851	0.106027784	-0.027748973	-0.388967902	-0.044579356	0.086636669	-0.062107204	0.203512876	-0.050356911
UMARY	1133	0.216517731	-0.467420426	0.319347019	0.015613394	0.016161812	0.170652838	0.234959849	-0.565391195	-0.032704261	0.080808652	-0.064294539	0.503680219	-0.066711104	0.588468221	-0.033780723	0.208756131	0.146684785	0.124631148	-0.138582948	0.123186803	-0.006698186	0.043319754	-0.30996179	0.067365557	0.240780523
UMARY	1134	0.050480258	0.090774505	-0.09759592	0.124620007	-0.086160314	0.019380499	-0.037946807	-0.233138564	0.144469065	0.086317942	0.053635969	-0.083953599	0.02485415	0.255296497	0.050342273	0.016656295	-0.166488522	0.051911783	0.079592316	0.040133492	0.009110837	-0.030311003	0.232377689	0.095296114	-0.156667736
UMARY	1136	-0.003002519	0.319147113	-0.012663682	0.059999903	0.166335278	-0.09985973	-0.010490457	-0.044928978	-0.164242858	-0.075441019	-0.174647722	-0.179890299	0.077967519	-0.184926689	-0.037251606	0.003321936	0.14865546	-0.121174772	-0.113041347	0.333755485	-0.00836178	0.023076866	0.281980588	-0.050390208	-0.270215032
UMARY	1158	-0.020406276	-0.248484362	-0.072402776	-0.044768118	-0.299397586	-0.199577779	-0.025908094	0.070267028	-0.005840903	0.007659696	0.059375107	-0.096158189	0.03732227	0.069287641	0.074361513	0.050844274	-0.199290874	-0.040867211	0.012180419	0.050552817	-0.040183765	-0.14970289	-0.345922255	-0.044400293	-0.10561689
UMARY	1170	0.026562414	-0.266670859	0.015344412	0.155338494	-0.230212868	-0.102354662	-0.035737319	-0.026405509	0.040620103	0.000791711	0.035202503	-0.084308908	-0.017219826	0.134456745	0.047061014	0.053686362	-0.018180098	0.078189426	0.05313784	0.215156735	0.10754587	-0.174278847	-0.188896882	-0.00838947	0.096191277
UMARY	1206	-0.00090411	-0.463722839	-0.018352522	0.157124566	-0.380673506	-0.088352748	0.033801866	0.240101853	0.129217121	0.08195634	-0.038982682	-0.110945518	-0.019825509	-0.01600782	0.076608377	-0.085354583	-0.026936918	0.058398565	0.013256526	0.014436506	0.050951487	-0.082523779	-0.503799535	0.061564643	0.327664976
UMARY	1209	0.016228441	-0.047994578	-0.124142729	-0.178201443	0.015449894	0.044168959	-0.097133428	0.303308651	0.07863663	0.04609585	-0.035653277	-0.004479742	-0.043478642	0.060521886	0.091835802	0.016485991	-0.322619302	-0.018286728	-0.059944979	-0.122904153	-0.119721712	-0.086725197	-0.060894128	-0.037474205	-0.192010885
UMARY	1226	0.051003674	-0.038580475	-0.035238978	-0.270207123	-0.389130304	-0.074518976	0.019330205	-0.192823092	0.050250796	0.029147255	0.105107144	-0.028454925	0.016923513	0.088163258	0.07736659	0.087218048	-0.023872698	0.013310022	0.013976126	-0.238721478	0.081106975	0.087620373	0.091946704	0.276539612	-0.487456567
UMARY	1230	0.040088147	0.133337714	0.117990433	0.19652864	-0.066462477	0.086894591	0.002553053	-0.334022768	0.019473329	0.020984017	-0.027431087	0.080272863	0.038375923	0.630753213	-0.016827931	0.066252298	-0.006344395	-0.009480061	0.065259217	0.010153221	-0.010762345	0.195690388	-0.16210053	0.051557068	-0.33701485
UMARY	1260	0.180204031	-0.112402781	-0.120101622	-0.114291231	0.325089411	0.025356351	-0.027299826	0.339818726	0.147614748	0.209651046	0.191239587	0.015077254	0.111187235	-0.023781626	0.221925302	0.253570277	-0.312206414	0.136687584	0.107323359	-0.005460948	0.068033102	-0.002925271	0.190504708	0.127762867	-0.020881998
UMARY	1326	-0.003932207	0.218786946	-0.173786775	0.290446771	0.181581983	0.066511926	-0.111908027	0.032897098	-0.008092657	-0.041272865	-0.024740729	0.02958157	0.077715821	-0.048883809	0.11287823	-0.04858695	-0.244208774	-0.064959232	0.083858955	-0.031835656	-0.10653879	0.143711587	0.227722742	-0.101715762	0.257095259
UMARY	1454	0.037300611	-0.525210138	0.013143963	-0.037566277	-0.001771194	-0.179700873	-0.062709755	0.047170262	-0.01900221	-0.031137336	-0.123898985	0.070238353	-0.086560214	0.0095194	-0.033408646	-0.021820394	0.312450523	0.247195982	-0.034600346	-0.152866748	-0.074786519	-0.250621864	-0.324308201	-0.073763844	0.11913694
UMARY	1465	-0.09657704	-0.16034252	-0.241480658	0.152782374	0.060645722	-0.223672085	-0.10851512	-0.068470236	0.01998089	0.003487253	-0.006896237	-0.214928764	0.039608272	-0.3595766	0.088276794	-0.031023877	-0.068728719	0.040727337	-0.034946486	0.140197124	0.25844544	-0.049169883	0.032017966	0.097215198	-0.193685159
UMARY	1486	-0.09363535	0.203134352	-0.122673768	-0.152229958	0.070039209	-0.034769601	-0.100164173	0.035183422	-0.172266034	-0.044295343	-0.17751317	-0.047027024	0.014922904	-0.303143557	0.043155208	0.002154003	-0.035662046	-0.170024227	0.052231945	0.220245699	0.022723875	-0.004706155	0.15210928	-0.022790936	0.108203088
UMARY	1498	-0.104007711	0.116348454	-0.139772946	-0.023452588	-0.219877561	-0.01173434	-0.077622665	0.24910148	-0.074318949	-0.012533025	-0.020535666	-0.101346532	-0.047839029	-0.125920228	-0.111844663	-0.032585858	-0.137018431	0.028581954	-0.040983664	0.077778583	-0.051745312	-0.075862263	-0.02599362	0.002144408	0.198584581
UMARY	1502	-0.169744327	0.373037222	-0.142490286	-0.010747283	0.078306876	0.071046677	-0.121241892	-0.205188773	-0.073090264	-0.053911038	-0.07482354	-0.001641845	-0.045179616	0.274262603	-0.135324454	-0.125248787	0.058975827	-0.11355981	-0.089338372	-0.211132417	-0.096714248	0.141643898	0.030357783	-0.0436173	0.101209134
UMARY	1535	-0.047875745	0.00091902	-0.036406817	0.046643329	0.178437811	-0.073596248	-0.091472319	-0.046714691	-0.01142571	-0.003110323	0.039720402	0.002220387	-0.040905611	-0.187423221	0.026069439	0.024705308	0.230534941	-0.242721376	-0.139970718	0.116534131	-0.185977437	-0.137738961	-0.097465347	-0.008085045	0.02504869
UMARY	1540	-0.122031061	0.380998856	-0.217053963	0.330838868	-0.218118878	0.304848559	-0.138056477	-0.400901955	-0.053418825	0.018821813	0.047909557	-0.225358521	0.022194967	0.164046736	0.05371825	-0.064717022	-0.025757202	-0.081341683	0.040494177	-0.050947389	-0.156732295	0.015312601	0.241901534	0.20785153	-0.642950996
UMARY	1541	0.091649668	-0.023587499	0.051646182	-0.135705007	-0.164701723	-0.06684194	0.065364892	0.138883165	0.07686934	0.088401287	0.072116577	-0.017277237	0.063946139	0.013482074	0.091453807	0.108038219	0.071103051	-9.68E-05	0.005327633	-0.058393333	-0.119256736	0.001401652	-0.227920807	-0.059707423	0.1059641
UMARY	1544	-0.051931404	0.151192292	-0.15101002	-0.052287466	-0.031187527	-0.053394077	-0.092739413	0.239239972	-0.103693815	-0.096075814	-0.059232516	0.028308912	-0.033752	-0.260943065	-0.056313086	-0.012969339	-0.022680494	-0.131666094	-0.103257419	0.150006459	-0.048562603	0.042218777	0.003295745	-0.128882741	0.279733313
UMARY	1545	0.078425057	0.371698632	-0.017836515	-0.112504512	0.543135275	0.117047564	0.111962912	-0.35410503	0.03006571	0.048908914	0.048184536	0.191583327	0.060393683	0.294566577	0.109468032	0.213702487	0.505079471	-0.1489215	-0.163191915	0.075733837	-0.065047424	0.080316902	0.357359533	-0.137558784	-0.16823888
UMARY	1568	-0.020010396	-0.302405524	0.001376716	0.419167517	0.153860844	-0.084634109	-0.012944274	-0.443208179	-0.087693038	-0.017571695	-0.115609941	0.100126273	-0.057950243	-0.229154367	-0.00387563	0.016135403	0.326225824	-0.021739551	0.078736165	0.078413805	0.054637756	-0.125714727	-0.270690046	0.140658761	-0.102039022
UMARY	1570	0.014919133	-0.009378612	-0.126424746	0.115415306	-0.244708218	0.073817677	-0.050994039	0.014257141	0.033369595	-0.067711954	0.050375951	-0.151046847	0.00845796	-0.074397378	-0.004842265	-0.044992077	-0.110306041	0.030458841	-0.033341177	-0.201130198	-0.068143773	-0.003026638	0.02242448	0.135859077	0.05017274
UMARY	1571	0.101232083	0.433504121	-0.030215711	-0.044011018	-0.021195719	0.271926007	-0.034412399	-0.385813661	-0.177476507	0.004655241	-0.112449811	0.224372756	0.272021826	-0.065990429	0.005964596	0.148483069	0.235424611	-0.075642318	-0.013012795	0.033981971	-0.129377734	0.304855511	0.518528713	-0.00618499	-0.243035523
UMARY	1578	0.003735409	0.755103706	-0.088248821	0.021832628	0.203670153	0.225827356	-0.120173116	-0.282607315	-0.089437056	-0.068914924	-0.246984493	0.00587693	-0.064007764	-0.170628069	-0.130042174	-0.082337641	0.232563056	-0.178867562	0.006792317	-0.083111725	-0.268863661	0.162982091	0.307341849	0.04464715	-0.555607734
UMARY	1583	0.136568191	-0.711610682	0.016115849	-0.123633614	0.276802579	-0.280962401	0.149294036	0.446178428	0.186925231	0.064506189	0.160853359	0.264523447	0.062453633	-0.184863783	0.067955687	0.018682223	0.363082142	0.321005845	0.026550269	-0.114237788	0.152922311	-0.16407662	-0.531028846	-0.076418218	0.265949385
UMARY	1584	0.043956688	0.145389707	0.160776203	-0.169048417	-0.099729859	0.172030099	0.073723977	-0.005226323	-0.049621659	0.026840628	-0.165155161	0.038193202	-0.11600618	-0.249815519	-0.111028792	-0.096750841	0.122677382	0.119088306	-0.287301239	-0.325997107	-0.062428959	0.220794979	-0.115145855	-0.051461206	-0.288826418
UMARY	1611	-0.219154178	0.351599607	0.31936484	0.099486798	-0.071105505	-0.010658714	0.21161877	-0.420050291	-0.289997376	-0.209259576	-0.276866964	-0.192880046	-0.087736935	-0.215760624	-0.335383038	-0.237145916	0.114941882	-0.021029358	-0.150780432	-0.019321463	-0.00503296	0.110495028	0.360707709	-0.09072789	-0.103594452
UMARY	1612	-0.038711421	-0.399106223	0.314289081	0.039460765	0.049865848	-0.007992824	0.28755757	0.536981685	0.063032112	-0.18527781	-0.087721165	-0.208296176	-0.009985608	0.336912979	-0.039995803	0.074759574	-0.116656047	-0.086755564	-0.084669819	0.306134379	0.186904326	-0.158853653	-0.235062407	-0.156238418	0.129689784
UMARY	1613	0.100918815	-0.547958582	0.082622016	-0.197067876	-0.610730957	-0.064742966	0.12042377	0.442809292	0.151509348	-0.029957747	-0.043928262	-0.010957378	-0.006653224	0.33845353	0.048869965	-0.018735091	-0.015616229	0.61797176	0.040967048	-0.61680757	0.344396925	-0.143360188	-0.52137634	0.146361738	0.319995468
UMARY	1614	0.080023502	-0.085695746	0.100572734	0.243154603	-0.066516663	0.157524457	0.022345657	0.087239227	0.014631925	0.126171459	-0.090378511	-0.149279507	-0.014871044	0.033120391	-0.030662673	-0.087405546	-0.083420359	-0.234933062	0.083583895	0.162778078	0.155139143	-0.053285645	0.224296519	0.259831899	-0.227811717
UMARY	1648	0.014855708	0.182153311	-0.0676878	-0.16784381	0.136016393	0.19182052	-0.021177792	-0.050273916	-0.003751922	-0.023282292	0.078356322	-0.028109493	-0.089872611	0.114286365	0.041704889	0.032583984	-0.285399729	-0.282469058	0.036322968	0.296957123	0.172172266	-0.073351971	0.128167985	0.06853824	-0.119689282
UMARY	1652	0.037949884	-0.510781932	0.129061071	-0.237349798	-0.202826742	-0.092062189	0.178724503	0.365057243	-0.036267828	-0.029054546	-0.021427451	0.018550081	-0.01095543	-0.214764504	-0.008983487	-0.02757267	0.152273812	0.649649337	0.061516114	-0.310058794	0.204280725	-0.23166164	-0.585596319	-0.055225779	0.393131733
UMARY	1668	0.070209978	-0.413144733	-0.009056379	0.202648258	-0.09514187	-0.197228937	0.091048597	0.059048256	0.094292128	0.127731759	0.185042927	0.064714343	-0.047690456	-0.045883053	0.096242162	0.094161591	-0.171826217	0.018478828	0.09594048	0.110447585	-0.043207941	-0.043865621	0.05113386	0.007008427	-0.051433288
UMARY	1710	-0.009737469	-0.136723923	-0.061785965	0.002531732	0.281248504	-0.192082377	-0.110496018	0.079684593	0.003853206	-0.049732281	-0.054837392	-0.090828513	-0.079909446	0.181026881	0.097425084	-0.06206294	-0.272060435	-0.322414636	-0.075659379	0.302325367	0.213006314	0.171908176	0.288868017	0.053726635	0.172193726
UMARY	1712	0.092757392	-0.107451195	-0.053638955	0.073534117	-0.019309027	-0.054943744	-0.005105446	-0.001764127	0.067798294	0.087843263	0.109688639	0.112068836	0.130523026	-0.075253921	0.103730877	0.003015929	-0.04689056	0.090328495	0.002472224	0.091490719	0.02618629	-0.06775981	0.004983769	-0.036215523	-0.083462367
UMARY	1713	-0.006629162	0.054294869	-0.143175859	-0.227254966	0.266696747	-0.191580203	-0.062409506	0.216266148	-0.025397491	-0.037355449	0.018094717	-0.108960049	0.028067051	-0.320001428	-0.028776358	-0.084710357	0.227269835	-0.078802797	-0.054987873	-0.016480878	0.056401332	0.057046319	0.059707462	-0.170344515	0.43000375
UMARY	1715	-0.020079956	0.471253289	-0.130297816	0.082351754	0.07764165	0.028309199	-0.019344721	0.001752528	0.050941469	0.025452877	0.112686082	-0.036021029	0.084500437	-0.037704324	0.008040483	0.064383079	-0.17544466	0.135790709	0.080131607	0.100472798	0.143686587	0.145081755	0.096826988	-0.038370755	-0.146315163
UMARY	1792	0.031746263	0.396248787	0.01894296	0.014010338	0.384574837	0.128268312	0.043894188	0.131888973	-0.077581409	-0.006732374	-0.042523886	-0.107373347	-0.081687943	-0.079503828	-0.00751808	0.056318115	0.052760479	-0.149372096	0.038670086	-0.020129212	0.0641943	-0.05005774	0.296214068	-0.051138956	0.019048864
UMARY	1795	-0.049247143	-0.201405811	-0.050058832	0.099475655	0.141159767	-0.058155803	-0.048512301	0.216139706	0.010916813	-0.032407254	0.075414314	-0.113264064	0.014617953	-0.169257099	-0.035779253	0.063957043	0.240272978	-0.129972309	-0.039700567	0.302951279	-0.092535994	-0.032400546	0.057222168	-0.023693324	0.323601471
UMARY	1797	-0.008903811	-0.219727567	-0.102847941	0.087224704	0.17609572	-0.123835662	-0.033698515	0.027623328	0.174379154	0.033103485	-0.017575449	-0.023455269	0.072629314	-0.215692077	0.160078605	-0.028706428	-0.003724718	-0.088858426	0.264178658	-0.114611703	0.27562286	-0.032977761	0.02780344	-0.199613101	0.042876279
UMARY	1825	-0.126188099	0.263935178	-0.060435761	0.159658486	0.07143751	0.175084916	-0.056899594	-0.261247642	0.077060912	0.047232258	-0.073433566	0.167311794	-0.084578882	0.350667811	-0.03278473	-0.003626283	-0.16699494	-0.075590022	0.189956501	-0.190765767	-0.085599534	0.049258065	0.108981431	-0.061184788	-0.310664664
UMARY	1827	0.107160666	0.517219901	0.001782751	0.187284977	0.207627171	0.138853517	-0.090420634	-0.236401662	-0.006452938	-0.085312369	-0.074740678	-0.084021552	-0.013255935	-0.192012963	-0.099688483	0.003540324	0.172554006	0.095969005	-0.131439185	0.207026312	-0.210233524	0.149763765	0.319084476	0.019445927	-0.381215367
UMARY	1830	0.145214299	-0.55206323	0.03729253	0.14635432	-0.308941548	-0.085006899	0.0287493	-0.07060615	0.210226349	0.199360307	0.224078563	0.248312709	-0.030011231	0.239057443	0.10447332	0.16923622	0.102587511	0.294994128	-0.034850581	0.011361505	0.128960391	-0.092944533	-0.30441612	0.071099643	0.266438582
UMARY	1846	0.00564727	0.028582758	-0.239076511	-0.239344821	-0.060582935	-0.080095342	-0.144524887	-0.132683003	0.070705297	0.022939862	0.042482708	-0.130176213	-0.045029344	-0.268509522	0.077354358	-0.026518523	0.119047259	-0.134007144	0.119886093	-0.014656654	0.009053496	-0.062742482	-0.052937749	0.110755693	-0.165882039
UMARY	1847	0.014029623	0.044647189	-0.050047693	-0.173761073	0.217455584	-0.155851996	-0.061513747	0.292901599	-0.032943344	-0.02448454	0.001527047	-0.029395841	-0.067100325	-0.067879151	-0.012385216	0.051193075	0.162424509	0.142180472	-0.218880227	0.104490712	-0.105438828	-0.049019336	0.167478903	-0.060487395	-0.118741958
UMARY	1849	-0.011611055	0.534469174	-0.08540694	0.107543957	0.366571438	0.120489504	0.021031124	-0.734208551	-0.099720418	0.038451601	-0.087920801	0.171436882	0.18688305	-0.092980678	-0.037384987	0.00611547	0.493025977	-0.052802057	-0.049854019	0.254243291	-0.03921531	-0.079207384	-0.1154102	-0.074032614	0.241186695
UMARY	1862	0.1297935	0.283098143	0.065381163	0.150997885	0.203793547	-0.022011587	-0.035188075	-0.2179282	0.111733735	0.065545939	0.002926557	-0.040354955	0.007854944	-0.133647535	0.008456946	0.111006827	0.366526361	0.153472561	-0.159976209	-0.089150402	-0.088378725	0.067983739	0.019582272	-0.066851777	-0.025008685
UMARY	1865	0.058672878	0.093742211	-0.195651302	-0.006888197	-0.102555024	0.058570991	-0.120762401	0.284701861	0.110097241	0.034768661	0.117006368	-0.074904159	-0.037023128	0.149378757	0.02026319	0.056535115	-0.05658526	0.036901115	0.091672222	0.279083963	0.247696949	0.093848578	0.120732988	0.08393318	0.158852836
UMARY	1866	-0.157066999	0.069641925	-0.173645344	0.315128044	0.40041035	-0.066553063	-0.181440234	-0.019705749	-0.107928684	-0.162600922	-0.156633612	-0.214185962	-0.019049657	-0.205945452	-0.070551124	-0.112300644	-0.018418413	-0.031603862	-0.132514877	0.054429348	0.012676663	0.02738438	0.258779758	-0.046964304	0.212105203
UMARY	1867	-0.052125944	0.152101283	-0.109933235	-0.075928254	-0.323358137	0.214659981	-0.172155189	0.091669743	0.037354365	-0.011641864	-0.031481222	-0.021463724	-0.030505848	-0.104034523	-0.034676312	-0.02758232	-0.176919834	-0.098571358	2.52E-05	0.051141485	0.02277852	0.1622928	0.308535506	0.088921499	-0.243625031
UMARY	1902	-0.058599931	0.137704358	-0.116369246	0.020416004	-0.07039879	0.236048404	-0.108137407	0.267968601	0.058352243	0.0366168	0.076249788	-0.058820975	0.015595605	-0.121434861	0.041343361	0.114187655	-0.336825804	-0.00407676	0.054758856	0.14730527	0.123409276	0.12807823	0.244859441	0.129814628	0.290813434
UMARY	1903	0.080114676	-0.077645855	-0.121719086	-0.096988949	0.121010125	0.033519983	-0.016066132	0.248597897	0.051277783	0.03032953	0.107401338	0.041558528	0.069862254	-0.043226209	0.089182751	-0.053244805	-0.09304787	-0.007478305	0.119780265	-0.122252231	0.090716816	0.098675291	0.406586948	0.162343561	0.292822833
UMARY	1907	-0.129041296	0.083427761	-0.149541602	-0.011392092	-0.230612293	0.053040302	-0.154199139	-0.071178775	-0.179932411	-0.118570466	-0.206820054	-0.182067289	-0.126292196	0.291786222	-0.183310101	-0.000634942	-0.058831881	-0.333991174	-0.192390608	-0.145990213	-0.131024373	-0.076252944	0.04949727	0.160370902	-0.182966953
UMARY	1917	-0.001465943	0.217366388	-0.018262478	0.020333687	0.413055529	0.02904708	-0.099457136	0.393929716	-0.083276064	-0.053834132	-0.077195107	-0.107857789	-0.045458651	-0.280540165	-0.063606182	-0.021297927	0.123944097	-0.128668586	-0.044045662	0.473217868	0.042808647	0.125743799	-0.021298139	-0.012644901	0.025418965
UMARY	1935	-0.07168517	0.040723021	-0.187567651	-0.3570868	-0.472275377	0.067599181	-0.186491462	-0.2172254	-0.199364523	-0.021481025	-0.156580545	-0.004105175	0.008734921	0.159594616	-0.113792897	-0.06219291	0.167354379	-0.046695885	0.079224645	-0.010806738	-0.128237328	-0.125654885	-0.001263029	-0.109304379	-0.348276936
UMARY	1936	0.072368029	0.461544956	-0.038640739	-0.077622038	-0.0449899	0.105273659	-0.012163515	-0.222940669	0.004465994	0.120908864	-0.008218874	-0.089004864	0.008054413	-0.134648765	-0.138331876	-0.067946404	0.136305639	0.078690387	-0.328110534	-0.183555142	-0.039025424	0.148118242	0.306219749	-0.027079161	0.045418616
UMARY	1939	-0.187897504	-0.514958575	0.386140447	0.233512857	-0.294122673	-0.802076541	0.233814715	0.114447767	0.574391215	0.158972756	0.931826672	0.129696169	0.308496034	-0.022772715	0.296720534	0.199770898	-1.517344979	0.37280039	0.719800121	-0.038994741	-0.165101343	-0.168461111	-0.691852552	-0.280921395	0.844110595
UMARY	1940	0.085612157	0.356836638	0.08840903	0.093624981	0.053871101	-0.01838521	0.069335996	0.096879151	-0.073697154	-0.08391255	0.023159142	-0.120921495	0.102391863	0.06478391	-0.090026221	0.067115035	-0.017464187	-0.148933395	-0.124129341	0.511253248	0.185568194	0.180160165	-0.071258772	0.003288335	0.098334091
UMARY	4263	-0.003432264	-0.661251746	-0.174374044	-0.339603229	-0.018805998	-0.212889258	-0.021302543	0.32601287	0.095650062	0.105014202	0.257016884	0.256055853	0.038113593	-0.166856909	0.146181842	-0.01306547	0.175184951	-0.012332326	0.271486367	-0.016526711	0.232793373	-0.226837442	-0.314148487	0.07117066	0.235796829
UMARY	4540	-0.139394741	-0.006070511	-0.293880415	-0.097396713	-0.37889697	-0.042632431	-0.223504747	-0.37000963	0.049632756	-0.019792156	0.003145214	-0.133879161	-0.035468618	0.455529515	0.015894725	-0.036439756	-0.362487084	-0.109236145	0.285875364	-0.086514087	0.04582353	0.130173561	-0.009075537	0.123014522	0.247232751
UMARY	4542	0.120537841	0.138354264	0.198255421	-0.014018501	-0.496480381	0.148253477	0.045589958	0.429113094	-0.076897228	-0.04223457	-0.1135413	0.109694414	-0.049259677	0.257380045	-0.071444161	-0.023877884	-0.035237448	-0.118133356	-0.101445399	-0.043359046	-0.148764761	0.151503969	-0.169539577	-0.092356097	0.024449744
UMARY	4543	-0.046008589	0.183657199	-0.114703895	-0.079084431	-0.017259585	0.049642866	-0.082860935	0.095591552	-0.060774587	-0.023295028	-0.017692398	0.10954542	0.003779036	-0.159214067	0.008063645	-0.055835805	0.067561974	-0.046443257	0.094236587	-0.059290984	-0.152074211	0.119202882	0.067712727	-0.280507364	0.050900629
UMARY	4549	-0.008771255	0.434781079	-0.080877019	0.089151873	0.140248458	0.202184392	-0.03267451	0.145579075	0.054610506	-0.004220141	-0.016871328	0.032739004	0.000127753	0.025511377	0.009273971	-0.051641392	-0.282747564	-0.098645001	0.042896808	0.209489983	-0.159719387	0.137882251	0.489577024	0.022602024	-0.090347919
UMARY	4590	-0.084285053	-0.064876841	0.487933561	0.074512222	0.431156625	-0.054411714	0.26084756	-0.085103568	-0.120754055	-0.098291805	0.031899611	0.184096718	-0.259437733	-0.319689765	0.030117752	0.024045174	0.082515399	-0.083351537	-0.019186655	-0.032501738	-0.089209279	-0.103961155	-0.205088862	-0.257613852	-0.137354117
UMARY	4593	-0.014959291	0.121027166	-0.042329973	0.096250865	-0.012760722	-0.091659806	-0.000655471	0.052799188	0.01290577	-0.053522457	0.008203297	0.086948047	0.048752494	-0.322931428	0.005660912	0.067601418	0.131795191	0.056567932	-0.05206523	0.083721249	-0.032220168	-0.044021739	0.080597022	-0.004096867	-0.260461219
UMARY	4598	-0.03332854	0.444062111	-0.120875637	0.037342239	-0.225727333	0.151439322	-0.031998374	0.067049881	-0.043449675	-0.137081286	-0.121756283	-0.042687501	-0.041833571	0.073069808	-0.101549077	-0.168432538	0.000504322	0.050439977	-0.151712561	0.068691789	-0.043850244	0.292352479	0.28624171	0.080941374	-0.188065157
UMARY	4636	-0.081128999	0.490300512	0.011062092	0.110367197	0.222362212	0.070295226	0.03863764	-0.053307473	-0.067565981	-0.069470012	0.043551016	-0.116193067	-0.016702462	0.078888485	-0.161187066	-0.123158824	-0.128341949	-0.27233116	-0.059746603	0.203902427	-0.156437038	0.126781161	-0.105451602	-0.031853977	-0.105942938
UMARY	4640	-0.053701155	-0.057055437	-0.135311356	0.366565451	-0.056362453	0.043221909	-0.066662687	-0.088941667	-0.081844261	0.000328906	-0.120695036	0.34803916	-0.149563471	-0.055104565	-0.191254792	-0.113770538	0.078489808	-0.10618337	-0.033818882	0.039871819	-0.222492582	-0.103535014	-0.086841633	0.06076923	0.307252141
UMARY	4725	-0.109720154	0.394344637	-0.142026845	-0.275477347	0.247796837	0.186692881	-0.137744729	-0.233953791	-0.025997636	0.023060953	-0.143864877	-0.008092968	-0.07922428	-0.096083028	-0.004065559	-0.095065162	-0.175539422	-0.117760956	0.123114149	0.268698458	-0.004411186	0.111474176	0.313544974	-0.017296372	-0.076357808
UMARY	4726	0.071839018	0.441140798	0.048422802	-0.158453912	0.345147209	0.169186874	-0.009717993	0.018813743	-0.03651452	-0.011870581	-0.03075771	0.108203039	0.058533259	0.050284709	0.016583767	0.02945692	0.123834914	-0.056732375	-0.05344934	0.219105817	-0.132513775	0.140103097	0.237419328	-0.099825111	-0.068729389
UMARY	4727	0.018553967	-0.218759279	0.084329133	-0.152387281	0.20900576	-0.066707822	0.061601154	-0.477374664	-0.008153795	0.029932718	0.001841325	0.246566937	-0.097820221	0.599162832	0.069636826	0.197687977	0.139802051	0.051074115	-0.079520202	-0.277684566	-0.075306364	-0.125574118	-0.171683331	0.015855845	-0.087517757
UMARY	4729	-0.125080918	-0.339703404	-0.133931997	0.00736871	-0.283916411	-0.078569793	-0.114004837	-0.101171218	0.202141043	0.130530066	0.161936735	-0.134391006	-0.015259346	0.219731208	-0.038150455	0.007365126	-0.243643275	0.091541592	0.041079124	0.054831171	-0.038961891	-0.255120875	-0.37098998	0.053221067	0.066033421
UMARY	4782	-0.164721106	0.320285778	-0.017375534	-0.179666259	-0.064722659	0.27392384	-0.046002672	0.159067999	-0.05738749	-0.01546851	-0.079226515	0.153617136	-0.065610854	-0.041196391	-0.079254964	-0.183567774	-0.161192517	-0.078735633	-0.058079752	-0.051375954	-0.175512116	0.090728847	0.034545067	-0.166842167	-0.056481148
UMARY	4786	0.090601898	-0.314457121	0.041653454	-0.125922499	0.13527165	0.03532394	0.107068621	-0.0285759	0.044835244	-0.026734802	0.111922181	0.070093122	0.027587655	0.251905002	0.040146404	0.057833386	-0.05787408	0.083982227	-0.079527614	-0.120922586	-0.113727018	-0.115897795	0.12611151	0.108981578	-0.385432371
UMARY	4788	-0.064182023	-0.41177261	0.267137272	-0.716820458	-0.010511559	-0.279945017	1.171769557	-0.049119013	-0.140857399	-0.117697047	0.022940317	-0.246013831	0.138279484	-0.415919487	-0.099969861	-0.271470252	-0.314200844	-0.164415509	0.24185847	-0.269165011	0.102459101	-0.16660892	-0.308803547	-0.06277775	0.211962481
UMARY	4789	0.147679374	-0.34063386	0.427088652	-0.513266791	0.377721404	0.001068679	0.132091623	-0.248496996	-0.135032831	-0.027246823	-0.0876028	-0.053563235	0.140456274	0.19055273	-0.079089203	-0.113486531	-0.127545083	-0.145128236	-0.27206969	-0.597323668	-0.035822225	0.290610024	0.015757345	-0.014335949	-1.296567776
UMARY	4841	-0.054503384	-0.103044364	-0.010967014	0.079520392	-0.392618495	-0.067864851	-0.042463636	0.066379332	0.043455178	-0.042680501	-0.037918571	-0.155756531	0.136425436	-0.009562172	-0.015916047	0.020768357	-0.163019034	-0.104427108	0.085615839	0.132686736	0.344181991	0.051012845	0.162809434	0.1929689	0.148200287
UMARY	4842	0.061723735	-0.738578414	0.007236408	-0.015274138	-0.436433006	-0.185516285	0.048404938	-0.012074834	0.201368683	0.131951232	0.084721961	-0.203060982	0.051279681	0.051360166	0.388350981	0.077190333	-0.1812145	0.278264955	0.107061574	0.209333747	0.539873857	-0.236451999	-0.543243116	0.169474061	0.498447347
UMARY	4903	0.0487081	0.130640115	0.004424248	0.128621014	0.579804545	-0.010657659	0.011985019	0.039658664	-0.0315439	0.09020119	-0.13482342	-0.003880684	0.034824007	0.256937737	-0.012070018	0.067827388	-0.040279336	-0.142121648	0.28073556	0.142488643	-0.119982129	0.000867641	0.177710069	-0.088200395	-0.124905771
UMARY	4915	0.104860105	-0.284131318	-0.080359652	-0.036267717	-0.330423593	-0.049189434	-0.04895851	0.206899339	0.055865924	0.093844186	0.035356171	-0.265881068	0.020958319	0.009163363	0.056516064	0.05567773	-0.186682798	0.008570151	0.096427072	-0.020909104	0.248695294	0.044352785	0.229668925	0.346117623	0.043470128
UMARY	4916	-0.068954854	0.007812781	-0.07760021	0.071633984	-0.277658292	-0.08041452	-0.073667614	0.142058853	-0.120824256	-0.05254078	-0.038846654	-0.206325035	0.024478378	-0.162758911	0.056563412	-0.046508689	-0.049668207	-0.038393553	0.099826753	-0.306729303	0.199110696	0.143392829	0.1902196	0.3853457	-0.240390283
UMARY	4924	0.134481401	-0.345965752	0.144140026	-0.627274794	0.647294641	-0.275100174	0.124976855	0.470997069	0.269050595	0.121544575	0.31333265	0.15886855	0.00944551	-0.10720225	0.345151628	0.293751155	0.317466738	0.282138342	-0.009130203	-0.370555494	0.033116354	-0.117276814	-0.322607306	-0.075716956	0.380152809
UMARY	5024	0.058363508	-0.029342769	0.028505127	0.791838544	-0.622057632	-0.13482141	0.031005638	-0.141417095	0.007980502	0.024333589	-0.049594272	-0.032569789	0.197435992	-0.251830749	-0.02373432	-0.037323608	-0.369677215	0.20312952	-0.023684352	-0.132487503	-0.074200539	0.102320356	-0.548346915	-0.244979224	-0.458809159
UMARY	5028	-0.090974962	0.140506957	0.024377801	0.339664	0.071892578	-0.037946939	-0.066500098	0.120801186	-0.076626963	-0.053845088	-0.079656415	0.09160173	-0.18132024	-0.241700236	0.053518989	-0.022045127	0.151096418	0.228895059	0.00077589	-0.286322783	-0.060268928	-0.027911252	0.0517451	-0.119193488	-0.027067809
UMARY	5078	-0.145866607	0.24765648	-0.054261309	-0.07790024	-0.130983871	0.07804816	-0.035393118	0.008856891	-0.19311468	-0.116093554	-0.221407539	-0.175410491	-0.08128854	0.044706916	-0.166464403	-0.116264733	0.116195611	-0.119632904	-0.165596734	-0.136805277	-0.14259464	0.028813183	0.278275081	-0.016953842	0.088816819
UMARY	5079	0.03061134	0.115412323	-0.001286275	-0.135375154	-0.010368554	0.027545744	0.042234711	-0.182090076	-0.032465784	-0.026151353	-0.037777612	0.17056785	-0.036042969	-0.125554807	-0.053090982	-0.033401849	0.014105615	0.028371408	-0.064750552	0.031653586	-0.006576135	-0.027423054	-0.084296913	-0.063475844	-0.238904804
UMARY	5081	-0.038421525	0.012564518	0.070465166	-0.008511854	0.047227862	0.103273738	-0.054173909	0.13387932	-0.110478621	-0.062067056	0.269898932	-0.114784319	-0.145351794	-0.241926776	-0.039706462	-0.148967437	0.188192242	-0.059098116	-0.033587254	-0.119588648	-0.077653189	0.018330485	0.056880637	0.061349033	0.141350317
UMARY	5086	0.065250253	-0.034402139	0.237169606	0.088726424	0.045376292	-0.093120045	0.056494675	-0.083105134	-0.006819266	-0.008270518	-0.067972797	0.117594967	0.055815648	-0.02484107	-0.14766435	0.078565313	0.318228557	-0.09853543	-0.006519272	-0.135698132	0.02793712	-0.108136391	0.070133167	-0.038012476	0.338407059
UMARY	5087	0.149424988	-0.363296198	0.079446685	-0.075085655	0.106148673	0.041322218	0.083575691	0.113042115	0.043866157	0.010032402	0.045517681	0.253601973	0.040240186	-0.070533969	0.039182342	0.113008648	0.421374879	0.123467687	-0.074709309	0.088688606	-0.085819044	-0.069025115	-0.304777468	-0.693938565	0.304948274
