FID	IID	1	2	3	4	5	6	7	8	9	10	11	12	13	14	15	16	17	18	19	20	21	22	23	24	25
BLSA	745	-0.199073877	0.001960935	0.353706874	-1.623037592	0.418057085	0.592802121	0.114604384	0.529361973	0.30075804	0.952837699	0.353208093	0.764309032	-0.163677123	-0.674240418	-0.281782974	0.07920992	-0.108028839	0.256218031	0.55956615	0.360089995	-0.190428639	0.060001482	-1.845655234	0.305939444	1.0025963
BLSA	827	-0.31887284	0.765655907	0.309067631	-1.062428054	0.202816543	-0.067662535	0.088391122	0.243693285	0.982165302	0.385929595	0.272419032	0.251699692	-0.010006035	0.303241225	-0.055799664	0.215246646	0.351920678	0.147122048	-0.074657563	-0.105165134	-0.532095358	0.309903813	-1.588088304	0.103407597	0.956114862
BLSA	1556	-0.324978752	0.040137462	-0.212804049	0.023596571	-0.302016396	-0.068423585	0.175699626	0.196115217	0.36805142	-0.071224924	0.723323348	0.017749117	-0.158627256	0.260112327	-0.19000899	-0.261650514	0.048270758	0.128902647	0.028551596	0.15915784	-0.277777882	0.305075249	0.406077436	-0.13835624	0.110385247
BLSA	1579	-0.026427661	-0.172649376	-0.255040597	0.167796675	-0.066485314	-0.223842743	-0.05577292	-0.311382989	0.218160986	-0.416155271	-0.19390966	0.043615823	0.390385968	0.288446388	0.22679386	-0.144433551	-0.102490228	-0.208115627	-0.318061728	-0.171051264	-0.019082003	1.043867646	0.011094136	-0.290398701	0.402596397
BLSA	1595	0.311975413	-0.655488807	0.608767775	-0.438265434	-0.766078883	0.554496879	0.415069812	0.329532516	0.087383853	0.641590791	-2.743051156	0.05936315	-0.486733668	-0.536200674	-0.653114939	0.037877289	0.195518372	1.016970798	0.209127412	0.477287061	-0.352451268	-0.325069586	0.136220145	0.147274762	-0.654922797
BLSA	1603	0.145455329	-0.250689616	0.009262977	0.173470896	-0.009435723	-0.259126406	-0.12073929	-0.130358534	-0.337532766	-0.249503999	-0.014355911	-0.355972922	0.029952703	-0.478023814	0.280259491	0.024779196	-0.094367419	-0.052128991	-0.113821403	-0.087261324	0.35379663	-0.727930917	0.775761129	0.004184867	-0.220049615
BLSA	1640	-0.091431854	-0.02487248	-0.08445573	0.212052097	-0.190094793	-0.37232443	0.088929609	-0.099619088	-0.033497118	-0.038689131	0.278727997	0.005149196	-0.059374085	-0.254742294	-0.083420648	-0.198798161	-0.187723743	0.107950935	0.153855371	0.213840618	-0.347431842	-0.083066453	0.769863219	0.133256058	-0.073228031
BLSA	1775	-0.198887604	0.253952568	-0.276073786	0.163139319	-0.076006286	0.27350059	-0.187103604	0.097240485	0.311780116	-0.100080372	-0.2414698	-0.206085156	0.320756257	0.641468188	-0.089274077	-0.217792078	1.030548595	-0.052838528	-0.00729282	-0.171394723	0.361260684	0.510520083	-1.274098531	-0.033452021	0.095971112
BLSA	1802	0.247433113	-0.042381187	-0.169205872	0.397071957	0.089238321	-0.284978251	-0.089254405	-0.255100422	-0.147715829	-0.218244167	0.210144958	-0.03590819	0.171701343	0.055217305	0.079152971	0.147036499	-0.185443349	-0.144654674	-0.059591636	-0.074640985	0.889253256	-0.45593477	0.36376221	-0.082852048	-0.644739517
BLSA	1805	0.571408122	-0.481173632	-0.003809714	0.469299826	0.03022976	-0.276820482	-0.231037546	-0.243224289	-0.745991756	-0.20735464	-0.326965049	-0.208984451	-0.02715243	-0.599245502	0.487269979	-0.01314438	-0.300116856	-0.137866142	-0.185761687	-0.191856683	0.115641836	-0.129263058	0.838795895	-0.13426362	-0.247154517
BLSA	1838	0.077087868	0.074589256	-0.240949647	-0.000508698	0.235566997	0.025915751	-0.077018904	0.020873661	0.005234341	0.013773542	0.303287317	0.197572793	0.062812412	0.158361235	-0.226778303	0.155948314	-0.066387038	-0.193945653	-0.213491409	-0.079467611	-0.147171168	0.611179264	-0.184194873	-0.05775418	0.144011672
BLSA	1839	0.098742225	0.297231852	-0.074047289	0.027428877	0.153442936	0.062368148	-0.057265409	-0.0906934	-0.645060963	-0.272440995	0.361662072	-0.244322421	0.218942197	-0.602284054	-0.042034127	0.099464934	-0.244861717	-0.189797014	-0.120251621	-0.152236501	0.135491661	-0.216342796	0.029757531	0.088676273	-0.071239102
BLSA	1840	-0.068742043	0.043242505	-0.108929563	0.201871481	0.112761103	0.131022406	-0.043503559	-0.271618281	-0.024483007	-0.184559071	0.253964414	-0.214377803	0.098828985	-0.175842601	0.031544498	-0.113632974	0.272246743	-0.28295391	0.116733177	-0.171047215	0.416112091	-0.764453287	-0.293243874	0.027496142	0.006900112
BLSA	1883	-0.012371557	-0.271713633	-0.133123583	0.02247815	-0.042849482	0.05496505	-0.074709426	-0.133528437	-0.232397801	-0.094339233	-0.123300598	0.046716877	0.029509516	-0.106956366	0.17167276	-0.013074909	0.053476711	-0.020864019	-0.06286621	-0.201802733	-0.176195046	0.329764483	0.289715242	-0.032001702	0.341448962
BLSA	1889	0.033031187	-0.181932386	-0.078210091	0.259813557	0.34271836	-0.071750035	-0.194721004	-0.182907009	-0.463917551	-0.212948737	0.157392562	-0.15258845	-0.145778664	0.170468237	0.163886415	0.014216056	-0.213274162	-0.277663523	-0.020271988	-0.114753842	0.31541158	-0.133198667	0.118195635	-0.019084858	-0.153961655
BLSA	1924	0.387131335	0.001171602	-0.0368598	-0.174871886	0.032603345	0.033212919	-0.054835996	-0.059884413	-0.290258244	-0.126763907	-0.073868376	-0.244121563	-0.063932327	-0.081294894	-0.052037679	0.103855514	-0.200090346	-0.151232395	-0.10775209	-0.032590222	-0.47371979	0.037308562	0.1492175	-0.101531843	0.012137529
BLSA	1961	-0.089192443	-0.168409202	0.178112651	0.459339617	0.030641942	-0.356030127	-0.053961354	-0.046633796	-0.151641959	-0.235454931	0.25253661	-0.046121141	0.087860079	-0.211925745	-0.120192378	-0.102800639	-0.091436048	0.023196689	0.022736622	-0.079030949	0.02921986	-0.12153927	1.037294413	0.207970455	-0.520880754
BLSA	2000	-0.16193446	0.068901473	0.011854958	0.784012123	0.040823029	-0.218514088	-0.163607655	-0.072539268	-0.130374728	-0.172153758	0.123370246	-0.153387473	0.137430165	0.265423168	0.401646855	-0.27535456	-0.00982545	-0.20140146	6.49E-05	-0.065768435	0.230048402	-0.321877891	0.484276378	0.071771458	-0.190110998
BLSA	2020	0.060046767	-0.026686999	-0.100026373	-0.479748889	-0.158797305	0.048440077	0.027820719	0.236024369	0.298354443	0.06880543	0.008937144	0.145232602	-0.030403964	0.31909043	0.097399294	0.025704864	-0.044497594	-0.038451783	0.065281971	0.171186225	-0.464653704	0.374793356	-0.352861958	-0.101770215	0.501543782
BLSA	2037	-0.057857865	0.337291798	-0.020560839	0.148076401	-0.083187088	-0.233453551	0.176883577	-0.096515475	0.519522711	0.002724621	0.127483523	-0.087694989	-0.213449773	0.323827051	0.025621299	0.218078866	-0.111341797	0.061894283	-0.118340587	-0.116029559	-0.045050445	-0.487011312	-0.224590435	-0.053609559	-0.122726733
BLSA	2066	-0.063116845	-0.105533464	0.036090206	-0.192642181	-0.047546405	0.059980576	-0.114374867	-0.092712765	-0.016765569	-0.049555837	-0.152184893	-0.044749312	0.151435757	0.147689219	-0.111675037	-0.04462444	0.105280682	-0.091643549	0.001878465	-0.036015099	-0.013463827	0.261064487	0.325067633	0.022045423	0.046125509
BLSA	2069	0.121699923	-0.00602198	0.151515898	0.457320541	0.139921182	-0.225860392	0.107473949	0.072860534	-0.080473911	0.165367364	0.604035553	0.126999418	-0.039110788	-0.25831945	0.334108266	0.012842796	-0.262424636	0.148380093	0.129492904	0.193266429	-0.022508736	0.025096345	0.265316798	-0.028852411	-0.391556077
BLSA	2093	-0.339327425	0.165326525	-0.030783408	0.079550498	-0.163431695	0.164302152	-0.060027347	-0.137940138	-0.162281026	-0.199253199	-0.083185974	-0.1278434	0.15662722	0.336718006	0.228024913	0.31649227	-0.007638472	-0.201615006	-0.176958424	-0.164268959	0.264290604	0.32913899	-0.041274417	-0.217916665	0.21833279
BLSA	2102	-0.101796057	0.338090878	0.166501371	-0.074815851	0.077108767	0.657779957	0.383060486	0.498956264	0.370981016	0.617693132	-0.078201452	0.463749572	-0.457996489	0.709013034	-0.621261787	-0.065446958	0.172685155	0.354536752	0.291830596	0.43955307	-0.048496896	-0.432025752	-0.196407675	0.179821583	-0.547594477
JHU	384	0.097218779	-0.23661476	0.096321339	0.110286291	0.121633173	-0.049874544	-0.21336339	-0.167820173	-0.289329684	-0.062943832	-0.079942053	-0.203443483	0.054710017	-0.379695062	0.114397731	0.068970945	0.081688691	-0.156288338	-0.171676618	-0.09255473	-0.016352806	0.371800543	-0.014279593	0.053683095	0.199750516
JHU	705	-0.016063011	-0.168311079	0.007793493	0.100249754	0.161916688	-0.215089418	-0.154940676	-0.127230069	-0.186280476	0.147548278	0.001506824	-0.38317877	-0.190074834	-0.201984385	0.402452475	-0.071230643	0.159672979	-0.017784391	-0.252848236	-0.022547767	0.255341279	-0.525921481	0.081432732	-0.03910959	-0.112497693
JHU	710	0.08819689	0.019534664	0.096367354	-0.211614709	0.084197264	0.218249305	0.059470274	0.043205536	-0.269698549	-0.009435743	-0.020855652	0.032897483	-0.013695182	0.157436577	0.014819908	0.109572846	0.125889542	0.102261562	0.084712787	0.016061948	0.305470836	0.100320909	-0.427698205	-0.034406846	-0.020744687
JHU	712	-0.111405014	0.088156677	0.073252776	-0.142099045	0.05542186	0.27475803	-0.058213691	0.07674931	0.18763438	0.008817845	0.187941011	-0.031982815	-0.034540273	0.001331937	0.260193994	0.051470151	0.133754805	0.000691943	0.030526409	-0.03107711	-0.163356514	0.720321178	-0.207148276	0.148747552	0.290591536
JHU	713	-0.373243298	0.230077412	-0.115897744	-0.03300587	-0.416005553	0.03744002	0.235683623	0.346463336	0.328211327	0.411496582	-0.112195257	0.230222524	-0.021087074	0.71881644	-0.781845304	0.093012008	-0.0020206	0.194796181	0.26580682	-0.230728731	-0.22350699	-0.447790622	-0.440909077	-0.344502537	-0.310003175
JHU	719	0.149194777	-0.117104585	0.020044059	0.258587899	0.033983036	-0.385285021	-0.058651807	-0.039504645	-0.151822064	-0.334434403	0.10641644	-0.07043733	0.034304967	-0.441819327	0.201921862	-0.067188998	-0.305221174	0.049105199	0.027417774	0.018769941	0.063752896	-0.328542631	0.721516623	0.135855861	-0.394807218
JHU	993	0.153766421	0.302929097	-0.239339433	-0.489435057	0.051571669	0.436263597	0.319346765	-0.084801992	0.545799968	0.325928993	0.059526017	0.188713784	-0.011279888	0.044458346	-0.444154777	-0.09374162	0.279068983	-0.153856033	-0.129215007	0.27813861	-0.437283049	0.146941121	-0.57874393	-0.020096954	0.375231173
JHU	994	0.058058077	-0.131830904	-0.069800567	0.455530673	-0.082646972	-0.273830205	-0.152026965	-0.13331477	-0.214002647	-0.35031046	-0.14574282	-0.034966636	0.070435186	-0.055551331	0.490038431	0.036024521	-0.225049095	-0.08153062	-0.040138715	-0.044355986	0.346150775	-0.670313059	0.598546118	-0.021134525	-0.022104016
JHU	995	-0.045723621	0.013163479	0.131258724	-0.048499936	-0.010071165	-0.042631765	0.022695867	0.086253467	0.049487745	-0.136667261	0.003345488	0.272175244	0.111227082	0.157006805	-0.257824322	-0.126889211	-0.24778413	0.062604497	0.185414786	0.108293826	-0.130216428	0.633184042	0.267283608	0.120963945	-0.005416437
UMARY	142	-0.112036136	0.114163284	0.106085165	-0.519082972	0.019287032	0.452682552	0.095757087	0.017031744	0.134639755	0.204326017	-0.050579909	-0.007977915	-0.147054509	0.109995078	-0.267369565	-0.023572555	0.326259758	0.149764743	-0.046305585	-0.061056319	0.074599571	0.211061562	-0.330108363	-0.012894411	0.451354982
UMARY	602	0.035951459	0.081768867	-0.021984316	-0.308058085	0.082713706	0.138905905	-0.016122956	-0.063770035	-0.048940347	-0.111946766	0.167127877	0.109680273	0.28109116	-0.08933886	-0.008381508	-0.006586028	0.210977841	-0.113961984	0.063343068	0.451434836	-0.133120125	0.482048532	-0.257347524	0.059371517	0.016803005
UMARY	604	0.021449576	-0.041956958	0.018021874	0.472826333	-0.020970425	-0.245970722	0.122965346	0.039106909	-0.065469891	-0.010735414	0.036956467	-0.002837133	-0.177702294	-0.176339785	-0.061843427	-0.072286969	-0.281681606	0.039352455	0.018178169	-0.066963406	0.096429804	-0.31502179	0.227228518	0.01974687	-0.385650966
UMARY	813	0.062312479	-0.043551415	0.15966435	0.022794305	-0.06063266	-0.05816272	0.027997567	0.020401537	-0.05221107	0.035569514	0.026944402	0.169099623	0.206085472	-0.449893572	-0.094633206	-0.034253967	0.027527806	0.083438754	0.019067387	0.096291355	-0.064151131	0.111458847	-0.014297853	0.114758403	0.05727929
UMARY	819	-0.039705999	0.005673398	-0.056334264	0.349834896	0.004666171	-0.179610698	-0.040413706	-0.022127176	-0.198792594	0.089292251	-0.061319194	-0.000681523	0.018231115	0.350161086	-0.295441337	0.054875404	0.115750985	0.041544982	0.057550899	-0.00542079	0.064339547	0.053647949	-0.054771633	-0.028548601	0.016248806
UMARY	871	0.03706817	-0.033848736	-0.011813514	0.130224549	0.010244096	0.04603397	-3.11E-05	-0.062238848	-0.020679558	-0.013380958	-0.029558654	0.015150509	0.140496284	-0.305554013	-0.316108413	0.029023848	0.284764995	0.025050746	-0.002741672	0.048705858	0.072833649	0.471226494	-0.092042471	0.001190582	0.159051091
UMARY	879	-0.014641733	-0.018779036	-0.049754318	0.229564067	-0.030781367	-0.139896627	-0.013546749	-0.087904388	0.095226765	0.00680891	-0.184503861	-0.082801945	0.038655327	0.136243461	0.226409075	-0.045079605	0.015656111	0.008796182	-0.025623884	0.014809823	0.113111918	-0.494059607	0.170590692	-0.033709305	-0.093854162
UMARY	880	-0.09187475	0.182791591	0.174702807	-0.635929331	0.200651534	0.479412359	0.061268136	0.12758458	-0.0256707	0.057296044	0.116512456	0.06265394	-0.034638011	-0.366532496	-0.496649545	0.060251181	0.351615781	0.172232881	0.152028864	0.124637861	-0.109907772	0.320572541	-0.319849703	0.135784562	0.502705859
UMARY	914	0.050839933	0.003343054	-0.025416921	-0.30170157	-0.153626285	0.037262488	-0.030789361	0.066624432	-0.278864799	-0.085345661	0.084909884	-0.226372519	-0.12659057	-0.081248372	0.17537567	0.001842002	-0.082335296	-0.016838381	0.079858535	-0.071287005	-0.103282319	-0.341033061	0.267411156	-0.090633802	-0.189905513
UMARY	933	0.148864822	-0.01095704	-0.022492638	0.043428236	0.111773636	-0.197224023	-0.09898139	-0.154139972	-0.052255073	-0.185625894	0.180114039	0.246131738	0.341139718	-0.220960666	0.125432558	-0.1016241	0.122698939	-0.210771382	-0.041288534	-0.118022639	-0.119707623	0.246844213	-0.145441039	0.023880021	0.175227743
UMARY	1028	-0.036398253	-0.340911012	-0.116874318	0.117508545	0.015792548	-0.228702318	0.082352815	-0.22252765	0.196785473	-0.006022177	-0.221206555	-0.213648641	-0.111312884	-0.124578291	0.22301593	-0.193645664	-0.273462399	-0.197601146	-0.240995815	-0.201031885	0.049946506	-0.207771709	0.325850781	-0.163754264	0.165059185
UMARY	1037	-0.152681162	-0.141647972	-0.084800655	0.003258668	0.03312672	-0.169626638	-0.071149148	-0.045953253	-0.260789295	-0.082064289	0.053965881	0.438913737	0.358483116	-0.227323538	0.225375669	-0.020106583	-0.025968779	-0.057348542	-0.053120988	-0.161937565	-0.150737842	0.105907602	0.171679705	0.018372043	-0.040861149
UMARY	1064	-0.055786938	0.108465284	-0.006731316	-0.134375684	0.099357284	0.159197061	-0.088640397	-0.005090613	-0.375189955	-0.109207585	0.441185325	-0.087464819	0.168580479	-0.405431295	0.141217841	0.042784545	-0.098687784	-0.163258754	0.065869463	-0.093878451	-0.219711491	0.426201189	0.442846511	0.012502421	0.43741964
UMARY	1065	-0.063811511	0.170876826	0.065550531	0.150079698	0.062705851	0.051817655	0.143214929	-0.024245821	0.4274493	-0.174408772	0.27153245	0.02199425	0.054404391	0.222549277	0.229247744	-0.07545117	0.18249176	-0.042493053	-0.080662396	0.1991357	0.253832739	0.482390223	0.064162777	0.08381123	0.350520718
UMARY	1076	0.06441183	-0.012993627	0.037651572	-0.089758221	0.002528468	-0.186461438	0.145401621	0.006816865	-0.11872634	0.063741745	-0.012796315	-0.050432225	0.002851348	-0.105830681	0.014389487	-0.178254044	-0.16736052	0.006389082	0.061906507	0.011276214	-0.083562869	-1.070592083	0.238852561	-0.034681968	-0.221068771
UMARY	1078	0.05855871	0.074631973	-0.047384333	0.112108244	0.375105502	-0.441114891	-0.095146326	-0.201045773	0.053392732	-0.334880082	0.242643478	-0.352893446	-0.179918488	0.561646843	-0.003615451	0.165574863	0.040602337	-0.272054443	-0.227287392	0.280201096	0.273505896	0.107399378	0.107697736	-0.08503407	0.360723919
UMARY	1079	-0.052236111	-0.007158851	-0.179580465	0.137087986	-0.196568516	-0.011195567	-0.235833929	-0.191120818	-0.002729845	-0.107284921	-0.077132766	-0.165723836	-0.116159972	0.076490965	0.177475115	0.05423984	0.044742258	-0.142287329	-0.13366087	-0.113808279	0.00480365	-0.646065891	0.218301286	-0.144444086	-0.214576087
UMARY	1104	-0.015955634	-0.001076632	-0.008693946	0.142000833	-0.113694874	-0.019859233	0.030439928	-0.056770123	0.212579453	0.090038692	-0.113427792	-0.11463356	0.13914428	-0.265063666	0.155785235	-0.036523166	-0.093463876	-0.063989924	-0.016047074	-0.000900445	-0.091601461	-0.096044072	0.091098491	-0.037916951	-0.102369113
UMARY	1105	0.118084516	0.011231707	0.067936642	0.293586279	-0.111662108	-0.100093508	0.177071544	0.118263153	-0.04584395	0.121272445	-0.070064522	0.174227809	-0.278990651	0.358328877	-0.051212535	0.154342066	-0.199188431	0.166569072	0.141127953	0.096461896	0.615311057	0.015287861	-0.253120325	-0.02080421	0.009015517
UMARY	1114	-0.022431219	-0.000302278	0.016436067	-0.018616583	-0.002635511	-0.184749565	0.04416176	0.043050887	-0.270757348	-0.043966479	0.089582609	0.080409505	0.035045419	-0.190187759	-0.33788934	-0.114713764	-0.460425654	0.071593372	0.077618004	0.083953187	0.075572872	-0.109458527	0.316820633	0.045994962	0.014848187
UMARY	1133	0.122958744	-0.073183643	0.245377228	-0.121188405	0.023021656	-0.302680862	0.099524446	0.153077906	0.215610811	-0.038657396	0.324368558	1.046223074	0.383745777	-0.030409509	-0.138268068	0.057592055	0.110328796	0.152436936	0.158819286	-0.002951631	0.023398654	0.807961308	-0.04487183	0.235067274	0.419938577
UMARY	1134	0.081880661	-0.000124115	0.045189513	0.207515923	-0.06370232	0.256903419	-0.032131516	0.052728349	-0.125240512	-0.071935629	-0.008388557	0.08018481	-0.010695168	-0.040669031	-0.210457889	0.061170219	-0.133046639	0.133060004	0.010362462	0.111822689	0.024533889	0.336931438	-0.062624736	0.048617675	-0.151499961
UMARY	1136	-0.164809439	-0.08007434	0.026423655	0.123679659	0.02460142	-0.049394095	-0.053827919	-0.008078119	-0.168153401	-0.081748971	-0.003664986	-0.048621321	-0.316853663	0.073307312	-0.044080935	0.03875722	-0.04737444	-0.081635198	-0.045174143	-0.089343418	0.233598772	-0.195010603	-0.063646909	0.014935511	-0.002173412
UMARY	1158	-0.028539154	0.090787124	0.005820097	-0.245183349	0.105634055	0.187708384	-0.077057766	0.098478316	-0.004371768	0.109118968	-0.095048092	0.056518315	0.151921895	0.090805296	-0.325989724	0.008812992	0.524875114	0.034500841	0.055418326	0.015544417	0.086721246	0.031973455	-0.404643874	0.017467781	0.084217085
UMARY	1170	0.021486522	0.049353731	-0.000571793	-0.280695461	0.039289636	-0.048675472	0.00438089	0.060445835	0.305568709	0.047651202	-0.014492547	0.167850172	0.137805284	0.076679435	-0.012549817	-0.081303537	0.209781004	0.069023877	-0.044141934	-0.040382292	0.112625601	0.242821648	-0.227606658	0.012495011	0.118756803
UMARY	1206	-0.115247819	0.03076654	0.09040374	-0.420458694	0.121210486	0.39130962	0.032133931	-0.014278846	0.013491037	0.03662864	-0.030660396	-0.170128736	0.168822273	-0.113762631	-0.057066134	-0.010980482	0.394051108	0.05027224	0.03206794	-0.025474846	-0.294480918	0.574709782	-0.122414286	0.04742849	0.363926398
UMARY	1209	0.038844815	0.142374336	-0.058291602	0.465459068	0.002257788	-0.001740147	0.07452918	0.075592119	0.080963283	0.126985205	-0.11106985	0.158757348	0.002216605	0.527599101	-0.317259928	0.03797068	-0.107244583	0.024394828	-0.021789486	0.086759023	-0.197834879	0.369086549	-0.276360672	-0.053446014	-0.112334371
UMARY	1226	0.062749372	0.084985308	0.05329994	-0.321049646	-0.000292153	0.052994503	0.06332766	0.038764858	-0.449120444	0.005364807	0.00822806	-0.008915441	-0.205256549	-0.215106595	-0.243844001	-0.001548196	-0.125501776	0.079535478	0.096918308	0.000262694	-0.13128811	-0.293529246	-0.245424813	-0.037187256	-0.399656611
UMARY	1230	0.051982143	-0.007637928	-0.048268098	0.20370229	0.075440279	0.00600002	0.075271593	0.041141959	-0.024124652	-0.042138526	0.021632826	0.086530053	0.112629853	-0.088824388	0.292670893	-0.001308766	-0.070696539	0.048981514	0.030776732	-0.034219295	-0.025022382	0.346182565	-0.04185565	-0.068866879	-0.110343031
UMARY	1260	0.09262932	0.021682033	0.148364922	-0.083689934	0.021253136	0.000360147	0.135053196	0.105419341	0.16415567	0.146994517	-0.030979844	0.142267988	-0.032110059	-0.052016583	-0.383060159	0.114943092	0.126834052	0.186977889	0.160259349	0.276797797	-0.047954341	0.188282753	-0.129795514	0.078013828	-0.394747916
UMARY	1326	-0.045046365	-0.124347633	0.025113216	-0.007946494	0.035931172	0.120315256	-0.013414225	0.040376574	0.024001943	0.019109416	-0.15066044	-0.095470591	0.026485692	-0.465623058	0.060731887	0.020634588	-0.147413512	-0.013757516	-0.01072042	-0.023440992	0.08158608	0.044780989	0.132267032	-0.004538637	0.01511137
UMARY	1454	-0.158460075	0.046585904	0.053227409	-0.455795812	0.0868435	0.202979313	0.156092555	-0.02395248	0.278395225	0.039778532	0.094127788	0.116390973	0.189054203	-0.313373021	-0.060108636	-0.133574593	0.13850029	-0.032072279	-0.071422727	-0.013078262	-0.286389048	-0.137368221	0.062363975	0.025380403	0.188608807
UMARY	1465	-0.122972525	0.111500237	-0.07787186	-0.265812871	-0.153445275	0.024228281	0.050936691	-0.031453544	0.236731272	0.024450596	-0.251907837	-0.134345957	-0.066719048	0.307915928	-0.18546143	0.022563348	0.046838246	-0.026451205	0.023709916	-0.098334111	0.164240682	-0.58090105	-0.056638486	-0.128132251	0.093951876
UMARY	1486	0.0731482	-0.094294739	-0.114052122	-0.013506568	-0.112201973	0.108534878	-0.115546567	-0.138607687	0.033419904	0.156240853	-0.16833994	-0.099231056	-0.092586884	-0.375976529	0.192819888	-0.044765014	-0.137341327	-0.08526369	-0.143807556	-0.10954112	-0.068009688	-0.519088031	0.157790076	-0.075944048	0.141971713
UMARY	1498	-0.125592722	0.000995526	-0.07294807	0.010887325	-0.146439942	0.234506943	-0.008053241	-0.015214482	0.056374527	0.000456452	-0.069682969	-0.005983613	-0.066798173	0.225027927	0.153545757	-0.037536371	0.211789422	-0.05797927	-0.013587005	0.022834486	0.02382898	0.388516884	0.146935786	-0.016424518	0.085405063
UMARY	1502	0.045032371	-0.19675436	0.010582053	-0.050193678	-0.088892052	-0.142153795	-0.079232791	-0.169455423	-0.235441577	-0.158656574	-0.179134653	-0.093649785	0.085813529	-0.346760663	0.092338757	-0.228476581	-0.189688471	-0.088462595	-0.038268384	0.379122336	-0.110518373	-0.050521154	0.102853661	-0.146715747	0.106884039
UMARY	1535	0.034058251	-0.030816612	-0.064600884	-0.251136547	-0.140174725	0.093931257	-0.127499588	0.000987975	-0.096700054	0.036319354	-0.085335909	-0.032934928	0.070510198	-0.616568313	-0.135471035	-0.099727701	-0.190056318	0.066028143	-0.000455666	-0.003831771	-0.058193817	-0.415072531	0.28285156	0.0398345	0.055075193
UMARY	1540	-0.077800857	-0.065472334	0.005033116	-0.056376693	0.085468656	-0.070467384	-0.125505171	-0.035781813	-0.11516907	-0.034494765	-0.215897001	-0.051892438	-0.170520598	-0.297939652	0.110552429	-0.138544069	0.294777679	-0.003089102	-0.032763135	0.002295568	-0.415997723	0.173708887	-0.137995422	0.087685905	-0.406160124
UMARY	1541	0.036356866	0.060493031	-0.014462485	0.048147726	0.076301156	-0.030648072	0.039927368	0.147778219	0.060129191	0.070987154	0.10498979	0.159902365	-0.11233025	0.004601857	-0.178594156	-0.100795486	0.021248119	0.108940104	0.082387245	0.093600101	-0.058794454	0.044030232	0.116785617	0.108668422	0.099395087
UMARY	1544	-0.091475255	-0.097880201	-0.084790427	0.298435138	-0.037478657	-0.033938929	-0.054476043	-0.070778605	0.136582069	-0.037549582	-0.118305236	-0.056736748	0.041186327	0.145314721	0.0116784	0.000633135	-0.010306854	-0.044540549	-0.016100306	-0.059646347	0.172787881	0.081158601	0.180560492	-0.045138357	-0.060241808
UMARY	1545	0.084750831	0.001885878	0.177475132	0.672064937	-0.053562593	-0.478262372	0.099759204	0.098326612	0.21362266	-0.061057383	0.028088333	0.218615305	0.001396658	-0.102635273	-0.026362056	0.050310449	-0.359723354	0.110460325	0.163681816	0.08242157	0.537320887	-0.374860196	0.472843813	0.040942055	-0.318043607
UMARY	1568	-0.007840379	-0.052923399	0.085714069	-0.571546045	-0.046165615	0.067449871	0.095987473	-0.062865566	0.065290623	0.033290849	-0.004185902	0.048575201	0.137652239	-0.587651592	-0.148989172	-0.020505728	0.047458944	-0.038652554	0.04920028	-0.007031337	-0.287730646	-0.793001988	0.424464507	-0.054900081	0.159092396
UMARY	1570	0.117258779	-0.051420954	0.058592805	0.008209461	0.115904109	-0.02822424	-0.021640394	0.017066559	-0.127724299	0.022229834	-0.065244258	-0.090351734	-0.175948573	-0.118552938	-0.06647328	-0.083410271	0.095213688	0.038175758	-0.011212545	-0.017473022	0.051167845	-0.10050436	-0.069247688	0.077759415	-0.008086694
UMARY	1571	0.186887662	-0.142732372	0.022868366	0.224717197	0.020091109	-0.488953769	-0.052440437	-0.104073732	-0.140907325	0.016289109	-0.01947092	0.052309601	0.06044339	-0.721327467	0.122819111	-0.213732993	-0.489534073	-0.01418299	-0.081384756	-0.007626556	-0.023622964	-0.618708548	0.809097486	0.030000943	-0.078718105
UMARY	1578	0.17177167	-0.232853757	0.124464055	0.399286099	-0.097275428	-0.367000573	-0.052065343	-0.151831949	-0.146502782	-0.059349028	-0.091560491	-0.108994597	0.025076253	-0.284482892	0.174544411	-0.036172933	-0.312225799	-0.120246622	-0.066996152	-0.015526688	0.024575558	-0.436331878	0.549653147	-0.01949265	-0.171792816
UMARY	1583	-0.391694865	0.060861913	0.051305678	-0.845480169	0.016587899	0.315354846	0.134315045	0.068490928	0.291796977	-0.051929839	0.008784408	0.004761791	0.047520679	-0.198662867	-0.199422523	-0.113370417	0.195833811	0.067769706	0.092086622	0.085144293	-0.485918972	-0.251003672	0.168887588	0.000721285	0.001102992
UMARY	1584	0.117041768	-0.055819665	0.024407063	0.236312194	0.040784134	-0.201965578	0.026904439	0.037040963	0.123937831	-0.046091205	0.115957644	-0.146062287	-0.244337302	0.307178553	0.117583277	0.12188364	-0.068709107	-0.042803345	-0.043193429	-0.012010149	0.189311335	0.411803149	0.20804719	0.051197083	0.211604292
UMARY	1611	-0.11635846	-0.05029281	-0.114624394	0.404976084	0.008951536	-0.073327708	-0.130527961	-0.21656117	-0.513502475	-0.231938574	0.155591806	-0.331335883	-0.098652648	0.246798234	0.512357613	-0.00039953	-0.162580443	-0.285978105	-0.129488381	-0.323701125	0.074348082	-0.475483368	0.223322391	-0.015168793	-0.065620257
UMARY	1612	-0.07939763	0.019304189	-0.000889507	0.00752966	0.366739874	-0.029922657	-0.07310641	-0.095846957	0.14300899	-0.013216066	0.272315919	-0.213081576	-0.057839082	0.48654402	-0.069967005	0.067570452	0.514210791	0.010618831	0.043542342	0.008588016	0.213795217	0.528166297	-0.144539626	0.199829798	0.234309643
UMARY	1613	-0.07763302	0.180788664	0.110457393	-0.398054051	0.237445148	0.331106891	0.052513738	0.001199394	0.352264084	0.04094516	0.038787348	-0.144035754	-0.030997045	0.002474073	0.145120534	-0.11536736	0.506487791	0.027203148	0.02181621	-0.051991523	-0.471500088	0.351811428	-1.004749546	0.145327749	0.667383437
UMARY	1614	0.016603114	-0.003897665	0.00064384	-0.336014773	-0.008904844	0.225629479	0.084290166	0.018164491	-0.028858897	0.013971418	0.079185763	0.044077478	-0.058887249	-0.19114263	-0.120959966	0.157460287	0.075529787	0.060281817	0.052040723	-0.088731115	0.019667463	-0.136490428	-0.062469189	0.088153107	0.112731811
UMARY	1648	0.038326324	-0.031605811	0.150269715	0.028495374	-0.021740907	0.025689805	0.101114118	0.017727173	-0.077600837	0.024911688	-0.031206326	0.056242931	0.015534532	0.045230738	-0.205345622	0.06111834	0.021285218	-0.044698298	0.025793698	0.040644478	0.171815096	-0.083852848	-0.009796445	0.040990936	-0.156355032
UMARY	1652	-0.167113828	0.178640692	0.103682854	-0.674673625	0.107565944	0.500719051	-0.009731035	0.09312114	0.258100098	-0.050551492	0.058640689	-0.171472541	-0.089731729	0.041410606	0.163240274	0.012037627	0.591555965	0.063868654	-0.076441465	-0.159546623	-0.519540838	0.944073003	-0.708602068	-0.072633619	0.652776057
UMARY	1668	0.165584556	0.053866226	0.082841907	-0.358980789	-0.035431475	0.337968064	0.035810057	0.074214815	-0.017671045	0.006421175	-0.000792384	0.022214459	-0.094292012	-0.3933543	-0.126658385	0.015026574	-0.006253794	0.089928028	0.064976558	0.079442517	-0.003494679	0.04958146	-0.208229154	0.10819791	0.078457292
UMARY	1710	0.012755699	-0.056835255	-0.120747698	0.156341106	-0.018409594	0.262533682	-0.050522356	0.007071343	-0.10364624	-0.034106707	-0.090953552	-0.08149599	-0.132878359	0.279908863	0.292165769	0.115617847	-0.479760928	-0.001638837	0.097673141	-0.041332523	0.505410426	-0.17786027	-0.2386736	0.000350871	-0.181004367
UMARY	1712	0.095856875	0.029196475	0.059892516	-0.194446994	-0.010935133	0.010256704	0.038338244	0.115246918	0.040089726	0.16981828	-0.031822681	-0.02077826	0.055595546	0.028266461	-0.179773642	0.03278058	-0.015297079	0.123601635	0.104770095	0.062419704	0.089197986	0.043727515	-0.26450182	-0.008291094	0.025333052
UMARY	1713	-0.17967917	-0.031580547	0.025620926	0.006239409	-0.193753346	0.112529777	0.032589554	0.031816754	-0.066756331	0.013159638	-0.106148983	-0.174979946	-0.030479582	-0.005221553	-0.024336715	-0.034090398	-0.140607887	0.034970259	-0.114331341	-0.071928391	-0.187638125	-0.195638299	0.439342206	0.004254704	-0.112247678
UMARY	1715	-0.026444168	0.05179993	-0.075032452	0.208942062	-0.141108665	-0.07811024	0.038526702	0.119695604	-0.166905575	0.062859171	-0.073893471	0.102327074	-0.171034665	0.37440784	-0.107432928	0.057655441	-0.177365252	0.065878313	0.040021736	0.047477285	-0.023078325	-0.07950488	-0.417628832	-0.041150106	-0.144068554
UMARY	1792	-0.000772726	-0.054079761	0.028535337	-0.074179613	-0.033084324	-0.028797921	-0.038552134	-0.025279606	0.199461933	-0.003076481	0.072623259	-0.076873054	-0.046378946	-0.292919013	0.077787595	0.076513279	-0.144554554	0.035089951	0.032514575	-0.058646624	-0.139355048	-0.322495269	0.32802469	0.062953106	-0.09666219
UMARY	1795	-0.054167479	0.014668769	0.023978668	0.059107394	-0.038123619	0.215782197	-0.075604427	0.030707678	-0.001862405	0.02751718	-0.038852583	-0.042243763	0.136321622	0.15525936	0.159893755	0.157367692	-0.008033284	0.032263295	-0.033067404	0.008325686	-0.149547177	0.490659326	-0.113620279	-0.010002907	-0.129974051
UMARY	1797	0.146077541	-0.085537796	-0.105793237	0.456088894	0.031188487	0.055653663	0.033669187	-0.016721514	-0.085072235	0.055992566	-0.059243575	-0.089271427	-0.020943418	0.166867163	0.003763269	0.064004322	-0.158166016	-0.031839711	0.117333547	-0.117880481	0.180146282	-0.161228377	-0.052932748	0.030898574	-0.214159052
UMARY	1825	0.035198436	-0.098721106	-0.085258567	0.160950276	0.012208107	-0.047830818	-0.059717743	-0.06494735	-0.071133488	-0.0346564	-0.070159887	-0.050791026	0.044071225	-0.249452616	0.083941296	-0.013413106	-0.067687285	-0.065169932	0.054814603	-0.048880623	-0.21481642	0.272817556	-0.040630855	-0.073122173	-0.210256269
UMARY	1827	0.01091433	-0.142361807	0.044435448	0.414670967	0.023949539	-0.101096184	-0.01965283	-0.050199278	0.088891884	-0.077739487	0.076687805	-0.072923999	-0.023613413	0.203037613	0.205005252	-0.004497831	-0.165157218	-0.021076298	-0.037725828	-0.022004431	0.133999565	-0.401422215	0.349608247	0.108929731	-0.113888824
UMARY	1830	-0.057114492	0.090177361	0.236835095	-0.47498084	-0.027808852	0.165917072	0.23595965	0.132663424	0.26956634	0.175804142	0.045345108	0.206942865	0.048935951	-0.185613885	-0.270532889	0.030267063	0.010111593	0.20025363	0.13116231	0.153041802	-0.44932313	0.647525444	-0.096072174	0.095061771	0.134799513
UMARY	1846	0.080066077	0.006537417	-0.030383509	-0.111856587	-0.094918274	-0.061333912	0.035745231	0.067282563	0.189044385	0.09173179	-0.108667745	0.066464975	0.062746047	-0.05978017	-0.12430489	-0.031864512	0.260955447	0.034572197	0.022056131	0.1439742	0.020153309	-0.418077813	-0.106445816	-0.050945337	-0.022382669
UMARY	1847	0.068248619	-0.008358243	-0.033947331	0.662474688	-0.059416177	0.293308091	0.035696257	0.032224491	0.097949788	-0.096771487	0.014212376	-0.021923602	-0.402461854	0.421167189	-0.172197233	0.083201505	-0.306462473	0.007487456	0.026613257	0.076533467	0.38396835	0.141694751	-0.005542084	0.001246227	-0.301205956
UMARY	1849	-0.093666427	-0.121890557	-0.029213594	-0.808360554	0.061183173	-0.569788417	-0.077316374	-0.012891084	-0.236223564	0.123130908	-0.064982445	0.026477684	-0.135408411	-0.240654886	-0.01782471	-0.205210848	-0.304018526	0.0241661	-0.025925593	-0.109216076	-0.638524985	-1.066543318	0.315469949	-0.065894065	0.022638724
UMARY	1862	0.078206187	0.014260151	0.123000373	-0.174201562	-0.013846236	0.036386342	0.008666698	0.023207361	-0.075966828	0.014256976	-0.0088385	-0.133682509	-0.140481024	-0.432378001	0.128243969	-0.03812312	-0.249348719	0.080725829	0.055700578	0.119982774	-0.191748981	0.394327262	0.395067332	0.093059604	-0.047906385
UMARY	1865	0.017470154	0.080105649	0.061316332	-0.039351893	0.084518694	0.078085203	0.19934792	0.005402823	0.304694204	0.005601841	-0.111048777	0.005008822	0.00120777	0.253034043	0.044495584	0.157509042	0.198914564	0.027600425	0.03697356	0.026665054	0.170124606	0.073392565	-0.270264151	0.034359717	-0.028739482
UMARY	1866	-0.165284234	-0.108347889	-0.131119141	0.036288579	-0.217622805	0.00974434	-0.08392068	-0.063800259	-0.126722474	-0.157313681	-0.094293519	-0.207231649	-0.056654706	-0.00620197	0.084800987	-0.053891089	0.056379595	-0.094149446	-0.055675882	-0.168961996	0.116090446	-0.202141512	0.073107477	0.026493847	0.047531629
UMARY	1867	0.115040757	-0.061160764	-0.032967043	0.18405838	0.008625584	-0.045019308	-0.073370603	-0.012212505	-0.022656039	-0.006958325	-0.029012917	-0.035887957	0.158906855	-0.067330393	0.013890718	0.02490673	0.30055672	-0.000467107	-0.02079152	-0.039479687	-0.005499031	-0.073611255	-0.097389718	-0.062788533	-0.059720686
UMARY	1902	0.165130152	0.005890731	0.069419341	0.311124981	0.037372775	0.062401051	0.056817458	0.040382134	0.0372658	0.105329721	-0.058860496	-0.099346925	0.062030503	0.220187395	0.150325125	0.161109544	0.216247746	0.099428148	0.007077067	0.079575138	0.272101057	0.419818982	-0.06059228	0.044506125	-0.008878562
UMARY	1903	0.084740053	-0.102717637	0.094372809	-0.022567385	-0.064884441	-0.227437783	0.122983942	0.071754454	0.05838277	0.088073499	-0.128339424	-0.020787442	0.001786917	0.365102724	0.153192265	0.045217029	-0.222299597	0.130133141	0.028080754	0.018443715	0.160214389	-0.205913746	0.06789818	0.058957024	-0.102919078
UMARY	1907	0.141641638	-0.057576699	-0.056493015	-0.04582471	-0.056084891	0.104661674	-0.185389519	-0.234015916	-0.251264868	-0.251651129	-0.187572925	-0.06838658	-0.066714804	0.121075864	0.104350216	0.020564006	0.052103065	-0.106344056	-0.240025817	-0.183060525	-0.038943749	0.334720061	-0.095602715	-0.02822799	0.117518276
UMARY	1917	-0.04712073	-0.027215163	0.009158534	0.430229457	0.039976747	0.273779049	-0.021296426	-0.091508814	-0.056702342	-0.158383216	-0.058583689	-0.131957953	0.046619851	0.554655392	0.079094915	0.316522764	0.091976983	-0.150771375	-0.04389267	-0.073393581	0.542735954	0.518015518	0.287252975	-0.009322862	-0.17830082
UMARY	1935	-0.085123822	-0.104753078	-0.106529244	-0.178103291	-0.04507113	-0.10565708	-0.045919715	-0.206344344	-0.171808789	-0.10950305	-0.1807725	0.137631637	0.121492218	-0.217123557	-0.261268861	0.010133689	0.054360151	-0.154871852	-0.108895994	-0.158845799	-0.319765365	0.091519624	0.075043649	-0.085403855	-0.038967865
UMARY	1936	-0.031166067	-0.078202597	-0.092338581	0.521999758	-0.029699494	-0.480642594	-0.02628192	-0.073248879	-0.223526706	-0.162663094	-0.037243683	-0.071509279	0.013766789	0.179726305	0.165874675	-0.062854309	-0.300300245	-0.032800667	-0.058418534	0.029332117	0.181059635	-1.33272403	0.28598037	0.024997544	-0.154815466
UMARY	1939	-0.134420636	0.799408351	-0.585301976	0.378031768	-0.297224157	0.304616053	-0.057378456	0.666080201	-0.215048687	0.625621376	0.554678184	0.628553734	0.069150272	1.664813366	-0.47307408	0.075424435	0.292714943	0.210308978	0.091427698	0.052301957	-0.221940303	1.61286787	-1.293855954	-0.508238659	-0.619603877
UMARY	1940	0.110498498	0.030466263	-0.018713368	-0.019781395	0.047371708	-0.051710907	-0.06881263	-0.052915313	0.097551977	-0.095825287	0.093133321	-0.029237796	-0.071430969	0.400066681	0.212885639	0.20157641	-0.034495803	0.006567967	-0.036722857	-0.110286152	0.697975454	0.85669574	0.223074074	0.167002546	-0.053382799
UMARY	4263	-0.290656314	0.180182596	0.028650134	-0.420128446	-0.004873384	0.144901899	0.054256566	0.061221223	0.253688051	0.062445344	-0.154122066	-0.003343739	0.071042445	0.066423582	0.271445617	0.074040419	0.358986728	0.053888713	0.025768951	0.074764037	0.114289432	-0.15536765	-0.408250091	0.00906257	-0.173418125
UMARY	4540	0.02180979	-0.071902888	0.0030459	-0.170635583	-0.113699551	-0.199977065	-0.037673726	-0.058671369	-0.187292865	0.201903434	-0.243611688	0.250343975	0.138154448	-0.156939041	0.124776079	0.007031653	-0.093677066	-0.002172059	-0.04236433	-0.08719559	-0.215582447	0.478115449	-0.404489396	-0.086349974	0.208458204
UMARY	4542	-0.052132786	-0.02269061	0.017871054	0.397912783	0.078189159	0.197851231	-0.049625812	0.042702932	0.41072551	0.030527631	0.103843563	-0.001052623	0.324466917	0.347796912	-0.00807805	0.074838289	0.269138828	-0.090144701	0.016291318	0.014046386	-0.059185132	0.437646394	-0.004378546	0.033926419	-0.173328376
UMARY	4543	-0.091340514	-0.058053712	0.03019804	0.302556334	-0.008710115	-0.23371452	-0.063292328	0.008530407	-0.156382999	-0.112263488	-0.117698048	-0.156123796	-0.030237759	0.005968173	0.01177569	-0.030571539	0.004282778	-0.008658074	-0.085677717	-0.028667107	-0.135247402	0.11054022	0.20194086	-0.006394801	-0.125889585
UMARY	4549	0.185993448	-0.147184195	0.028612771	0.198078598	0.074860006	-0.106420131	0.028039538	0.0530236	0.187073954	-0.017506324	-0.038246314	-0.117752325	-0.177425122	-0.405512103	0.25559462	-0.046994632	-0.027275483	0.038773199	-0.084817069	0.11265282	0.022497196	-0.49360337	0.254964946	0.104026393	-0.08257294
UMARY	4590	0.038740996	-0.05497529	-0.291782731	0.814240852	0.130525892	-0.089233706	-0.060912447	0.108228204	0.163920654	0.113616261	0.435752208	-0.077326627	-0.062714429	0.216094167	-0.114742297	-0.086900862	-0.269400851	-0.096707071	-0.041593438	-0.25771756	0.355850829	-0.380386607	0.300452538	-0.090974379	-0.176706272
UMARY	4593	-0.092088303	-0.020741653	0.09447842	-0.380080938	-0.082303468	0.013491609	-0.077145445	-0.037567442	0.053373772	0.180549848	-0.037563579	-0.043866116	0.05914384	-0.276755835	-0.215681308	-0.079455106	0.099599661	0.038559044	-0.060527432	-0.063934698	-0.142640765	-0.381703897	-0.259489566	0.033066713	0.262938044
UMARY	4598	0.016053723	-0.122962773	-0.043126945	0.366651826	0.043406636	0.035311316	-0.169280193	-0.055951754	-0.030447124	-0.002192849	-0.033664149	-0.190983996	-0.0244851	-0.164799136	0.340575789	0.086561896	-0.041716683	-0.043705947	-0.024342917	-0.093638132	0.03263663	-0.190961903	0.215119996	0.04096387	0.005943189
UMARY	4636	-0.004970827	-0.02075028	-0.027286148	0.211551753	0.122676279	0.299504997	-0.059110926	-0.069175662	-0.081678947	-0.05902047	-0.035147912	0.050926535	-0.067234722	0.012179967	-0.074094353	-0.005395032	0.051827027	-0.076822148	-0.076264377	-0.097746419	0.330288363	0.051336362	0.055570257	-0.05850886	-0.061832034
UMARY	4640	0.218946989	-0.144467366	0.001924306	-0.070670853	-0.062044089	-0.126683916	0.038523769	-0.076756199	-0.442314928	0.045486218	-0.064450922	-0.124267383	-0.12012584	-0.179197471	-0.040132326	-0.053902466	-0.287090973	-0.161414864	-0.067051113	0.009431515	-0.191108309	0.367330823	0.196014606	-0.006459449	0.155040822
UMARY	4725	0.003061549	-0.017456789	-0.085644898	-0.073229612	0.019874339	-0.241205815	0.023477948	-0.02789797	-0.067904196	0.033967225	-0.132497032	0.033732563	0.140713857	-0.148501425	0.211534574	0.010388546	-0.19960988	-0.134654401	-0.024830593	-0.059293342	0.226423469	-0.596191713	0.038579686	-0.072203308	-0.07924561
UMARY	4726	0.153087552	0.036336591	0.088299817	0.439415615	-0.058604968	-0.24556543	-0.018955081	0.005672026	0.02928599	-0.080797908	0.055630206	-0.006229866	-0.093068945	-0.007828825	0.128423039	0.024266544	-0.206822705	0.041665404	0.086569863	0.030574241	0.230992577	-0.356272578	0.38329089	0.060381873	-0.36309861
UMARY	4727	0.049804341	0.001501454	0.036165667	-0.131340112	-0.137430311	-0.140429691	-0.006220819	0.015234482	0.021324841	-0.128122357	0.098362838	0.609484415	0.198172506	-0.216246749	-0.127933759	-0.115539777	-0.054782259	0.110718204	0.055905925	0.058806104	-0.092643313	0.186583598	-0.236080297	0.02105148	0.05884814
UMARY	4729	-0.016566303	0.089647675	0.018690763	-0.39626543	0.051487179	0.150611057	0.112391498	0.104257061	-0.113515273	0.190299527	-0.059923509	0.070574436	0.143305788	0.360529265	-0.113019577	-0.040390448	0.27586216	0.051873224	0.036690586	0.141697537	-0.229082657	0.277142318	-0.453584902	-0.057389504	-0.125030125
UMARY	4782	0.063691088	-0.161257586	-0.14521562	0.191778508	-0.058142769	-0.073816785	0.006774578	-0.115470228	0.304122095	-0.054520159	-0.138705502	-0.044570814	-0.071433076	0.122916949	0.205965777	-0.123857969	0.068265263	-0.147936166	-0.0626502	-0.10854297	-0.055416296	-0.040774373	0.184962695	-0.097595073	-0.150274366
UMARY	4786	0.067741037	0.050798569	0.134387616	0.03969242	-0.027077549	0.100509495	-0.023919862	0.058816666	-0.037070993	-0.046964468	0.056397157	-0.08571279	0.022965066	0.276626987	-0.216757517	0.009507338	-0.16855042	0.075440722	-0.040012846	0.038973458	-0.095369468	-0.268067344	0.017140933	0.085049991	-0.16784087
UMARY	4788	-0.11166996	0.332066639	-0.216212859	-0.693484206	-0.15446677	0.127812631	-0.207690743	0.026869874	-0.498473065	0.114219454	-0.032633593	-0.352360039	-0.102701748	0.284379156	0.340625651	-0.245225934	-0.302807157	-0.289933674	-0.013711694	-0.138256427	-0.145883223	-0.421081835	-0.560202042	-0.383007095	-0.208801645
UMARY	4789	0.169373914	0.185192333	0.054611821	-0.772371795	-0.086779836	-0.208366464	-0.094857466	0.068180586	-0.183269186	-0.151329417	0.377485593	0.092621533	-0.128107459	0.409975132	0.335683953	0.036134514	-0.107340991	0.069110495	0.073576018	-0.0097084	-0.081253979	-1.204556286	-0.625826164	-0.013979436	-0.107272848
UMARY	4841	0.086243144	0.048991863	-0.029547688	-0.120104654	0.038146462	0.060083285	-0.009432508	0.017832017	-0.350043743	-0.033518253	-1.66E-05	0.098715364	-0.238551653	0.412871657	0.341453926	0.207591097	-0.28430248	-0.00026788	-0.036176994	-0.005087767	0.662491719	0.128010576	-0.529805647	-0.05378805	0.188887388
UMARY	4842	-0.066041718	0.095900409	0.009101006	-0.868490091	0.134782789	0.330397119	0.198938326	0.09091299	-0.013163417	0.162938211	0.023990218	0.011525509	0.034196052	-0.372263525	-0.260624203	-0.022067446	0.41496939	0.107774725	0.012960528	0.030413828	-0.308243096	-0.272552723	-0.390624118	0.041365442	0.540718772
UMARY	4903	-0.004038847	-0.14511449	0.001951591	0.083311656	0.140463718	-0.07053063	-0.019398132	-0.070057034	0.136965866	-0.133816153	0.038788445	0.180843192	0.120688241	-0.449095812	-0.105105454	0.088945628	0.107575748	-0.06296381	0.021490559	-0.072035778	0.273699711	-0.055013309	0.048684343	0.014912568	-0.282240625
UMARY	4915	-0.077785038	0.072534281	0.046049581	-0.048905077	0.020346084	0.130070464	0.209089819	0.046098845	-0.190109428	0.108408541	-0.058816097	-0.033397502	-0.173595634	-0.104516093	0.08577639	0.212600374	0.038692019	0.067334245	0.108955774	-0.000209903	0.229777379	-0.020330189	-0.549582205	0.089455213	0.019339327
UMARY	4916	0.036881644	-0.051349987	0.004981502	0.227856076	0.079865569	0.141140058	-0.116863275	-0.028656463	-0.097886413	0.033568937	-0.020541478	-0.283067047	-0.105316224	0.26679356	0.375408298	0.096326546	-0.164505365	0.034630175	0.057204171	-0.016267699	0.188449589	0.03933661	0.154523587	-0.035260654	-0.287219281
UMARY	4924	-0.169431033	0.22338892	-0.109682959	0.521847698	-0.167714793	0.394718154	0.119418883	0.213519852	0.494492499	0.429677541	0.015542213	0.16564567	-0.054555927	0.862401381	-0.581048942	0.266588093	0.262722067	0.150500578	0.219524053	0.156564906	0.110717539	0.437221174	-0.079698356	-0.081257111	-0.392296053
UMARY	5024	-0.183066308	0.371891701	0.039397346	0.278768721	0.023605528	-0.427359479	0.000377122	-0.006841689	0.223188876	-0.073886731	-0.013864661	-0.138758381	-0.328848989	0.42653819	0.206303186	-0.265762312	0.029282133	0.061346751	0.025189748	0.160808319	0.522377401	-0.204229759	0.057790549	-0.023149143	1.107880585
UMARY	5028	0.16448467	-0.16496544	-0.017512203	0.420822269	-0.006070896	-0.122799533	-0.129228955	-0.0862207	0.138034431	-0.09951382	-0.01880417	-0.076447214	-0.028319364	-0.313515023	-0.024863985	-0.014736877	-0.284425044	-0.071685384	-0.024084078	0.020640026	-0.169300342	-0.180812561	0.634309235	-0.089744483	0.197991151
UMARY	5078	0.050733128	-0.1049463	-0.153585441	0.285011981	-0.042036705	-0.198080189	-0.085264639	-0.111127568	0.0712778	-0.230912613	-0.056731269	-0.106723549	0.011030822	-0.291313507	0.085229437	0.040773003	-0.120907964	-0.101166554	-0.099113873	-0.148420494	-0.39236705	0.044781571	0.268860272	-0.06410065	-0.101995077
UMARY	5079	-0.048144088	-0.09628572	0.043582354	0.003848461	-0.016977774	-0.17815026	-0.10797338	-0.025737947	-0.13128811	-0.128160828	0.005345618	0.076725795	0.148487022	-0.031129288	-0.279638011	-0.011980392	0.084278706	-0.02586002	-0.02897883	-0.004286183	-0.133819494	0.138010104	-0.065294727	0.085190206	-0.302856815
UMARY	5081	0.022920078	-0.105519802	-0.051390515	0.181749748	0.021478864	-0.025097156	-0.032608172	-0.105677288	0.364525026	-0.067830523	-0.025429692	-0.058428164	0.261605432	0.139155739	0.157289616	-0.010809574	-0.127217986	-0.056815078	-0.179377622	-0.04289218	-0.147936296	0.20754705	0.297920845	-0.031586599	-0.072499374
UMARY	5086	-0.134921682	-0.028800941	0.00495061	-0.018769881	0.066661388	0.052047106	0.032380016	0.046882195	0.144767277	0.006013448	0.186566238	0.066614536	0.184565072	-0.202378386	-0.053211688	-0.166817273	0.203304234	0.001857446	-0.096850381	0.090644188	-0.495514909	1.022120773	0.197877107	0.114522488	0.361911159
UMARY	5087	-0.02295006	0.02531917	0.146936558	-0.421926244	0.043163877	-0.0182278	0.015589834	0.065066677	-0.00903667	-0.065820524	0.111819576	-0.02240989	0.078932981	-0.354739271	-0.246088565	-0.14941327	0.101463602	0.086744731	0.091827435	0.065728474	-0.420430406	-0.17229011	0.180412894	0.08597236	-0.125173072
