FID	IID	1	2	3	4	5	6	7	8	9	10	11	12	13	14	15	16	17	18	19	20	21	22	23	24	25
BLSA	745	1.317928083	-0.535983527	-0.015836895	1.757451319	-0.23589358	-0.235808293	0.666093041	1.436425467	0.090176704	-1.238926131	0.035383403	0.095291995	0.522217766	-0.146285877	0.307761194	0.165387387	0.531944022	1.063652157	0.421659079	0.571599661	0.270476032	0.372128094	0.293104941	-0.961623171	-0.272180048
BLSA	827	1.725696633	-0.915821462	0.136157454	1.066141859	0.175534341	0.715691347	-0.605092393	0.820188284	0.148520976	-0.936120481	0.160781193	0.057098612	0.18865884	0.666688691	0.11872306	0.024368937	0.091902757	0.281653202	0.123602014	0.332715466	0.249633648	0.191199107	-0.206856853	-0.906076661	0.165366771
BLSA	1556	-0.312361136	0.048806584	-0.112845823	0.209390768	-0.135909549	0.953293758	0.217026592	-0.276149394	0.221158411	0.353820188	-0.1634508	-0.362585868	-0.040798383	0.33031193	0.121614526	0.158935854	0.04932367	0.170920554	0.075204772	-0.147015983	0.169809167	-0.067843761	0.300338482	-0.681592957	0.183866358
BLSA	1579	-0.137924057	0.417990036	-0.231084517	0.016109147	-0.128503531	-0.443703737	0.065548474	0.50574017	-0.181923418	0.071590307	-0.479620879	-0.206633004	-0.241584283	0.106045035	-0.090690444	-0.265960685	-0.281157754	0.042735907	-0.219835938	-0.194595745	-0.260218029	-0.259282387	-0.407191266	0.54601568	-0.266065602
BLSA	1595	0.884262639	0.426387571	0.129331158	-0.864632221	0.270523421	-0.899011203	0.931521126	0.521886202	0.466668913	-0.646492986	0.472798598	0.658924624	0.687240251	0.314280252	1.03661705	-0.759515725	0.667404261	-0.542567858	NA	0.911980518	-0.840327904	0.733398784	-2.376269619	0.392637185	-1.451679777
BLSA	1603	-0.773768145	0.038397497	0.003893187	-0.843162136	-0.117523518	-0.177729761	-0.493626781	-0.185746873	-0.090330574	-0.164979699	0.021334707	0.016223347	-0.137866594	-0.612913437	-0.105100669	0.006473893	-0.152480356	-0.119025074	-0.053278255	-0.198746324	-0.01201342	-0.11938076	-0.037336441	1.063698028	0.003248705
BLSA	1640	-0.20376794	0.344005084	-0.030812223	-0.113466132	-0.004119638	0.441815007	0.01526478	-0.204244914	0.089407579	0.508765269	0.194680263	-0.297598241	-0.116218882	0.665479905	0.005807914	-0.063429176	0.091360829	0.213241415	0.11565067	0.014727973	0.157892725	0.033175174	-0.007771548	-0.424520783	-0.069010206
BLSA	1775	0.41715059	-0.485500949	-0.130788734	0.083314194	0.225259118	0.367707965	0.054569017	-0.120907731	-0.101845398	-0.168850629	0.174974972	0.485048189	0.070899339	-0.471521667	-0.117989654	-0.221757001	-0.047720489	-0.554260871	-0.018657758	0.014925916	-0.201312841	0.148996011	-0.114208185	-0.077024738	0.38126015
BLSA	1802	-0.545639525	-0.078026521	-0.059868867	-0.316509673	-0.298341625	-0.524947237	0.266716858	-0.05007859	-0.293106759	0.381067129	-0.226492065	0.035657805	-0.050509472	-0.278512859	-0.267572094	0.081936541	-0.216413989	-0.304101216	-0.083863874	-0.139195005	-0.030284192	-0.033060392	0.387206418	0.833791839	0.029727847
BLSA	1805	-0.484393172	-0.289826853	-0.108010614	-0.923634684	0.084736085	-0.335424721	-0.535175466	0.098298155	-0.118144859	0.078152856	-0.144677657	0.153391536	-0.021902573	-0.291138652	-0.273032663	-0.142336439	-0.213850917	-0.069521872	-0.210927474	-0.223785516	-0.086625556	-0.298405407	-0.159485083	0.991542857	-0.197610764
BLSA	1838	0.386519437	0.055202956	-0.080357583	0.121421872	-0.104732983	-0.668220159	0.499008027	0.173075282	-0.197049915	0.047273131	0.01961523	0.094143291	-0.116731512	-0.41095883	-0.063979273	0.029645959	-0.085488048	0.080217051	-0.161347358	-0.087866901	0.127116197	-0.048982203	0.198504474	-0.055538498	-0.194103691
BLSA	1839	-0.012758881	0.176010632	-0.006011344	-0.13775461	-0.110929715	-0.238195056	0.225940842	0.150167517	-0.042926617	-0.091426649	-0.105968299	0.295278344	-0.193993623	-0.052442309	-0.226953443	0.099720614	-0.195223929	0.2008152	-0.028654503	-0.334080728	0.235896378	-0.17430278	0.243990195	0.838434117	-0.029912727
BLSA	1840	-0.751348911	0.283988534	-0.137814619	0.296172734	-0.061352128	0.314711911	-0.331043798	-0.168778085	-0.22983034	0.008341645	-0.141663832	0.064234006	-0.068999142	-0.025970166	-0.333752447	-0.102856951	-0.099496865	0.078866238	0.0540432	-0.202564256	-0.047655504	-0.20596898	0.441545096	0.292805418	0.039861698
BLSA	1883	0.070942739	-0.135381622	0.005864176	0.121530619	0.102600404	0.142889402	-0.094037682	0.023913436	-0.243644363	-0.020099137	-0.142324332	-0.226731187	-0.148369487	0.022921745	-0.217385291	-0.078927223	-0.16269988	0.039571131	-0.090529375	-0.118866957	-0.043390034	-0.188163132	-0.035807869	-0.200543876	0.054378493
BLSA	1889	-0.699681786	0.027729243	-0.028923716	-0.227335419	-0.11664025	-0.112661088	-0.332365829	-0.254780619	-0.026105094	0.12828291	-0.067386415	-0.019758141	-0.075014361	-0.454336233	-0.231460828	0.059763074	-0.069523224	-0.100675723	0.062730046	-0.169309422	0.068583964	-0.302159657	0.186412441	0.286864115	0.115640704
BLSA	1924	0.102652594	0.13487432	-0.085828956	-0.122370565	-0.062798263	0.033947652	0.090434089	0.294710219	0.012557865	-0.285198214	-0.032041244	0.318905971	-0.055398891	-0.012214845	-0.054634464	-0.024520246	-0.086465289	-0.172265356	-0.115335844	-0.055264961	-0.013745977	0.07261454	0.045944837	0.291248632	-0.150315507
BLSA	1961	-0.447872455	-0.416630322	-0.001132882	-0.512886414	0.000858282	0.097485191	-0.258893711	-0.92043533	0.094603075	-0.071933451	-0.019262593	-0.047508978	-0.036315723	0.255238107	-0.097059691	0.172008345	-0.126661442	-0.265971429	0.117621546	-0.095935309	0.010031619	-0.126394778	0.173179106	0.027526224	0.353895289
BLSA	2000	-0.39498745	-0.216563616	-0.102432693	-0.009217512	0.012178576	0.372207173	-0.466888048	-0.458056953	-0.035383154	0.612398759	-0.083653133	-0.16036728	-0.188794045	0.025992893	-0.136047612	0.072899045	-0.134248006	-0.162566425	0.046944184	-0.099973239	-0.060612993	-0.071779224	0.201456129	0.306688626	0.917786672
BLSA	2020	0.149128243	0.305338706	0.060745386	0.084116686	0.170761884	-0.019970355	-0.0130961	0.147790356	-0.023108993	-0.155211112	0.146730452	-0.242182516	0.07439592	0.078776165	0.140949962	0.08082398	0.200788717	0.076901955	-0.064537845	0.080635878	-0.028568124	0.132545373	0.106317768	-0.644293902	0.032097279
BLSA	2037	-0.343794326	0.7408971	0.149474052	0.273945508	0.025428431	-0.175316145	0.05156351	-0.532893369	0.039830957	0.672454178	0.006519825	-0.184591301	-0.164751278	0.544732089	-0.14676589	0.232246494	-0.007405896	-0.122585318	-0.140680315	-0.0602177	0.280070405	0.046156125	0.047945476	-0.465658478	0.381730924
BLSA	2066	-0.286309243	0.094553798	0.072582856	-0.200399329	-0.077981095	-0.174303171	-0.264750148	-0.104273734	-0.050250298	-0.106922237	-0.085627226	-0.074952664	-0.128676802	-0.176879	-0.053210552	0.0307332	-0.070875763	-0.024018428	-0.019578367	-0.052377245	-0.041164264	-0.067332529	0.064093467	0.014538766	-0.053372943
BLSA	2069	-0.21346276	-0.072224805	0.123573614	-0.142925774	0.17428872	0.138514677	-0.032939447	-0.524903701	0.305057235	0.42508884	0.216640629	-0.118759026	0.061591816	-0.03987228	0.112456941	0.302472696	0.024550298	0.204984317	0.085987107	0.025917873	0.240963662	0.102449395	0.489069872	-0.477714174	0.190343316
BLSA	2093	0.077811548	-0.192949248	-0.071519617	0.219765086	-0.224132135	-0.052707897	-0.078958484	0.126422578	-0.100858899	0.005957959	-0.157263857	0.089634123	-0.171826774	-0.180508731	-0.03792595	-0.03088064	-0.113619932	-0.007783464	-0.101707032	-0.267869266	-0.077389095	-0.116678674	0.056288436	0.754354011	-0.030626178
BLSA	2102	0.47597728	0.244726862	0.521647199	0.164934676	0.436688749	0.479734739	0.423181532	-0.497368373	0.266526969	0.592967556	0.399973062	-0.422163637	0.352747892	0.143088072	0.609630317	0.172768067	0.406057224	-0.008216095	0.205491319	0.49516127	-0.067165862	0.247072062	0.109529728	-1.745558262	-0.134326764
JHU	384	-0.171648327	-0.297145001	-0.16562985	-0.330584494	0.07841265	-0.329160976	-0.568877686	0.042819798	-0.176962847	-0.370040511	-0.172257611	-0.141992675	-0.112188601	-0.126586789	-0.221540466	0.175584337	-0.26576386	0.024386759	-0.032821287	-0.228081629	0.010357773	0.065135084	0.142165908	0.146066617	-0.019458215
JHU	705	-0.950717194	0.291757834	-0.171345391	-0.142507303	-0.048484485	-0.122671251	-0.178261457	-0.032610487	-0.188172071	0.250447698	-0.173988208	0.205351917	-0.026521866	-0.522129819	-0.270349414	-0.049504142	-0.120036565	-0.102296203	-0.134717663	-0.279570976	-0.273930741	-0.141824892	-0.149824453	0.793365993	-0.393534981
JHU	710	-0.289092749	-0.248360934	-0.064571729	-0.327995881	0.175871042	0.121623543	-0.104890168	0.134008379	0.032798398	-0.051214942	-0.006938985	0.229495952	0.019631027	0.003847515	0.088061663	0.043429924	0.063551274	-0.004372958	0.027688601	0.045196752	0.00597185	0.097472217	-0.134877772	0.262159024	-0.15051329
JHU	712	0.347937833	-0.178679235	0.025471818	0.371674307	0.073614146	-0.023576802	0.493971438	0.095823668	0.075194988	-0.22749385	-0.047002259	0.02382968	-0.030733046	0.062313789	-0.003764559	0.024863725	0.113981304	-0.024183228	0.057677846	-0.017332942	0.367692924	0.143711985	-0.084292102	0.067231544	0.131582588
JHU	713	2.215889358	0.883937033	0.466945931	0.917729231	-0.003908959	-0.041985888	0.503947665	0.593043306	0.196931168	-0.084924577	0.401131061	0.030961286	0.152481454	0.535016085	0.520269898	0.020088622	0.33625044	0.244474222	0.212354463	0.428748085	0.045361056	-0.063675638	0.176885204	-0.97177287	0.295779912
JHU	719	-0.837175464	-0.050069846	-0.021920867	-0.474210341	0.026250505	-0.233759374	-0.302468024	-0.40291147	0.021879865	0.092901863	-0.044124005	-0.127062771	-0.136590214	-0.319069013	-0.002612184	0.050284727	-0.086340345	-0.108041211	0.034215564	-0.177399655	0.109848072	-0.091603245	-0.091289689	0.75639904	0.018131318
JHU	993	0.345528053	-0.266970416	0.139245691	0.417989956	-0.112306223	0.038579724	0.519718826	-0.024921745	-0.040734616	-0.195190956	0.103477836	-0.098601569	0.273188745	0.348245903	0.041244103	-0.248030516	0.146156449	-0.063529245	-0.024537858	0.343065521	-0.163424539	0.154156833	0.292017061	-0.88398322	-0.156594468
JHU	994	-0.494874822	0.03809099	-0.137985593	-0.339864284	-0.096619995	0.561733544	-0.205488183	-0.310851796	-0.003988731	0.500063663	-0.108697972	0.128045705	-0.160557106	-0.094087408	-0.193294396	-0.106900298	-0.229094782	0.166085355	-0.226418404	-0.149411252	-0.174131106	-0.113672838	-0.153535721	0.408035061	-0.03015699
JHU	995	-0.165846689	-0.172560424	-0.07021001	-0.092231191	-0.09282868	0.02921748	-0.157652411	-0.094399653	0.083053845	0.085451611	0.048400144	-0.250027524	0.021289607	0.112449737	0.041985356	0.090183621	0.041296084	-0.13252349	0.086558739	0.034786096	0.072254711	-0.049699506	0.002751563	-0.57750119	0.304764125
UMARY	142	0.435365371	0.111175875	0.060353242	0.148583396	0.045175611	0.172645511	0.078013501	0.16085805	0.033495374	-0.335980503	0.147200425	0.175846363	0.179698231	-0.073956265	0.106796705	-0.0635085	0.074000353	0.12924485	0.029828576	0.175137834	0.03245294	0.220630056	-0.098076586	-0.426832431	-0.215201251
UMARY	602	0.136386126	-0.097888731	0.013125517	0.260389552	0.241852717	-0.136126274	0.018433264	-0.193432766	-0.031830969	-0.288806163	0.014468	-0.059158674	-0.08553846	-0.286876784	-0.10935713	0.136725906	0.002734815	0.198221418	-0.008208633	-0.106242248	-0.001336721	0.034911213	0.370987983	-0.028331338	0.343451067
UMARY	604	-0.122522373	0.275887215	0.09589797	-0.157223792	-0.051537791	-0.343381131	0.528623811	-0.30175713	-0.061710441	0.352028487	0.035467704	-0.017408523	0.011752826	0.070914767	0.1161888	0.017633349	-0.030302459	0.011985086	0.070012372	0.01030188	0.095977358	0.007439835	-0.059967404	0.115693111	-0.034730392
UMARY	813	0.025627399	-0.402650127	0.050198868	-0.19436847	0.024477432	-0.323852858	-0.179428636	0.100900702	0.039059973	-0.295386887	-0.014052071	0.053420551	0.108115387	-0.027959168	0.055292684	-0.016807068	0.052051132	-0.120490378	0.034688328	0.028153344	0.017122301	0.014807934	0.039336903	0.2205228	-0.145715292
UMARY	819	0.302937384	0.024207192	0.024397644	-0.033675044	-0.093201705	-0.021542303	-0.143064894	0.077890809	0.048595706	0.100416382	0.00771244	0.131332114	0.062328065	-0.011177855	0.019684353	-0.03266319	0.018069468	-0.148733908	0.040451821	0.058636401	-0.028529481	-0.078099947	-0.050009136	0.085157932	0.191079575
UMARY	871	0.104130564	-0.282010403	0.023910501	-0.348165455	-0.017014959	-0.272346959	-0.298409992	0.284504325	0.035715755	-0.299063082	0.056563132	0.07674213	0.029791507	-0.016570894	0.022481848	-0.008071196	0.03560153	-0.106530004	0.034092245	-0.022053203	-0.045577471	0.019729175	0.015945605	0.475511006	0.008215966
UMARY	879	0.006197296	-0.142248712	-0.028314693	0.033903284	-0.116446382	-0.032060694	0.092279527	-0.006191906	-0.024865053	-0.027997297	0.036980835	0.228611864	-0.028574762	0.077670923	-0.001458158	-0.097847365	0.029439863	-0.185679349	-0.019333865	-0.033661782	-0.12878233	-0.003063789	-0.06999755	0.307871049	0.00243281
UMARY	880	0.297606614	0.091534104	0.166845202	0.282251927	-0.01290398	-0.34729192	-0.091532337	0.082033076	0.169078142	-0.369728525	0.172125027	-0.127392601	0.09780949	-0.140481929	0.137720965	0.128636256	0.053225106	0.218589959	0.174722075	0.127736336	0.240399693	0.109701452	0.159850267	-0.404393322	0.002158266
UMARY	914	0.166374789	0.528406049	-0.028554115	0.130624905	0.0198756	0.587941262	0.181725019	0.03082775	0.006874142	-0.140577305	0.052313909	0.136056793	-0.024488016	-0.040157501	0.002446576	-0.019768382	0.068813327	0.169749575	0.016945463	0.010371222	0.096939252	-0.120912856	0.067298156	-0.067406529	-0.169743136
UMARY	933	-0.213571577	-0.183714972	-0.066621562	0.001308657	0.049391673	-0.262048934	-0.328511421	-0.10041908	-0.058504601	-0.041759631	-0.05515451	-0.218001629	-0.160231121	0.023939425	-0.179929967	0.028890815	-0.166083289	0.222975748	-0.024545282	-0.206092916	0.001270276	-0.241997273	0.349505427	-0.091166808	0.224412699
UMARY	1028	-0.507880032	0.082874728	-0.008360202	0.224475217	0.015949804	-0.261009852	0.350365879	-0.21497877	-0.240774291	0.115431922	-0.187485641	-0.116250495	-0.127501047	0.308521666	-0.225177438	-0.100061721	-0.218593305	0.036288432	-0.143476853	-0.232685771	0.030468086	-0.154431387	-0.217876675	0.217241204	-0.06043263
UMARY	1037	-0.295470857	0.157112457	-0.153022041	-0.124598911	0.177800418	-0.379142565	-0.011040447	-0.041987094	-0.069530894	-0.23030069	-0.09159633	-0.260348483	0.004216976	0.113254092	-0.052204261	-0.066833291	-0.169033245	0.411947173	-0.087164906	-0.114295888	-0.076975117	-0.014340674	-0.105618672	-0.002047962	0.098275955
UMARY	1064	-0.313136859	0.352110636	0.033191363	-0.141145826	-0.021852855	-0.450361513	-0.127186737	0.0834443	-0.044703138	-0.061907526	-0.030661711	-0.040738792	-0.047354675	-0.067574146	-0.115995516	0.176911175	-0.179356757	-0.030136249	0.106785821	-0.064970493	0.220882669	-0.222484348	0.431942267	0.08447554	0.212105459
UMARY	1065	-0.526418906	0.024681336	0.072870162	-0.068856496	0.059180632	-0.353335091	-0.061707881	-0.401005825	0.086640717	0.386781131	0.015215341	-0.025487258	-0.070179213	-0.095911583	-0.10893971	-0.038308923	-0.212080308	-0.341956075	0.070422596	-0.104562813	0.006356207	-0.146240978	0.497056578	0.111904042	0.138726669
UMARY	1076	0.159597094	0.31836762	0.101029198	0.126395847	0.072756223	0.120405071	0.00392861	-0.139682006	0.058051803	-0.170355606	0.084656279	-0.110986027	0.106108082	0.057421154	0.053038353	0.021555946	0.014814583	-0.108359439	0.071207994	0.075694214	0.084824727	-0.081749246	0.044201446	-0.176333794	-0.004340566
UMARY	1078	-0.53945822	-0.842062206	-0.115963017	-0.430740221	-0.163246531	-0.262868503	-0.515120209	0.3455998	-0.062916535	0.474363418	-0.238487854	-0.286671927	-0.276648126	0.003359449	-0.149686819	0.328528498	-0.214906539	-0.432880418	-0.140734993	-0.257970899	0.109783819	-0.2390052	0.064185107	0.436246418	0.331646111
UMARY	1079	-0.271459325	-0.13288737	-0.135855092	0.209022772	-0.0861238	0.13124148	-0.160555357	0.015617426	-0.101219519	0.104747922	-0.153738615	0.045920326	-0.071230466	0.118650257	-0.131536644	-0.09720326	-0.06417747	-0.025618481	-0.189876038	-0.209884361	-0.108782291	0.019879434	-0.096197066	0.371326525	0.034172021
UMARY	1104	0.116251554	0.186896515	-0.05063031	0.009313162	0.007178333	-0.064431438	0.205666683	-0.009210093	-0.069050958	-0.192518226	-0.017650117	0.082046965	-0.039012325	0.237761757	-0.050065378	-0.005489714	0.099337941	-0.174076217	-0.089235649	-0.007369203	-0.090097374	0.093613337	-0.147999342	0.28359198	0.018463559
UMARY	1105	0.268542113	0.21994717	0.051735834	0.031565903	0.013752088	0.143851264	0.364544285	0.33313313	0.168771038	0.601808892	0.088615052	0.238254326	0.14950559	-0.206922239	0.164995446	0.040083508	0.166053073	-0.216706354	0.030434945	0.179743532	0.133540861	0.146040387	-0.099633128	-0.36366226	-0.195590529
UMARY	1114	0.171041214	-0.126922106	0.064034209	-0.043075755	-0.029069566	0.036181464	0.02128113	0.39133867	0.100854169	-0.24997929	0.110388925	-0.042510587	-0.016143002	0.113229346	0.054279376	0.071345366	0.07647618	0.226718636	0.090868901	0.016192917	0.027524422	0.032105983	0.087573521	0.139096826	0.351714551
UMARY	1133	-0.110409526	-0.521922766	0.112790418	-0.327823389	0.282987699	-0.286415954	-0.70599524	-0.059938307	0.172005847	-0.354682283	0.07693064	-0.305706028	0.033445059	-0.288657672	0.029760422	0.146683146	0.040118196	0.595573459	0.167544946	0.018333218	0.148811906	0.167843899	0.283218888	-0.492817949	0.306646627
UMARY	1134	0.161525351	0.06200055	0.038446899	-0.17180313	-0.142711818	-0.257190846	-0.2185471	0.03744275	0.08938037	-0.023149188	0.076773712	0.069503512	0.015432615	-0.199550304	0.085934154	0.06446443	0.000197016	-0.070374863	0.016181462	0.056752529	-0.102963186	0.016066762	-0.081799614	0.350827275	-0.063403274
UMARY	1136	-0.045164571	0.190801971	0.007616606	-0.074935331	-0.0102084	0.394925483	-0.199698637	-0.050787556	-0.091565968	0.270334158	-0.099596256	0.104165327	-0.088772593	-0.092645959	-0.065100749	-0.073723019	-0.111575882	0.068301008	0.03217293	-0.098253418	0.019635833	-0.134375513	0.025457767	0.060486883	-0.078120728
UMARY	1158	0.419815613	0.017695715	0.049194731	0.28486147	0.114964368	0.330206827	-0.164331708	-0.012081768	-0.012015401	-0.130514859	0.019141189	0.046350245	0.011222111	-0.192301447	0.029785267	-0.0494941	0.073226113	0.142354488	0.003440326	0.030438163	0.02778483	0.118209952	-0.041397418	-0.427446117	-0.138047746
UMARY	1170	0.122894656	-0.019163024	0.031788743	0.043829213	0.097052552	-0.053259694	-0.041105176	0.106196089	-0.002634746	-0.140913982	0.094820332	0.017256029	0.079698232	-0.013894579	0.112295985	-0.025919076	-0.063028838	-0.041383095	-0.067323518	0.050583239	-0.032256785	0.145341039	0.050857321	-0.257065044	-0.066774109
UMARY	1206	0.091835458	0.177851559	0.134704474	0.173865805	-0.037144154	-0.165272595	0.195161298	-0.019436025	0.014149557	-0.333043227	0.043429515	0.066247878	-0.006752529	0.030268425	0.039226868	-0.041819963	-0.021419757	0.219486151	0.018879388	-0.012922333	-0.007380615	-0.047848872	-0.074514044	-0.411557457	-0.089818557
UMARY	1209	0.029100672	-0.316830486	-0.043478103	-0.043869325	-0.031436262	-0.291496861	0.082644961	0.08471396	-0.030466551	0.456273324	0.016229495	-0.160587064	0.08463195	-0.257480585	0.150433145	-0.025640434	0.072876591	0.00370677	-0.043444949	0.053142123	-0.050549549	0.130372654	-0.094541992	-0.150709723	-0.068112641
UMARY	1226	0.295811328	-0.474118688	0.065517044	-0.158834813	-0.003524669	0.169999342	-0.552993976	0.784337499	0.055624589	-0.07891875	0.109734063	0.148269533	0.033615748	-0.088266985	0.073172492	0.055142201	0.079080397	-0.108231349	0.077845278	0.080883735	0.04342899	-0.011904355	-0.057889551	0.014783468	0.089802951
UMARY	1230	-0.033536323	0.163729064	-0.00290045	-0.067788425	0.044503477	-0.07488298	0.097786979	0.029733583	-0.046911019	-0.009371004	0.00520714	-0.031420652	0.096698575	0.118930323	-0.001097245	-0.00746666	0.049252468	0.082905025	0.024283903	0.029580679	0.045937553	0.089144285	0.100013813	0.08386246	-0.053181075
UMARY	1260	0.307824105	-0.260018932	0.115766706	-0.134559623	-0.05679718	0.149385896	0.259843712	0.098078448	0.17848013	-0.195243109	0.157169795	-0.051133687	0.137145236	0.206046794	0.183704652	0.064684124	0.211945432	-0.103200406	0.162130311	0.201304642	0.149850533	0.1528013	0.008548918	0.053633988	-0.036227348
UMARY	1326	0.11384918	-0.086422694	-0.034811132	-0.027307601	-0.082845692	-0.213931166	0.343727201	-0.383435223	0.07391449	-0.264801615	-0.020127184	0.179968497	0.003984007	0.090850822	-0.013685564	-0.0338302	0.093265628	-0.140342249	0.025919133	0.034684481	-0.049320389	0.078390903	-0.200335992	0.182624763	-0.157679495
UMARY	1454	-0.371314686	0.211631207	0.12558038	0.361969932	-0.017449664	-0.457151736	0.142855592	0.074708972	-0.033865149	-0.182340207	-0.080910326	-0.303471169	-0.076101074	0.302546942	-0.041782301	0.059775666	-0.018228625	0.17936774	-0.011049991	-0.089722765	-0.04862566	0.016043326	0.048832264	-0.429673273	-0.190633067
UMARY	1465	0.192341074	0.30894918	-0.075075037	0.367722943	-0.04805258	0.505087693	-0.237255988	0.193951497	-0.010795193	-0.066695746	-0.031418936	0.302053768	-0.015175077	0.218815614	-0.054037565	-0.020053255	0.02842255	0.074303191	0.040309253	0.018477765	-0.202130779	-0.004188248	-0.190936543	-0.161387655	-0.038961268
UMARY	1486	-0.071195765	0.03567508	-0.090892202	0.126030548	-0.106572475	-0.16437157	0.061845845	-0.094674137	-0.114185641	0.008275574	-0.121986253	0.033728925	0.052903471	-0.073553125	-0.13403294	-0.087832355	0.037070835	-0.065625988	-0.131125264	-0.020935522	-0.043640945	-0.052205825	-0.10353851	0.333003723	0.010193113
UMARY	1498	0.022126448	0.093004635	-0.082160918	-0.042067634	-0.091776994	-0.035610365	0.170120896	-0.013640765	0.01282381	-0.051032356	0.032934085	0.184267659	-0.050259671	0.066122258	-0.035549857	-0.059601348	-0.07205715	-0.052614356	-0.042625057	-0.004646339	-0.142217048	-0.115134738	-0.087535097	0.238850055	-0.048650802
UMARY	1502	-0.120007241	-0.170800965	-0.158796389	-0.106164729	0.050574784	-0.145534713	0.14134277	-0.11555182	-0.138976361	0.110932306	-0.148028622	-0.12889743	-0.112468703	0.044272007	-0.099444942	-0.067611358	-0.115291086	-0.166079953	-0.205053321	-0.104573024	-0.170898387	0.019533617	-0.185841376	0.03773215	-0.083296703
UMARY	1535	-0.083364773	0.126014878	-0.087579066	-0.055939779	0.040729085	-0.090574436	-0.017674129	-0.126831724	-0.011934965	0.012362221	0.032859738	-0.123522757	0.073680042	-0.02047261	-0.029355512	-0.0087881	-0.024764358	0.223470502	-0.039871726	0.00373245	-0.106840482	0.042216747	0.025725366	-0.153743713	-0.281965317
UMARY	1540	0.374137782	-0.258576559	-0.028093895	-0.414997113	-0.039961815	-0.088356869	-0.678164892	0.382106208	-0.066634642	-0.221543836	-0.015977196	0.197601882	-0.105241947	-0.190049533	0.030141918	-0.030936644	0.013252455	-0.43629213	-0.110493019	-0.074786732	0.010094702	-0.080633755	-0.08907737	0.349324377	0.049101543
UMARY	1541	-0.035656097	0.208774775	0.105686552	0.014295842	0.010013087	-0.3038076	0.237206437	0.056858271	0.082739012	0.045149043	0.048673235	-0.02603058	0.137679823	0.07194606	0.080914084	0.04808039	0.152722714	0.013155979	0.065545573	0.130640165	0.141904608	0.137261386	0.072320034	-0.014953203	-0.043880834
UMARY	1544	0.019104468	0.248358723	-0.076043028	0.135883795	-0.07205281	-0.162542455	0.516723875	-0.017808705	-0.011443045	0.140510651	-0.08443398	-0.068475316	-0.13640932	0.053515804	0.058866802	-0.046702819	-0.019372394	-0.215382191	-0.023688739	-0.048984664	-0.141710707	-0.042251469	-0.16044446	0.30149228	0.153551348
UMARY	1545	-0.142731649	0.256431218	0.01927452	0.003206117	-0.087695607	-0.354571369	0.30117147	-0.453347248	0.111586734	0.746148383	0.096569688	-0.254899108	0.086094797	-0.074622813	-0.004853914	0.072686635	0.027496338	0.129291414	0.137368286	0.027023802	0.219180512	0.083034697	0.119813713	0.209588292	-0.01999257
UMARY	1568	-0.2560543	0.245640993	0.074321024	-0.176297289	-0.010776208	-0.284037769	-0.09812023	0.226418413	-0.005359353	-0.114481185	-0.037658273	-0.2006233	0.031209357	0.232706254	-0.106297174	0.011344268	-0.054581373	0.252253397	0.023286909	-0.078645355	0.160095343	-0.062898876	0.1551171	0.157082587	-0.199619432
UMARY	1570	0.085383274	0.165740439	-0.032959207	-0.112641094	-0.025123995	0.125980486	0.133861651	0.213874984	0.081577793	-0.312744161	0.088309047	0.264429568	0.082313133	0.09243297	0.061730884	-0.057814737	0.077465205	-0.150962142	0.025929967	0.136316283	-0.002761072	0.041246181	-0.051764841	0.335015653	-0.025590427
UMARY	1571	-0.511796446	0.400370341	-0.010404572	-0.035567251	-0.077871996	-0.360039615	0.362083983	-0.221745298	-0.016781833	0.169555703	-0.067643436	0.158549361	0.015059481	0.131863174	0.004230912	0.009511098	0.009300474	0.138472691	0.095032815	-0.09622638	-0.000792868	-0.03112137	0.206555307	0.161551389	-0.092521617
UMARY	1578	-0.442662141	0.283199257	-0.126735773	-0.237547202	-0.066913375	-0.550175009	-0.006913264	-0.230550168	-0.083336833	0.275979771	-0.15528487	-0.081599375	-0.14691992	0.087815934	-0.117792264	-0.023054587	-0.112973205	0.074461122	-0.022869654	-0.146127957	-0.068522417	-0.082771696	-0.07316827	0.519998937	-0.051500997
UMARY	1583	0.00270944	0.112072288	0.08826527	0.220254144	0.042915261	0.544275377	0.271332962	0.052630315	0.064732411	-0.379144721	0.069059348	-0.258374927	0.176088153	0.656852822	0.02148736	-0.063635101	0.152580206	0.416384485	0.13849178	0.068100319	0.071334061	0.038835415	0.01880732	-0.816304906	-0.178095298
UMARY	1584	-0.211239926	-0.460100446	0.015552068	-0.385100641	-0.154435461	-0.286880199	-0.328154917	-0.040762372	0.080605654	0.003079834	-0.024590445	-0.183880161	-0.091994578	0.061944165	-0.066092107	0.077622257	-0.124380264	0.147570743	0.047271542	-0.020737775	0.032787718	-0.127990433	0.197837234	0.262193023	0.080938247
UMARY	1611	-0.235829463	0.282599303	-0.088423303	0.049379234	-0.066104364	0.89275249	-0.175239523	-0.318451859	-0.1385753	0.37066232	-0.134262661	0.167117705	-0.169755866	-0.137220473	-0.240009619	-0.072955342	-0.125245697	0.105457034	-0.169615534	-0.291564266	0.036335666	-0.223368172	0.234851347	0.279322212	0.2796789
UMARY	1612	0.131169264	-0.540730271	-0.007854128	-0.023329188	0.053196102	0.717279641	-0.355761919	-0.23918362	-0.080932384	0.007535997	0.036779418	-0.187806015	-0.040846364	-0.472865764	-0.00460635	0.130925547	-0.029686359	-0.056658863	0.109600924	-0.138392785	0.055437029	0.031476825	0.147547785	-0.356730697	0.179333364
UMARY	1613	0.087140398	-0.319188048	-0.027588031	0.538912249	0.091859315	-0.014176359	-0.240069242	0.327371116	0.091104729	-0.843607573	0.010293889	0.004873926	-0.057738301	0.191464318	0.011820896	-0.053039995	-0.015298705	0.295603122	-0.015787306	-0.034101839	0.163907743	0.067473763	-0.008449397	-0.514290442	0.046130302
UMARY	1614	0.030651697	0.526852552	0.045562003	-0.088674795	0.027689124	0.318255642	-0.299643551	-0.023521538	0.015984664	-0.027299889	0.01471181	0.037402689	-0.073288956	-0.227294557	-0.009663957	-0.001978049	0.018398194	0.235714857	0.101965065	-0.058511108	0.035730884	-0.019443602	0.175316027	-0.066085249	-0.146212838
UMARY	1648	-0.02586041	-0.179324953	-0.021122915	0.029233338	-0.050639069	-0.336726343	0.083597119	-0.157373343	-0.000477594	-0.098880074	0.039662216	0.380682676	0.062008205	-0.42163997	0.031041426	0.007385544	-0.002538008	0.032771819	0.038468409	0.004888503	-0.131243577	0.01893967	0.010326183	0.031883552	-0.128626012
UMARY	1652	-0.121960793	0.100341107	-0.047275228	0.440681548	0.055583433	-0.063162674	-0.163993163	0.267707061	0.050943733	-0.811580496	-0.03074825	-0.103982138	0.085367581	0.293918834	-0.029716332	0.085174387	0.033218555	0.206928772	0.090941879	0.048449488	0.029234366	-0.068972038	-0.047852714	-0.438362294	0.008337404
UMARY	1668	0.241010868	0.080274561	0.080246678	0.052901788	0.042658979	0.189619672	-0.075926051	0.069888282	0.184896837	-0.376538561	0.094144833	0.350457347	0.146077954	-0.152975207	0.096450286	0.048196439	0.13227329	-0.318376215	0.143772202	0.16739137	0.003108366	-0.006497892	-0.037880501	-0.037666266	0.081883902
UMARY	1710	0.036908789	0.203220166	0.044577361	0.227902771	-0.069426721	0.903178031	-0.144979232	-0.360100553	0.067963833	0.185057537	0.09279954	0.207011529	-0.113403342	-0.171657801	-0.030365316	-0.174770359	-0.062313751	0.099773488	-0.030081839	0.02346867	-0.179298575	-0.075565595	-0.09624591	0.415183875	0.01020949
UMARY	1712	0.247971984	0.32916523	0.053901604	0.154083329	0.07576806	0.278926567	0.279328395	0.044573633	0.107864772	-0.264468987	0.117203534	0.0592036	0.041961029	0.057639891	0.11279014	-0.00366337	0.130141684	-0.078747829	0.100696938	0.133718453	-0.001259979	0.121906489	-0.108286366	-0.157940231	-0.134199851
UMARY	1713	0.02050325	0.080422037	-0.102696189	0.116746298	0.050420265	0.175693776	0.263630611	-0.475616758	-0.076809475	0.161516155	-0.10130314	-0.036292504	-0.156039294	-0.415915592	0.075130369	-0.027068048	-0.015424584	-0.097586549	-0.034003405	0.081817094	-0.037422531	-0.02188495	-0.181544804	-0.347654771	0.1123424
UMARY	1715	0.215334311	-0.164185626	-0.004729859	-0.160532365	0.009540317	-0.015134835	0.261326484	0.258646521	-6.50E-05	0.090863264	0.013325131	-0.111271983	0.095489644	0.021075544	0.101358591	0.012087071	0.074557978	-0.053796748	0.008459216	0.09856351	0.037272399	0.005556114	-0.088625932	-0.580238135	0.069381868
UMARY	1792	-0.273518963	0.381477602	0.038357763	-0.036616241	-0.043331161	-0.247928729	0.411170221	-0.22546621	-0.03966415	0.210526541	-0.080698496	0.045804631	0.094223494	0.01694782	-0.001668826	0.079742108	-0.075570756	0.012071	0.022974718	0.035513393	-0.032992698	0.051307687	-0.07297559	0.187562744	-0.113382876
UMARY	1795	-0.007948636	-0.039793571	-0.00865227	-0.125891749	-0.110942791	-0.042514943	0.073924626	-0.10617731	0.035611977	0.288360898	0.038650641	-0.093003502	0.016053119	0.124516714	0.012553341	0.020403619	-0.034118062	0.157487143	0.014519296	-0.020718604	-0.057237105	-0.053196484	-0.094206624	-0.046720377	-0.223982265
UMARY	1797	0.025312624	0.166457673	-0.017898256	0.411620429	-0.021746587	0.037305382	0.376317292	-0.354388503	-0.018041157	0.407536505	-0.040237443	0.018817373	0.064158962	0.346397699	-0.008856316	-0.125253835	0.177884564	0.13686282	-0.009813566	-0.005675501	0.129208619	0.008163292	0.021235956	0.084101822	-0.278392092
UMARY	1825	-0.114768571	-0.01091112	-0.086467183	-0.005965361	-0.085540801	-0.03483918	-0.153842538	-0.227812943	-0.090125447	-0.114762835	0.003752312	-0.073157592	-0.032853443	-0.143606666	-0.068587604	-0.034829546	-0.0450668	0.090078958	-0.024508906	-0.044695905	-0.124520863	0.009228466	0.032674789	0.217941275	-0.208608776
UMARY	1827	-0.375215098	0.659944724	-0.009124976	-0.263967026	-0.006852987	0.331724709	-0.018871798	-0.026771451	-0.049991297	0.449084433	-0.043386669	0.00150409	-0.026276794	0.028510745	-0.068425507	0.102148338	-0.122443824	0.058836871	-0.059886053	-0.076113821	-0.034632963	-0.09926967	0.029296137	0.393370433	0.383964979
UMARY	1830	0.00835883	0.125626528	0.13078689	-0.100775388	-0.020452308	-0.340829807	0.359916446	-0.015303627	0.142577496	-0.045603353	0.204194971	-0.319793002	0.153883439	0.084438659	0.220544192	0.128241294	0.089918477	0.122887972	0.155957509	0.164712021	0.137489341	0.008819887	0.117885643	-0.639627437	-0.138542979
UMARY	1846	0.192459688	-0.131068327	-0.021591206	0.179057758	0.030369336	-0.203811041	-0.046000263	0.234726979	0.010835404	-0.04086861	0.034359076	0.067147084	0.017154797	0.122328455	0.037187855	-0.071700907	0.054037355	0.162545663	-0.006088768	0.149723479	-0.075450276	0.15552958	-0.098186252	0.004722128	-0.311683088
UMARY	1847	-0.107278107	0.256612487	-0.014759698	-0.053874396	-0.081358442	0.181222603	0.370980049	-0.099228671	0.047211102	0.850881135	-0.056602513	-0.161769994	0.041476126	-0.329501172	0.023757133	-0.149632095	-0.030473842	0.108215275	-0.038081687	0.096211291	-0.08054799	-1.86E-05	-0.023633079	-0.178418013	-0.071825743
UMARY	1849	-0.133871332	0.05235641	0.01165589	-0.253263105	0.086422897	-0.12086971	-0.136505829	-0.03666923	-0.045085112	-0.208668608	-0.050790536	-0.041251219	-0.115055294	-0.223383337	0.017727117	-0.022177634	-0.028544445	-0.003662353	0.009665037	-0.072016257	-0.109165461	-0.097356253	0.035559194	-0.181941911	-0.10503313
UMARY	1862	-0.056857981	0.352215795	0.099467426	-0.088743679	0.015664418	-0.225293543	0.205035355	-0.045413567	0.072814939	0.158508315	0.042758943	0.27230777	0.034178004	0.061786581	0.126969442	0.05060594	0.045839618	0.166489207	0.151182135	0.063310339	0.003018902	-0.01080461	0.032823286	0.018236895	-0.059306856
UMARY	1865	0.133088535	-0.199581368	-0.005739622	-0.035332956	-0.004152099	-0.237171498	0.263337088	0.11482837	0.092510554	-0.130556396	0.068206879	0.101770667	0.025139297	0.090490336	0.069892967	-0.039928454	0.079944921	-0.169932373	0.020459029	0.064920634	-0.113383426	0.054483615	-0.06530532	0.249246543	0.041190999
UMARY	1866	0.158109524	-0.021125622	-0.169233501	-0.112504097	-0.026574317	0.288604436	-0.11375118	-0.284662019	-0.033075439	0.179829047	-0.130471581	0.056275951	-0.154485641	-0.144741814	-0.059119601	-0.063188776	-0.140885539	0.040148945	-0.082054527	-0.116678747	-0.080690335	-0.150113466	-0.107671578	0.054815538	-0.014111642
UMARY	1867	-0.206964748	-0.242460335	0.000465973	0.028545105	-0.019458502	-0.558863213	-0.035991448	0.246252647	-0.007023327	-0.290865085	-0.03013001	0.41745034	0.023166632	-0.088003033	0.008125757	-0.078755938	-0.074046431	0.037052866	-0.094000833	0.010071782	-0.096399491	0.114833209	-0.043433722	0.612297733	-0.18946914
UMARY	1902	0.322504763	-0.405879263	0.0123908	-0.045405396	-0.095993251	-0.229367423	0.100622337	0.34382808	0.043824243	-0.191617612	0.049603743	0.127279999	0.050528511	0.035650731	0.060934207	-0.020293407	0.066280335	-0.029885111	0.083353335	0.095542418	-0.103706989	0.055870814	-0.079243965	0.513333677	-0.074757134
UMARY	1903	-0.036400278	0.06330589	0.030831188	0.141132294	0.084318611	0.059679555	0.277514524	-0.1968374	0.092438248	0.137905183	0.054800618	-0.077316398	0.068248531	-0.034058313	-0.012899416	0.043140706	0.052309365	-0.110464593	0.076844622	0.133777111	0.084497443	0.113642226	0.009791196	0.09549612	0.182456067
UMARY	1907	-0.033392464	0.553365167	-0.129807092	0.073710779	-0.011814912	-0.01647977	-0.545434756	0.10556549	-0.097111676	-0.231028755	-0.190649535	0.033834907	-0.129783286	-0.197169513	-0.074381038	-0.047220759	-0.151794905	-0.007844164	-0.112647653	-0.065167784	-0.045975169	-0.135482709	-0.203139878	0.253388181	-0.167071542
UMARY	1917	-0.190343032	-0.134253147	-0.034502922	-0.082169932	-0.048148656	-0.327888783	0.37413259	-0.209177961	0.006320355	0.456792223	-0.110791386	-0.076957971	5.18E-05	-0.039936406	-0.07394195	-0.048703433	-0.041930334	-0.036680049	-0.099599872	-0.067668532	0.02584598	-0.103169398	-0.011349456	0.100888754	0.093702236
UMARY	1935	-0.225324846	-0.299026678	-0.104269242	-0.080453289	0.012003127	-0.373260038	-0.181539851	0.022487665	-0.125607232	-0.147766815	-0.138388946	-0.130130115	-0.039908968	0.091205673	-0.226986895	-0.161726831	-0.031959364	0.150425331	-0.158540708	-0.188001491	-0.014838575	-0.071824355	-0.104503755	-0.312799531	0.297892129
UMARY	1936	-0.072643417	0.226581417	-0.044297011	-0.078492434	0.162329076	1.468553084	-0.218333049	-0.26937828	0.1157357	0.349247631	-0.021170944	0.015034239	-0.106026742	0.104232995	0.058371023	-0.014721963	-0.026307424	-0.165661356	0.077082026	-0.02510788	0.043157708	-0.053231721	-0.004243814	0.161158632	0.395131087
UMARY	1939	1.891580672	-0.610221244	0.338616978	-0.167090191	0.074429747	0.238512741	0.609851567	1.291482314	-0.242231094	0.228931195	0.443004925	0.569947606	0.532550445	0.210086875	0.562875167	0.08627159	0.393376578	-0.660509647	-0.224598504	0.762856895	-0.000306548	0.434011327	-0.277805149	-0.494222503	-0.384298567
UMARY	1940	-0.199483673	0.127242737	0.020311169	-0.209860817	-0.054442429	-0.105314947	0.012408893	0.183523704	-0.048298867	0.183115901	-0.06344672	0.063604458	0.015022654	-0.247693868	-0.009897906	0.017886521	-0.112287854	-0.079812825	-0.053100627	-0.115824747	0.055754433	-0.205365774	0.062559241	0.320593969	-0.111637026
UMARY	4263	0.167655662	-0.205298506	0.02535805	0.279221216	-0.001338243	-0.008308548	-0.352990023	0.157416849	0.002158778	0.113065031	0.035640022	-0.299579304	0.03581247	0.233439877	0.018085809	-0.004604527	0.085054665	0.142804216	0.006728603	-0.013019195	0.052549291	0.0651316	-0.107247928	0.052627304	0.177991582
UMARY	4540	0.331681944	-0.596980153	0.012186632	0.058248959	0.09964947	-0.021489901	0.051622775	0.276916338	-0.085472817	-0.384714842	0.046722452	-0.063803603	0.001303464	-0.063354842	0.083658019	-0.138067124	-0.015965018	-0.033728329	-0.081057704	0.050370674	-0.080157484	-0.098558707	-0.252120948	0.116929133	0.028514412
UMARY	4542	-0.389276044	-0.608695327	0.021352995	-0.4223721	-0.059726979	-0.450577331	-0.093896262	-0.196283463	-0.019309259	0.229245514	-0.091115598	-0.30718148	-0.022285618	-0.028127345	-0.067875405	0.053139192	-0.077115048	-0.201871031	0.027906257	-0.076538775	0.07461032	0.034527509	0.013533725	0.110717553	0.470550839
UMARY	4543	-0.007265542	-0.301135447	-0.029006166	-0.043170933	-0.060632069	-0.129548481	0.149581113	-0.150814893	-0.013677236	0.076434043	-0.074750815	-0.119366258	-0.078225507	0.173181722	0.003366411	-0.098848026	-0.083413441	-0.203490583	-0.094537058	-0.048483316	-0.066155217	-0.140674537	-0.173778595	-0.064857987	0.059641512
UMARY	4549	-0.119622862	0.412874159	-0.030230421	0.015140608	-0.057372482	-0.414693441	0.375985028	-0.164470421	0.000443728	-0.195674323	-0.003591516	0.260012982	0.044726647	0.020156022	0.025318504	-0.029707995	-0.017927829	-0.163724219	-0.093242762	0.039524931	-0.032309024	0.113651011	-0.09303006	0.656883674	-0.114565603
UMARY	4590	-0.426125052	0.137818347	0.044877778	-0.036986931	-0.098453508	-0.176581347	0.134698063	-0.232206476	-0.243522439	0.741254239	0.02936037	-0.218555642	-0.246696753	-0.110699804	-0.132629482	0.164938765	-0.054742547	-0.001746911	-0.082089329	-0.120305652	0.125433428	0.131404498	0.321882108	-0.169923127	-0.10257003
UMARY	4593	-0.041299413	-0.017206366	-0.053828908	0.276481355	0.183179346	-0.071635606	-0.102668924	-0.048860105	0.038047666	-0.379696524	-0.030510291	0.089415517	0.008919674	0.019722017	0.006386008	0.011662993	0.069702504	-0.204932896	-0.02114459	0.030893087	-0.061245912	0.00076087	-0.096297632	0.118349721	-0.081718782
UMARY	4598	-0.180255523	0.037365058	0.050988838	0.12080562	0.034318819	-0.20207385	-0.036145363	-0.015574681	0.015265523	-0.011252315	-0.098267361	0.163267154	-0.079624249	0.111565173	-0.028367362	-0.027723995	-0.116375068	0.117945097	-0.052473543	-0.102749395	-0.049184646	-0.047700863	-0.113655691	0.453281338	0.023429331
UMARY	4636	-0.056651887	-0.223128554	-0.099422603	-0.215560942	-0.274560562	-0.291011746	-0.041597062	-0.060489939	-0.074249177	-0.000702579	-0.1255696	0.05928473	-0.008623404	-0.020001404	-0.100438915	-0.038712718	-0.023467936	-0.11872735	-0.126825174	-0.063138551	-0.094900197	-0.15271082	-0.012131728	0.246533536	-0.08904759
UMARY	4640	0.075492109	-0.321397961	-0.113662066	-0.092103923	0.023147616	-0.170037508	-0.258266044	0.152820546	-0.12024536	-0.323453559	-0.033282685	-0.092881656	-0.01204381	0.003013228	-0.116699249	-0.147147645	-0.09264065	-0.046329905	-0.15656766	-0.136814	-0.087390896	-0.034288871	-0.011094623	0.26917411	-0.092341519
UMARY	4725	-0.106876158	0.02667042	0.007479859	0.272793094	-0.037940662	-0.207950626	0.350501984	0.14086867	-0.147225858	-0.09234781	0.053894991	0.12051035	-0.027891663	0.137294987	-0.096150023	-0.153514521	-0.083090608	-0.150284283	-0.079249947	-0.055905368	-0.019098569	-0.076678737	-0.088344117	0.518162535	0.015543557
UMARY	4726	-0.285304873	-0.032324444	0.001925638	-0.111841278	-0.032713435	-0.059551593	0.160972824	-0.542565969	0.016869672	0.415224962	0.013805731	-0.202942946	0.072688054	0.07055318	0.001354084	0.050646771	-0.018509811	-0.187909568	0.016025331	-0.03189967	-0.041746593	0.105761833	0.019946889	0.130787499	-0.069315777
UMARY	4727	0.114729823	-0.100520625	0.082054048	-0.094279088	0.092979924	-0.01265597	-0.207854589	-0.085695026	0.06664427	0.122438557	0.001797309	-0.414627122	-0.075293998	-0.463510399	0.068183907	0.076085091	0.03596526	0.185305843	0.10631381	0.021888829	0.01592552	0.044211134	0.083908224	-0.711665453	0.085657365
UMARY	4729	0.26745991	-0.072164592	0.103430158	0.233387134	0.110564393	0.244056569	-0.068353284	0.288555778	0.083455336	-0.166529856	0.155515278	0.063936996	0.038942794	0.069188013	0.052132152	0.03361455	0.049977232	-0.014741995	-0.027319598	0.223253704	-0.055101175	0.121225849	0.056662896	-0.267049049	-0.061412943
UMARY	4782	-0.30719998	-0.350603519	-0.013544008	-0.178370774	-0.033055189	0.050601408	-0.010530428	-0.361976092	-0.096999065	0.089082451	-0.028915767	-0.208055004	0.007905717	0.250364521	-0.12466549	-0.08266308	-0.128485352	-0.31623777	-0.109253386	-0.076183338	-0.141557132	0.055486398	0.041501046	0.291922372	0.004125694
UMARY	4786	0.010416354	-0.094981888	0.015865647	-0.11695883	-0.015774387	0.016197073	-0.647546681	-0.09664773	0.072818178	0.122786228	0.08551819	-0.083854638	-0.045042634	-0.093682243	0.123752746	-0.03218216	0.029933313	-0.061374535	0.09800704	0.109975796	-0.041430127	0.038393107	0.011549566	-0.287314898	-0.073501743
UMARY	4788	0.374922522	0.605193758	-0.37677388	0.440517822	0.183220776	2.420968563	-0.793303272	-0.203604302	-0.205392077	-0.526532892	-0.126992199	0.242219807	-0.154794885	0.10459379	-0.21793197	-0.113888891	0.140576093	-0.398755355	-0.252500712	-0.102759742	-0.132889293	-0.094300349	-0.069072217	-0.882179307	-0.211543473
UMARY	4789	-0.065276812	-1.089469971	0.117305746	0.501022135	0.377670162	1.950519689	-0.839111974	-0.339620046	0.20603418	-0.373124327	0.126415259	-0.209140211	-0.064533249	-0.290358053	-0.206015061	0.378420054	0.184430019	-0.232896421	0.163065651	0.078170804	0.136165147	0.107245755	0.274875975	-1.238730667	0.419059148
UMARY	4841	0.047794828	0.373005604	-0.006387646	-0.081986188	0.077777496	-0.139891346	0.227562667	0.329839209	-0.062442775	0.104476186	-0.051985441	0.268737429	-0.002617638	-0.320350004	-0.030458138	-0.013178966	0.036127772	0.25478233	-0.049004595	0.011792906	-0.022194649	-0.037067156	-0.026255886	0.064489968	-0.170228787
UMARY	4842	0.11672357	0.36057872	0.100204851	0.249832883	-0.083627327	-0.204178742	0.187330447	0.470188899	0.044966961	-0.605397121	0.133493881	-0.058343497	0.107201642	0.065076385	-0.021603881	-0.037168258	0.092200923	0.237003934	0.04533231	0.179054463	0.195328785	-0.045323955	0.001490223	-0.658825203	-0.25958378
UMARY	4903	-0.344930027	0.036814919	-0.038948066	-0.011682413	-0.031721743	-0.320908941	0.150321961	-0.111254536	-0.06796951	-0.132650115	-0.102140311	-0.178960521	0.037721028	-0.113341869	-0.084006325	0.008487854	-0.104371737	-0.115908604	-0.080410914	-0.012295095	0.055502822	0.035063973	-0.018388025	0.237162542	-0.040719557
UMARY	4915	0.036080462	-0.25324524	0.092774704	-0.051610072	0.171890996	-0.02370184	0.076014175	0.262676621	0.020957445	-0.072604099	0.032512084	0.183182594	0.077470612	-0.013735024	0.089076927	0.057188432	0.070747949	-0.089968631	0.09730233	0.049055153	0.240814948	0.099297548	-0.026021099	0.065924197	0.026569005
UMARY	4916	-0.135073382	0.482939193	-0.050365744	0.047066753	-0.184541769	0.011365691	0.177460642	0.149635741	-0.077143394	0.165547686	-0.017375476	0.030333289	0.011139672	0.058074287	-0.017618861	0.012656612	0.044188462	0.43387184	0.002494671	-0.066826517	-0.110796043	-0.064797885	-0.034322514	0.279659561	-0.192917652
UMARY	4924	0.326835641	0.084592809	0.022776885	-0.045226682	-0.051834841	0.349408519	0.309298946	-0.289740028	0.145759557	1.283976041	0.18111417	-0.284524376	0.300531595	0.076298661	0.272585655	0.157902745	0.211187956	0.089240455	0.22943094	0.29929966	-0.008963685	0.253378384	-0.036844068	-1.147843636	0.129167298
UMARY	5024	0.318566887	-0.008541241	0.046473637	-0.085861141	-0.114959878	-0.062606876	0.093058533	-0.078452784	0.026432658	0.165542177	0.000213985	1.070580916	-0.095652873	0.006996629	0.031008047	0.096908246	0.075741252	-0.291946427	-0.020130942	-0.034998678	-0.002428011	0.146537093	0.011538934	0.274062222	0.139039064
UMARY	5028	-0.228227183	0.00098379	-0.079608282	-0.166620482	-0.074797052	-0.446246758	0.134871195	0.046203909	-0.042656848	0.476031458	-0.137613181	-0.190392715	-0.014303862	0.355413523	-0.013070419	-0.121568861	-0.091011486	-0.031697704	-0.042833517	-0.076895121	-0.018931777	0.025432525	-0.005854544	0.085424417	-0.032576532
UMARY	5078	-0.12719725	0.009903945	-0.155315591	-0.304270108	0.040494822	0.133688174	-0.130081006	0.106507518	-0.144954669	0.01524005	-0.130444443	0.000664383	-0.110526012	-0.071023685	-0.090472311	-0.083143027	-0.174733209	-0.009780047	-0.088311953	-0.173388449	0.016464326	-0.117884818	-0.055971549	0.35897558	0.074361618
UMARY	5079	0.155451715	-0.330082039	-0.053364565	-0.178929039	0.108982223	-0.173640751	-0.08124492	0.079149582	0.065038053	-0.239456559	-0.029379415	-0.151745352	-0.046445806	-0.032539477	-0.029407965	0.064269718	-0.072380086	-0.217458642	-0.007333878	-0.076554055	-0.000262203	-0.017248842	0.038794301	-0.008154596	0.186502139
UMARY	5081	-0.150910661	0.194464493	-0.042169858	0.119040531	-0.077723767	0.052647612	-0.051560457	-0.09240288	0.010569288	-0.114099589	-0.049520688	-0.078004173	-0.007197616	-0.042137605	-0.04704904	-0.124933307	-0.156755471	0.114016168	0.010706025	-0.026938284	0.025131844	-0.023997999	-0.027858894	-0.011834726	0.058053964
UMARY	5086	0.262582466	-0.113693425	0.062978402	-0.011233323	0.187624374	0.512450336	-0.201178618	-0.124659759	0.043503854	0.114979426	-0.067621008	-0.19243898	-0.080973873	0.145576055	0.02877881	0.053857401	0.120391121	0.342256718	0.095303463	-0.071461059	0.049762472	-0.159410813	0.128423295	0.005717292	0.613212385
UMARY	5087	-0.162809399	-0.216851314	0.068610504	0.129881526	-0.112382048	-0.018511247	-0.077219821	-0.102750784	0.134027206	-0.320526333	0.054832955	-0.239591885	-0.046099197	0.196756077	0.111232647	0.136855646	0.065832855	-0.118571305	0.100164798	-0.00643236	0.040429868	-0.002092574	0.086072297	-0.154108383	-0.055130151
