FID	IID	1	2	3	4	5	6	7	8	9	10	11	12	13	14	15	16	17	18	19	20	21	22	23	24	25
BLSA	745	-0.208935807	0.6347679	0.303702202	0.020106855	-1.073310413	0.646098137	-0.883185344	0.405710027	0.450940937	0.445758325	0.106407739	0.543224473	-0.06533117	0.438070845	0.043613723	0.632649868	0.786920588	-0.550750169	-1.040304421	0.026600597	0.266800911	-0.309560443	0.056555137	0.335311311	0.269081399
BLSA	827	-0.797647851	0.457908219	-0.055331685	-0.07477995	-0.696728637	0.861287646	1.40329234	0.177489627	0.252264252	0.354739418	0.209912929	-0.045922762	-1.073928188	0.602032711	0.172871303	-0.049610287	-0.37659178	-1.283830341	-0.847624717	-0.215958761	0.337860065	0.00312431	-0.055762582	1.277766994	-0.043977496
BLSA	1556	-0.026661859	0.061953466	-0.137889926	-0.068123954	0.219183139	0.262807821	-0.239999234	0.311444481	0.043748364	0.301817014	-0.413428973	-0.138041726	0.758386606	-0.260470427	0.333835819	0.167089717	0.001660853	0.509071471	-0.236213367	-0.034171753	0.081255253	-0.264343321	0.200196798	0.028335917	-0.043991134
BLSA	1579	0.146801913	-0.113821115	-0.137338609	-0.166837978	0.913045435	0.763994633	-0.382626863	-0.023456408	-0.269000262	-0.318925691	-0.414496174	-0.0239103	0.066740456	-0.368494752	0.077226237	-0.418538859	-0.199617681	0.000718155	0.09226911	0.112333381	-0.081122013	-0.18065559	-0.167967557	0.135877354	-0.283924489
BLSA	1595	0.374260613	0.322620009	-0.184273846	0.668009681	-0.944775	-0.170384136	0.310817949	-0.244228496	0.713157385	1.252882392	0.858515862	0.056759193	-3.303860229	-0.05018589	-0.440188192	-0.007427018	-1.731323674	-0.159038516	-0.227927516	-0.101501178	-0.674838069	-0.813183228	0.157270136	-0.17520257	0.206140775
BLSA	1603	0.174037252	-0.345007607	0.290220975	0.087038289	-0.012456413	-0.267260177	-1.260003586	-0.092050575	-0.181462541	-0.143951524	-0.10708644	-0.115285772	0.305095277	0.120835888	0.06546626	-0.166629055	0.481621634	0.239325556	0.314904197	0.732135108	-0.026049367	0.070858503	-0.087963728	-0.33776846	-0.043514491
BLSA	1640	-0.334163036	0.283376266	0.210325082	-0.009462067	-0.077261378	-0.331923375	-0.436164643	0.10142778	0.016231389	0.057563498	0.142275659	-0.098947675	0.260708489	-0.206672197	0.06667391	0.002697705	-0.027983063	0.503880172	0.036529201	0.112019445	-0.137600369	-0.045497272	-0.0064806	0.029300991	-0.016414461
BLSA	1775	-0.308421343	-0.067746556	-0.383155912	0.035993914	0.038355154	0.342007731	1.764427515	-0.236205221	0.098622352	-0.249360928	0.089054737	-0.105047631	-0.60157966	0.638058172	-0.098976389	0.109397939	-0.380615053	-1.14508102	-0.257699877	-0.617475324	0.119294598	-0.185945956	0.037396218	0.649903036	0.050883764
BLSA	1802	0.014954333	-0.299730127	-0.040707349	-0.067939825	-0.109756054	-0.528693443	-1.096442382	-0.189858075	-0.252349347	-0.239896577	-0.100073753	-0.027868873	0.600145833	0.310327969	-0.119496696	-0.053473929	0.528318895	0.298312624	0.439846252	0.130780469	-0.087639685	0.110828338	-0.070229897	-0.425413996	-0.00530026
BLSA	1805	0.106753326	-0.324043521	-0.189404703	-0.147405223	0.815695282	0.306308193	-0.916328479	-0.194707812	-0.310015604	-0.30849984	-0.209362525	0.01392888	0.221143957	-0.155930898	0.075986766	-0.034107367	0.492931587	0.489130578	0.596993005	0.392390043	-0.152561594	-0.139288179	-0.186739036	-0.194641127	-0.10206616
BLSA	1838	0.031067411	0.059786595	-0.191125834	0.014721705	0.5734874	0.806376857	-0.672871374	-0.020068065	0.00139983	-0.164889823	0.08739465	0.051830312	0.347739213	-0.196472397	0.038100766	0.041160357	0.238361606	0.006242873	0.118664226	-0.200263438	-0.01580272	-0.025410096	-0.049842976	-0.107159334	-0.142994153
BLSA	1839	0.272299249	0.001699195	0.242587165	-0.073859283	0.363718176	-0.669237121	-0.201405161	-0.07425644	-0.337591254	-0.379979201	-0.162713889	0.144664263	0.666236644	0.380769614	-0.073334977	-0.078178606	0.472643826	0.42910077	0.022342455	0.264773505	0.153161308	0.433756267	-0.072077974	-0.263744809	-0.044808633
BLSA	1840	-0.002677601	-0.093524293	-0.071845838	-0.153518368	-0.080487245	-0.606970186	-0.145555111	0.32102519	-0.236800931	-0.312936058	-0.206584924	-0.125994264	0.431085907	0.038214788	-0.333140918	-0.105358769	0.179602785	-0.023843548	0.017982003	0.134337958	-0.108822393	0.263500116	-0.065507193	-0.282425887	-0.026965887
BLSA	1883	-0.092904705	0.213132236	0.070217117	-0.104620525	0.078765791	0.027887994	-0.229158119	-0.175415844	-0.029612382	-0.123912548	-0.080004901	0.152429263	0.290241309	-0.080965329	0.055739544	-0.094315181	-0.064727396	0.089639115	-0.015403924	-0.126581214	-0.033252671	-0.034790345	-0.290346996	0.03889366	0.008989492
BLSA	1889	0.193645563	-0.330677024	-0.058768765	-0.058703615	0.029368977	-0.816802881	-0.755225729	-0.077296398	-0.177289159	-0.441161776	-0.076699714	0.144768979	0.594429457	-0.182162672	-0.123854889	0.004919731	0.414520245	-0.027870206	0.389928795	0.077727452	0.086130246	0.13697737	-0.075329841	-0.241931196	-0.04346259
BLSA	1924	0.069310135	-0.093697624	0.013975324	-0.039351862	-0.145529307	-0.388429908	1.2027936	-0.055943901	-0.109737059	0.140996597	0.005730762	-0.037417033	0.189547907	-0.209099223	-0.192530512	-0.136237634	-0.436238346	0.08189105	-0.065877406	0.018434529	-0.126728026	0.062197494	-0.057346643	0.027536114	-0.037509083
BLSA	1961	-0.16522106	-0.033326683	-0.14218111	-0.010126886	0.218745166	-0.629095329	-0.541841791	-0.031579536	-0.07421071	-0.038331488	0.099648969	-0.087844102	0.622243338	-0.083798337	0.175220835	0.059136672	0.17765126	0.381824894	0.348635516	0.242924115	-0.017461912	0.306125308	0.062120914	-0.114429243	0.14264669
BLSA	2000	0.134436542	-0.322633007	-0.046756634	-0.10267406	0.37177962	0.071540742	1.488183871	-0.134945699	-0.042936301	-0.205341467	-0.230630307	-0.050466354	-0.017350898	0.182167801	0.230866238	0.058209922	0.284723131	-0.419380214	0.326720957	0.036839743	-0.03664639	0.026308688	0.229234549	-0.230533796	-0.04065753
BLSA	2020	-0.003308514	0.187413697	0.165512168	-0.054822056	-0.554204112	-0.21310904	0.227508281	-0.029357679	0.146828712	0.165246907	0.166569253	-0.018106511	-0.13676687	-0.281543132	-0.052066191	0.038258487	-0.313167555	0.046127669	-0.155502926	-0.327125278	-0.046572195	-0.126838832	0.06244388	0.316156334	0.030335643
BLSA	2037	0.088318902	-0.402588944	0.05579382	0.055057276	0.022159192	-0.033407562	0.669802286	0.025909765	-0.086986962	0.122522736	0.059580913	-0.251594356	0.296636194	0.029369314	0.152040119	-0.00850365	-0.19110131	0.012188598	0.312576282	-0.055664383	0.141955268	0.080075022	0.107012245	-0.430142706	-0.067027891
BLSA	2066	-0.065967745	-0.1174163	0.066367903	-0.04981075	0.162831588	-0.027743259	0.090452466	-0.036209234	-0.108738813	-0.261068021	-0.011532886	0.016053223	0.398385824	-0.228660594	0.186852346	-0.056952984	0.072473957	0.039789912	-0.098218362	0.068619544	-0.058756066	0.024239574	-0.121816771	0.063771431	-0.040085904
BLSA	2069	-0.031495436	-0.140532665	0.242015523	0.126121	0.586816357	1.003039008	-0.179597798	0.171676631	0.027919643	0.054499739	-0.040723348	-0.160104742	0.445255392	-0.233052442	0.123815847	0.13567856	0.293505106	0.495678392	0.265406124	0.292522952	0.403923316	0.265831158	0.151768869	0.001487253	0.186777677
BLSA	2093	0.176230992	-0.035311043	0.153422068	-0.148695721	-0.123789414	-0.589877857	0.351874463	-0.115982169	-0.097752742	-0.237463213	-0.038098119	0.255223151	-0.224157391	0.167614212	-0.304206609	-0.266184071	-0.118779852	-0.376020772	0.146446603	-0.284225058	-0.160964073	0.040093809	-0.183008629	-0.285751788	-0.068442982
BLSA	2102	0.255288726	0.497398928	-0.175359138	0.323683404	-0.575653302	0.181585513	0.431252841	0.21687805	0.563371202	0.529691529	0.266344478	-0.092329635	-1.071047397	-0.369953025	-0.06051434	0.226318451	-0.584789762	0.362892958	-0.484472211	-0.679472452	0.174436577	0.301597304	0.426421678	0.184804518	0.156287703
JHU	384	-0.159721161	-0.044828209	-0.312145052	-0.084837222	1.046572275	0.512882429	-0.543602151	0.019465738	-0.20656791	-0.119341613	-0.093978342	0.049622259	-0.079683062	-0.115062052	0.403799185	-0.134790731	0.009735906	-0.069644247	0.228343386	-0.372414073	-0.286910672	0.218126183	-0.004708331	0.22373025	0.140384663
JHU	705	0.318256756	-0.126120846	0.160208382	0.067613891	0.558346662	-0.382955475	0.59730832	-0.165445504	-0.226933288	-0.188169594	-0.13206335	0.128970397	0.289305394	0.578017559	0.034219293	0.03134776	0.599222332	-0.152533219	0.219123491	0.145952775	-0.323190371	-0.139160205	-0.128065082	-0.232198504	-0.119035096
JHU	710	0.255986818	-0.065004808	0.099925822	-0.026323649	0.199817116	0.351099731	-0.32631266	0.000241628	0.005904922	0.134054138	0.070595501	0.152286003	-0.25709211	0.090141523	0.171264989	0.026267693	-0.154105066	-0.261400189	-0.268685594	-0.256465956	0.047765673	0.05353917	0.109741924	-0.040561582	0.037178183
JHU	712	-0.037833279	0.241832285	-0.18080031	-0.056348681	-0.306918747	-0.460196991	1.331848125	0.060123039	-0.034322725	0.043016341	-0.056094941	0.255538408	-0.273455934	0.145153743	-0.088982798	0.040777593	-0.141376259	0.048057518	-0.209994663	-0.29180908	0.044892729	0.042118187	0.096875113	0.109448153	0.198292585
JHU	713	-0.032282232	0.099324101	0.290944519	0.199529959	-0.755674825	2.136660935	-0.063281838	0.44249848	0.142272963	0.113860822	0.235316139	-0.528970385	-0.285762021	-0.16862398	-0.237796086	-0.313437557	0.026287835	-0.180258828	-0.170512974	0.178258534	0.683136973	-0.090645735	0.297069426	0.508229168	-0.053773874
JHU	719	0.213908315	-0.237995236	-0.127739092	-0.111844985	0.504810853	-0.203410782	-1.084324554	-0.083225408	-0.05483395	0.003276575	-0.098689241	-0.045044163	0.311829746	-0.073749715	0.078917021	-0.065612061	0.618328988	0.468647919	0.340612944	0.497816142	0.019517733	0.197692222	0.111349085	-0.333422528	-0.077112336
JHU	993	-0.509183626	0.347469857	-0.178223324	0.03146104	-1.054418058	-0.065273687	-0.08842182	-0.1364202	0.346000095	0.035515031	0.177562506	0.114684509	0.055873169	-0.278466705	-0.262609002	0.299885662	-0.391677372	-0.192009866	-0.326873397	-0.547270078	0.015538474	-0.246839017	-0.534306469	0.259121975	0.006160642
JHU	994	0.087984902	-0.16968597	0.261907218	0.040662633	-0.074113749	-1.212563335	-0.85823642	-0.19095605	-0.054062722	-0.128180441	-0.1256531	-0.047670162	0.148628147	0.096727962	-0.273160387	-0.014843616	0.093713365	0.115699488	0.265191842	0.388806016	-0.1344241	-0.108779611	-0.091232566	-0.465341591	-0.180963936
JHU	995	-0.137116494	-0.044991173	-0.014078163	-0.059912986	-0.118421526	-0.676242824	1.035022998	0.053718278	0.082542616	0.105968741	0.023004828	-0.079416867	0.090356672	-0.274138334	0.174347784	0.130405257	-0.660129729	0.223441422	-0.077205035	0.257125719	-0.06632644	0.073948807	0.143276898	-0.02900534	0.04886917
UMARY	142	0.011277433	0.385192557	0.246870378	0.036592912	-0.788295681	-0.646818255	0.057674211	-0.034173827	0.005882352	0.044754239	0.096637013	0.180255718	-0.310140225	0.043310282	-0.226820703	0.015313907	-0.491717219	-0.054667957	-0.483373405	-0.130087559	0.086851277	-0.114100927	0.012004409	0.005397781	0.042958601
UMARY	602	-0.086686713	-0.096794436	-0.129222403	-0.053053746	0.770470573	1.089263857	2.089088079	0.169294571	-0.033330804	-0.22696969	-0.021675461	-0.034478266	0.020594576	-0.018580937	0.156002644	0.002135185	0.132591073	0.026405153	0.052611885	0.14715596	0.07469989	0.171296376	-0.009108341	0.058627894	0.049444769
UMARY	604	-0.075290392	-0.250228053	0.176539598	0.046869525	0.172944914	0.051155873	-0.283138768	0.061085882	-0.045739556	-0.001749381	0.145324371	-0.057528705	-0.013764291	-0.136575689	-0.085883718	-0.000569488	0.225364161	0.290940617	0.092792118	0.295994553	0.094797265	0.000101948	0.008993533	-0.150926316	0.000995141
UMARY	813	-0.143945719	-0.122134271	-0.132963872	0.072941368	0.64046367	1.336457333	-0.626559494	0.059194485	0.085438345	0.070296955	0.016584789	-0.011578953	-0.06979149	-0.019067734	0.294106777	0.036961834	0.044402261	0.147118955	-0.119858677	0.117009771	-0.072449811	-0.026441595	0.001008708	0.189825469	0.032734102
UMARY	819	-0.020493897	-0.024821478	-0.022721288	0.006758564	-0.180959506	-0.547129541	0.291509822	0.064455537	0.031399432	0.056272129	0.019952831	-0.002454734	0.00417741	0.297179919	0.0095067	0.022356466	-0.005408866	-0.185206427	0.180669105	0.279405192	0.022259321	-0.058312441	0.025145474	-0.211329166	0.034872865
UMARY	871	-0.193312059	-0.036435291	-0.121761858	-0.092531285	0.722056742	1.338395773	-0.194906854	0.03254661	-0.034892311	-0.013587667	0.053872898	0.078248483	0.004751919	0.094383716	0.298043671	-0.000600454	0.010561181	0.020574181	-0.010624499	0.117765251	-0.031176821	-0.015621938	-0.066222851	0.357430025	0.054734155
UMARY	879	-0.011748246	0.01484771	-0.111367104	0.061413528	-0.106392261	-0.343532176	-0.138663866	-0.068793308	0.077348967	-0.01230907	-0.03520347	-0.095409345	0.11995579	-0.070961798	0.013578156	-0.044441791	0.232205493	0.003894985	0.643138537	0.174464177	-0.073554078	-0.175871783	-0.047954579	-0.050894632	-0.012683946
UMARY	880	0.145001238	0.413762241	0.249481677	0.05188524	-0.076990808	-0.232215227	0.054235611	0.196700702	0.04285472	0.161100482	0.138427859	0.288528335	0.223009532	-0.043820697	-0.040313168	0.126145483	-0.235761256	-0.213144345	-0.526905561	-0.248913464	0.1217716	0.184126228	0.10107709	0.061227486	0.109624382
UMARY	914	0.023085896	0.062070929	0.396510859	-0.050240746	-0.475760134	-1.053889873	0.788594799	0.005081131	-0.030490455	-0.010771013	-0.007977667	0.043442534	0.288338191	-0.027598658	-0.311904618	-0.011523205	-0.009484052	-0.06912375	-0.152005652	-0.262443015	-0.022019042	-0.001300411	0.098513854	-0.206317339	-0.0292944
UMARY	933	-0.124958149	-0.074946947	-0.147135404	-0.118427408	1.06181714	1.53562049	-0.789822384	-0.041741034	-0.124659672	-0.240522765	-0.142817521	-0.02894733	0.285419824	-0.047115508	0.6205301	-0.049066308	0.01157945	-0.017484625	0.044105628	-0.083731262	-0.012442363	0.168282314	-0.004202945	0.521012718	-0.039780023
UMARY	1028	0.177758637	0.098322824	0.22077603	-0.115646819	-0.022394042	0.000555147	-0.507678935	-0.238790559	-0.179729445	-0.273290013	-0.14158112	-0.158503414	-0.061370833	0.284967053	-0.312308162	-0.169041828	0.206058394	-0.10026055	0.167558466	0.027522468	-0.032362966	-0.210081908	-0.132899683	-0.152140841	-0.059275132
UMARY	1037	0.164674354	-0.015564088	-0.102500866	-0.050304277	0.567527354	1.263346454	-0.275622852	-0.05289878	0.028186877	-0.056063866	-0.14443774	-0.154344598	-0.009442922	-0.171493131	0.279163921	-0.016216717	0.226596703	-0.080960205	0.015425187	0.245625919	-0.007474534	-0.054545431	-0.082178968	0.419588487	-0.034828598
UMARY	1064	-0.018229279	0.09881966	0.202201488	-0.160167951	0.004863893	-0.915987362	-0.246619021	0.044202926	-0.068742895	-0.17892866	-0.065248426	0.036840546	1.062761952	-0.568266439	-0.103368678	0.080671332	0.096988266	0.478397197	-0.225636134	-0.175961465	0.243106181	0.236987762	-0.044988357	-0.274135214	-0.010152152
UMARY	1065	0.195579141	-0.049752872	0.018971188	-0.058531074	0.144241212	-0.019685204	0.449873714	0.061534991	-0.012268491	-0.012156428	-0.004952224	-0.011617927	0.329999468	0.070806155	-0.142826161	0.195726751	-0.049538018	-0.163189678	-0.034490099	-0.116358757	-0.068507882	0.256863886	0.108861947	-0.089896339	-0.134707017
UMARY	1076	-0.007904307	0.153166977	0.133308354	0.018153108	-0.540005185	-1.152880189	-0.199441999	0.065626316	0.091200495	0.028094635	0.005927547	-0.027655961	0.122241155	-0.174506663	-0.126112544	0.046705618	0.002859655	0.203399899	-0.282148314	0.153254208	0.108581579	0.076892003	0.050819574	-0.118493645	0.137516777
UMARY	1078	-0.094585791	-0.358584541	-0.091511134	-0.213840944	0.181145374	-0.655776237	-0.308990127	-0.012789746	-0.181166635	-0.177468385	-0.21845929	0.173106128	0.581073637	-0.185025681	0.329025112	-0.241916574	-0.198907512	0.191763726	-0.088737073	-0.215287788	-0.108329823	-0.041459246	-0.145184516	-0.375102027	-0.183459628
UMARY	1079	-0.070099053	-0.034697712	-0.079872254	-0.031231126	-0.124845226	-0.705849429	0.063487136	-0.140882011	-0.164951207	-0.061294499	-0.171151599	-0.115170442	0.081317835	0.219908328	-0.057592969	-0.086725274	0.006987684	0.229098213	0.124286442	-0.072629008	-0.209103535	-0.123600337	-0.106470225	-0.076453421	-0.135910596
UMARY	1104	-0.105509928	-0.03218162	-0.08403016	0.133078384	0.198614226	0.318363629	0.070475884	-0.020963303	-0.032491634	-0.039390146	0.014057127	-0.088006193	-0.236182259	0.146807876	0.028268645	-0.013460917	0.082518218	0.134492568	0.14539819	0.076449507	-0.075101236	-0.033081242	0.028364802	0.102026392	-0.011290569
UMARY	1105	0.390127703	0.020204957	-0.104216938	0.092541753	-0.440712365	-0.35766107	-0.178743388	0.09704028	0.176860297	0.181544497	0.162105048	0.013203916	-0.38226637	-0.068624895	-0.149542777	0.036901418	-0.124509658	0.08657222	0.249333191	0.149840357	0.019070781	-0.02989582	0.126689332	-0.13114434	0.001176663
UMARY	1114	-0.186041975	-0.045770981	-0.003158782	-0.053931614	0.151763793	0.469328525	0.002410415	0.039993655	0.074897783	0.015879467	0.020528523	-0.065412822	0.248528924	-0.187705852	0.091585256	0.055877493	0.103355475	0.529169033	-0.080642207	0.377747273	0.08000522	0.141411115	0.126234326	0.080208534	0.051443917
UMARY	1133	0.224738201	0.070243854	-0.406361398	0.008365794	1.164621961	2.438520154	-0.681022854	0.171249921	0.022598987	0.022414596	0.026193462	0.017039499	-0.088055	0.00128414	1.136449797	0.167328412	-0.106424202	0.149794752	0.153906363	-0.143568273	0.12097582	0.28578522	0.131393562	1.055392782	0.088334801
UMARY	1134	0.091190858	0.009682112	-0.077581426	0.017175102	0.457866125	0.366653133	-0.135299363	-0.017690255	0.097195125	0.15723907	0.11243137	0.033670884	-0.17339038	-0.034843297	0.204412937	0.055023408	-0.006066333	0.100941598	0.131988231	0.082766421	0.038093392	-0.007051901	0.068587652	-0.018570198	-0.034404664
UMARY	1136	0.18492293	-0.125209351	0.129014877	-0.058615327	-0.276945426	-1.06701266	-0.090513732	0.001314741	-0.086539886	-0.120210143	-0.077850986	-0.013512969	0.184628567	0.139261697	-0.349701316	-0.025760369	0.033553101	-0.063748142	0.131578642	-0.159569368	-0.031654958	-0.03080447	-0.062200828	-0.216292017	-0.098203492
UMARY	1158	-0.173466477	0.128380428	-0.024698171	0.017868512	-0.101255561	1.188298265	0.24463382	0.036811638	0.006404478	0.057854428	0.069459673	0.037791724	-0.335304405	0.163356441	0.064687995	-0.060024524	-0.358535503	-0.113265998	-0.220640999	-0.2476568	0.092381819	-0.049435801	0.01564791	0.275508824	0.035471386
UMARY	1170	0.018482154	-0.072751229	-0.008379172	0.00597634	0.1994984	0.972613885	-0.454204603	-0.03990836	-0.001248292	0.070165874	0.057306306	-0.060986326	-0.32587614	-0.167900076	0.027320011	-0.031534423	-0.101730846	-0.029527699	-0.113657771	-0.243134683	0.061917154	0.019973181	0.012781325	0.266254067	0.013570476
UMARY	1206	-0.010837006	0.421753936	0.166836505	-0.012965694	-0.406242583	0.197913732	0.691264145	-0.022789816	0.085140494	0.049357203	0.018870477	0.106537199	0.189116764	-0.126027165	-0.112036597	0.000273872	-0.275161601	-0.464861024	-0.296141525	-0.169368385	0.170968582	0.005916338	-0.072299764	0.006472313	0.071581212
UMARY	1209	-0.166023148	-0.265958044	-0.168427128	0.079694977	0.276284601	1.562022039	-0.022819657	0.071226887	0.077762481	0.080811384	0.047924004	-0.095906211	-0.371193323	0.342849722	0.321233739	-0.061889027	0.082316767	-0.33367922	0.399981284	0.192245007	-0.086349833	-0.167775404	-0.072038804	0.319173978	0.024197144
UMARY	1226	-0.102088884	-0.171548364	-0.06783453	0.031301615	-0.068374086	0.081149693	-0.250765536	0.068361159	0.082319516	0.096900412	-0.007019105	0.210258217	0.032247938	-0.284337171	-0.02120878	0.054086156	-0.182309022	0.398059264	-0.312204071	0.128471373	0.045201642	0.040869779	0.09011945	-0.358412928	0.028716757
UMARY	1230	0.123380134	-0.069776877	0.082147723	0.070570518	0.651687147	1.085288835	-0.312079489	0.211215969	0.031430152	0.049622076	-0.079757745	-0.094940997	-0.339546915	-0.129476565	0.107042929	0.051365037	0.380066696	0.191313471	0.123210375	-0.071010339	-0.014811832	-0.009705562	-0.0176796	0.083686026	0.057885811
UMARY	1260	-0.056266458	-0.184509135	-0.002918156	0.201422503	-0.084166539	0.278540328	0.784050768	0.103691729	0.248777656	0.185131339	0.183438494	0.041947396	-0.127060535	0.325442476	-0.101640803	0.115579701	-0.044144109	0.178766799	-0.115550514	0.191259565	-0.018962278	0.075646061	0.131356807	-0.35047631	0.120956203
UMARY	1326	-0.132468575	0.012819681	-0.266242569	0.092206654	0.085446803	-0.401955552	0.00065346	0.056663761	-0.030952671	-0.030062735	0.097789111	-0.049096366	-0.073376307	-0.214086339	-0.01145636	0.02107287	0.154278391	-0.059514449	-0.077009875	0.295132573	-0.020631357	-0.025648467	-0.009893195	-0.01168224	0.056742746
UMARY	1454	0.002778503	0.117830565	-0.031037792	-0.074058177	-0.154421607	0.152379349	0.062350153	-0.021531031	-0.029882139	-0.045276314	-0.014781449	0.134956882	0.256322998	-0.336988279	-0.030705244	0.053367614	-0.292695444	0.164873188	-0.271662754	0.128477973	-0.095976105	0.00953003	-0.057913229	0.181996726	0.017160812
UMARY	1465	-0.084093707	0.225761702	0.220165117	-0.112828644	-0.992925236	-1.600353302	-0.281760239	-0.0349309	-0.04140934	0.016026063	0.011897391	0.084856203	-0.170973032	-0.021564162	-0.216662526	0.014846075	-0.220771456	-0.039758713	-0.16172235	-0.438118776	-0.180978026	-0.147281425	-0.076250295	-0.000585491	-0.07916265
UMARY	1486	0.056598296	0.035727801	0.07556663	0.021745502	-0.351756042	-0.490604052	0.014973331	-0.101338989	-0.010548378	-0.026065568	0.00674645	0.166525684	0.10558795	-0.042138999	-0.107835803	0.09222324	0.153522781	0.175389362	0.000926871	-0.214135373	-0.039256677	-0.136974812	-0.120505927	-0.080886352	-0.055818377
UMARY	1498	0.018463615	-0.060176363	0.012295563	0.050671614	0.243445101	0.000335369	0.173160518	-0.07590038	-0.05778989	-0.008737756	0.037038225	-0.010878076	0.050570743	0.077145615	-0.213274598	-0.111962251	-0.03250667	0.064050497	0.042492961	0.141484513	-0.065277216	-0.02569255	-0.016585858	0.129832286	-0.016916815
UMARY	1502	-0.06015197	-0.113938223	-0.250315418	-0.128329714	0.449748708	0.576045118	-0.056182695	-0.061281568	-0.145917138	-0.195087188	-0.089192847	-0.215471238	-0.037166467	-0.035342941	0.033903897	-0.134492923	0.00939349	0.123609821	-0.04603009	0.034604873	-0.043161321	-0.144022338	-0.144559031	-0.00304591	-0.121866662
UMARY	1535	-0.057633877	0.11887843	0.14813518	-0.077675504	-0.398589505	-0.60021564	0.38956097	0.057101162	-0.036575511	0.048390293	-0.076787388	-0.081060701	0.270274341	-0.22218311	0.012165883	0.027535335	-0.256900827	0.198341111	-0.121205858	0.085387278	0.026316011	0.035911048	-0.003261217	-0.145207865	0.018450153
UMARY	1540	-0.099725615	-0.327320172	0.198671832	0.046541066	0.596154675	0.716632152	-0.17708195	-0.188014266	-0.018345661	-0.014548649	-0.11768206	-0.133004793	-0.360896908	0.475670183	-0.058916965	-0.130090709	0.07324926	0.167619041	-0.005364905	-0.04129154	-0.045803135	-0.142814307	0.003112064	-0.239216099	-0.112864683
UMARY	1541	-0.02408596	-0.006512405	0.141084379	0.06779357	-0.017608398	0.536592247	-0.347732637	0.080978111	0.093013663	0.06473002	0.107202008	0.004672128	-0.079359606	0.223322537	-0.034869009	0.098865467	0.097087776	0.088626959	-0.001658212	0.090703908	0.104828575	0.094191978	0.019625053	-0.019194016	0.163607638
UMARY	1544	0.082921778	-0.270479443	-0.072814786	-0.01795387	-0.017423029	-0.288192539	0.133011434	-0.029644585	-0.056423866	-0.044592476	-0.072923358	-0.159226425	-0.275943445	0.152437157	-0.007603912	-0.106084564	0.352339606	0.082046291	0.151882041	-0.230680155	-0.027675114	-0.017284624	-0.039057416	0.086981108	-0.139107168
UMARY	1545	0.317859685	-0.114341041	0.019395934	0.118514628	0.387795375	0.902339789	-1.190911704	0.117831643	0.157917302	0.049739721	-0.007198857	0.046413768	0.034504362	0.132256041	-0.026475065	0.078679709	0.425656089	0.319735257	0.572765914	0.784936919	0.148680783	0.130092726	0.188611509	-0.255912105	0.041646992
UMARY	1568	0.088180109	0.112295293	0.27437634	-0.200769269	-0.583583061	0.204740755	-0.586182299	0.034972214	-0.12189235	-0.048468237	-0.103911334	-0.09084487	0.279918222	-0.365532781	-0.021652768	-0.011495114	0.020265082	-0.184287466	-0.193240525	0.446180981	-0.010108199	0.090750849	-0.027546546	0.049614411	-0.086380393
UMARY	1570	-0.141140068	0.082623986	0.023357234	0.003770156	-0.23697769	-0.357423223	0.087156092	-0.059064088	0.037426113	0.015495269	0.054518751	-0.028579212	0.057826094	0.197265167	-0.02621691	0.014737721	-0.107290275	0.061662856	-0.110958591	0.160937719	-0.027518384	-0.040919182	0.00994155	0.02030091	0.0845771
UMARY	1571	0.167207328	-0.206748342	0.101087447	0.004491165	0.157048135	0.038304661	-0.966050025	0.055267949	0.079017664	0.018309411	-0.073253941	-0.195686199	-0.015447496	-0.173760614	0.007900903	0.040616995	0.61426028	-0.141051261	0.18415756	0.458361619	-0.010956506	0.085506716	0.066140092	-0.162871949	-0.060045056
UMARY	1578	0.054406188	-0.174055911	0.13205319	0.004817079	0.404322907	-0.180706426	-0.710993083	0.022111357	-0.095952099	-0.12821635	-0.053727091	-0.052365022	0.408840132	0.039941991	-0.072560599	0.008983361	0.25494917	0.358943114	0.214152542	0.300166404	-0.108460636	0.043634286	-0.010515216	-0.273628537	-0.050393141
UMARY	1583	-0.2683635	0.476650811	0.35574863	-0.062508586	-0.583658198	-0.590553174	0.483756447	0.044528913	0.161925401	0.115731571	0.095780116	0.031789948	0.31452185	-0.242913294	-0.114102202	0.078532611	-0.523124011	0.275536367	-0.763235026	-0.409740382	0.195163481	0.065964032	0.156288995	-0.045066278	0.109093176
UMARY	1584	0.192470268	-0.132284981	0.002299494	-0.040029442	0.082969348	-0.070582952	-0.154936303	-0.032203048	-0.03007719	0.019877631	0.024734797	-0.124052939	-0.023633485	-0.013114182	0.163499394	0.002990805	0.229826649	-0.146298347	0.138177629	-0.000645853	0.015070894	0.14209567	-0.066030946	0.102613783	-0.055067691
UMARY	1611	0.153272321	-0.061279417	0.174454643	-0.084616635	-0.192108908	-1.427343454	-0.430739584	-0.128679926	-0.284991762	-0.305650176	-0.11738763	0.138587827	0.520691355	-0.14050918	-0.286537602	-0.053008784	0.545732509	-0.128238486	0.186735527	0.293954486	-0.021691775	0.070133556	-0.030803269	-0.31259522	-0.067477645
UMARY	1612	0.016020016	0.059830031	-0.439880473	0.074056353	0.217286011	0.313775515	-0.11353475	0.022055144	-0.033242579	-0.161025155	0.09365446	0.157173615	0.26936918	0.083666529	0.054855364	-0.115069707	-0.082483433	-0.107309113	-0.207260275	-0.300965159	0.1334311	0.129452301	0.113020444	0.201025132	0.041808567
UMARY	1613	-0.092430777	0.313713689	-0.008749153	-0.031999249	0.411870532	0.734168712	2.32964463	0.04967716	-0.028089231	0.025585815	-0.005391469	0.158598944	0.14134304	0.238023527	0.160522942	-0.03360887	-0.582275283	-0.463720415	-0.385575504	-0.39837354	0.100429466	-0.069553348	-0.000222568	0.503692206	0.06642536
UMARY	1614	0.093446321	0.13897499	0.47451372	0.005245134	-0.344288717	-1.003630039	0.001529332	0.161168832	0.008603405	-0.015986605	-0.007777949	0.305419874	0.245404872	-0.110878609	-0.000184889	0.066421907	0.008748064	0.202635039	-0.167235906	-0.01303952	0.033346133	0.130018896	0.029322273	-0.099760571	-0.007887456
UMARY	1648	0.251799948	-0.013864144	-0.103383095	0.091660486	0.022233296	-0.180218095	-0.34972312	0.037292869	-0.021381883	0.00966536	0.070414796	0.116253287	-0.169865749	0.076080112	-0.012461032	0.072866287	0.196402477	0.046316686	0.103257673	-0.206656259	0.021286327	0.03700632	0.125904122	-0.353071562	0.013291222
UMARY	1652	-0.340763307	0.603322132	0.166739152	-0.183867923	-0.152521324	-0.999204827	0.73292061	-0.027935365	0.017783406	0.009029915	-0.045496714	0.208470513	0.429086708	-0.156567397	-0.002700651	0.031581516	-0.82415443	-0.194813695	-0.569224866	-0.541739575	0.08327779	0.038784282	0.014620592	0.505909837	0.094581659
UMARY	1668	-0.120672784	0.077590794	-0.161656414	0.022111448	-0.380488448	-0.365745661	0.848882171	0.118722174	0.104092337	0.172882011	0.052068508	0.164443172	0.015763746	0.209677329	-0.010951445	0.117043277	-0.084411367	0.035559752	-0.198493776	-0.160486507	0.036180739	0.086792868	0.045627787	-0.008709127	0.051200593
UMARY	1710	0.121044152	0.024038765	0.081990297	0.075106975	-0.18371686	-0.879108047	0.019315875	-0.055644632	-0.018708655	0.026623742	-0.025408816	0.026336356	0.099471112	0.105262026	-0.202632544	0.217702737	0.12074381	-0.161745441	0.163651003	-0.17741011	0.001611622	0.047236438	-0.033359653	-0.288012886	-0.030136754
UMARY	1712	-0.050311779	0.159435761	-0.010653895	0.028356792	-0.193375308	0.162510043	0.526397059	0.020696296	0.0937017	0.077062307	0.086193117	0.043742428	-0.092514362	-0.024523766	-0.003696405	0.033999664	-0.200152647	-1.326674491	-0.279323279	-0.22159445	0.084870623	0.01942028	0.096226559	-0.056248211	0.141897956
UMARY	1713	-0.21664123	0.030895139	-0.117021445	0.029058509	-0.344801581	-1.228226539	0.1825398	-0.110119515	-0.080931113	0.026908464	-0.035365838	-0.008666775	-0.046331287	-0.225292505	0.009153436	-0.064914109	0.039412387	0.137570899	-0.089167733	0.430406973	-0.048866724	-0.035267907	-0.01851889	-0.119062941	0.003398555
UMARY	1715	0.06181209	-0.016485086	-0.219584129	-0.035393941	0.012402626	-0.286537716	-0.15249455	-0.052967416	0.061278285	0.067453997	0.07652869	0.032094009	-0.445963872	-0.023536735	0.050087927	-0.017855547	0.010581072	-0.158121879	0.003896747	0.023384583	-0.042320944	-0.053511413	-0.039895954	0.222630831	0.050550327
UMARY	1792	0.024576361	-0.005380404	0.22553347	0.050436539	-0.190401054	-0.889743133	-0.105976725	-0.102774314	-0.038976402	0.000357485	0.065726729	0.018944488	0.226311821	0.416621327	-0.205591209	-0.062930674	0.215079781	0.010097583	0.255736445	0.337016212	-0.069657905	0.039068874	0.034723923	-0.383303612	-0.045175345
UMARY	1795	0.163796913	-0.069374986	0.063746802	-0.107438087	-0.263302444	-0.589174153	0.441521323	-0.129522576	-0.01083551	-0.03462324	0.054281465	-0.058747638	-0.137299843	-0.035417037	-0.260923368	-0.047380597	-0.011445678	0.061941076	0.296347176	0.052837992	0.090369821	-0.098103918	0.021497895	-0.191935556	-0.014811137
UMARY	1797	0.168963582	0.05623161	0.163141523	0.07611067	-0.367586673	-0.214136235	-0.120751288	0.155805481	0.060294527	0.026054493	0.013159989	-0.121316261	-0.186686452	0.180798719	-0.265485535	0.044822033	0.314374627	-0.267019752	0.4139871	0.120846049	-0.028215346	-0.102165508	-0.108870945	-0.187179682	-0.006839505
UMARY	1825	-0.082686919	-0.026769105	0.019185201	0.026483756	0.518449018	0.742726639	-0.271652335	0.036410347	0.031054907	-0.123674543	-0.011979746	-0.100547777	0.024309638	-0.007367249	0.048881088	0.007319264	0.281690495	0.048605464	0.216344352	-0.128523179	-0.026649798	-0.105478728	-0.018400315	0.010953765	-0.061812593
UMARY	1827	0.179273416	-0.140797749	0.329936784	-0.005110999	-0.150547361	-1.013656819	-0.06445502	-0.083771639	-0.029487243	-0.061129734	0.017068581	-0.096015831	0.356593297	0.046632663	-0.19069971	-0.018924599	0.263725396	-0.021093653	0.318491785	-0.113668195	0.026945971	0.064351318	0.015742498	-0.466126039	-0.065556081
UMARY	1830	0.122006062	0.024505083	0.066788714	0.033944643	0.086370139	0.751016851	-0.192286936	0.144151613	0.199399345	0.181628778	0.126469231	0.074589202	0.120134736	-0.572120241	0.065054097	0.15229281	-0.375025809	0.337574511	-0.25372703	-0.135513294	0.204283167	0.151276462	0.076071503	-0.145400457	0.120129755
UMARY	1846	-0.205363862	-0.022911393	0.119090855	0.054119898	-0.433797951	0.840838053	-0.278240346	0.030085109	0.08948947	0.076555168	0.062920422	-0.081638662	-0.221675675	0.150443784	-0.017007312	0.066956369	-0.304277572	0.143601375	-0.020324048	0.513926454	0.031690724	-0.129221947	-0.094049851	-0.148759852	0.065978401
UMARY	1847	0.476688742	-0.16380205	0.08720212	-0.040029483	-0.301519291	-0.87889	0.281384682	-0.025984415	0.089133705	0.006100564	-0.004276997	-0.160947195	0.178571825	-0.032651974	-0.121387505	-0.025536869	0.032669588	0.164844228	0.398151334	-0.010883648	-0.011296564	0.015745242	-0.074769657	-0.355069556	-0.096477284
UMARY	1849	-0.035890494	-0.000172394	0.140968648	0.024504063	-0.38088292	-0.63041533	-1.043809484	-0.029359058	0.036804973	0.117046808	-0.079482724	0.075523045	0.544556159	-0.216877588	0.11356718	-0.046258273	0.00595152	0.130201473	-0.181451025	0.259833931	0.034420195	-0.101231523	-0.011367316	-0.280639529	-0.086480039
UMARY	1862	0.065299427	-0.151062069	0.072480322	0.084337763	-0.20377806	-0.542195749	0.989854849	0.036554895	-0.039084269	0.132686799	0.085438729	-0.0910855	0.065387833	-0.113583069	-0.314491311	0.111279609	0.237925731	0.026760845	0.018402177	-0.115395426	0.085322185	0.077282641	0.033320577	-0.165346617	0.041329785
UMARY	1865	0.150381065	-0.144430349	-0.104817189	0.127134693	0.039526955	1.166293378	-0.349171721	0.005914811	-0.042981471	-0.015325381	0.081895867	0.278093601	-0.165489049	0.139121528	-0.040933534	0.005508405	-0.137584863	-0.135671504	-0.08468945	-0.192922105	-0.048436419	-0.066003042	0.031562583	0.066207125	0.0930941
UMARY	1866	0.097348041	0.018605353	-0.01174642	-0.075016988	-0.33293404	-0.5965349	0.200793618	-0.164370544	-0.124328385	-0.127157654	-0.181198619	0.006148331	0.021172647	-0.121795539	-0.204479177	-0.100451404	0.011639637	-0.125931482	0.014510525	0.08011182	-0.015357257	-0.116118337	-0.068502749	-0.054083393	-0.120614387
UMARY	1867	0.031750577	0.004911159	0.072911479	0.272083315	0.169723782	0.524745718	-0.358904427	-0.033462824	-0.112221887	-0.038280065	0.011874666	-0.010862998	0.077908207	0.115371098	0.078088495	0.001049794	0.269615567	-0.065860924	-0.004065705	-0.153718863	-0.109348277	-0.11127323	-0.077712369	0.005221731	-0.0985853
UMARY	1902	0.078135084	0.034937121	-0.045668823	0.15336959	0.099149468	-0.172269347	0.071345841	0.061060593	0.03481742	0.143736093	0.057676192	0.02660342	-0.156846823	0.074749499	-0.070965065	-0.016026388	-0.106237111	-0.138469861	0.097277698	-0.143445575	-0.086074637	-0.025760293	-0.00273903	-0.067385619	0.006360932
UMARY	1903	0.19804636	-0.017286011	-0.169250973	0.121657869	-0.082914084	-0.543453061	-0.421709977	0.040951044	0.110350255	0.074110852	0.110230675	0.059769672	-0.052106644	0.164799632	0.030534217	0.078161515	0.160770465	0.124841976	0.195572067	-0.271794862	-0.071557784	0.036507245	0.021677409	-0.168605268	0.108665315
UMARY	1907	0.037923002	-0.00086047	0.039357461	-0.109628228	0.512479779	0.68719123	0.42401318	-0.139701377	-0.193383156	-0.132786416	-0.097744684	-0.019796524	-0.137515238	-0.022954019	0.144924532	-0.116741283	0.133445436	-0.178154316	0.032698021	-0.098779815	-0.141570784	-0.095947652	-0.075127032	0.275052392	-0.204934556
UMARY	1917	0.394998418	0.089209241	0.104204712	0.137294904	-0.492620512	-1.084316963	0.320980812	-0.057450489	-0.125806259	-0.107314531	-0.021894514	-0.080312156	0.124727786	-0.046430415	-0.334873812	0.027228769	0.118210816	0.017909319	0.228315612	0.040817614	-0.1130965	0.03134822	-0.078844879	-0.398895795	-0.033865464
UMARY	1935	-0.213401876	0.010067245	-0.198163331	-0.146896689	0.957511214	1.716890677	-0.681729691	-0.134289997	-0.208300399	-0.081179103	-0.042266816	-0.16326186	-0.175376867	0.543424177	0.301321145	-0.050907395	-0.173795037	-0.000674719	-0.12043191	0.228813297	-0.164475323	-0.068575758	-0.090192579	0.316271355	-0.188138139
UMARY	1936	-0.039003167	-0.180944549	0.05382438	-0.068821947	-0.007063556	-1.174492992	-0.595377186	-0.025826845	0.083412133	-0.042634141	-0.039038146	-0.03645357	0.04550728	-0.164562627	-0.00730325	-0.042680376	0.015570618	-0.014032252	0.267630924	0.101095398	-0.108858154	0.148379849	0.084053907	-0.30170863	-0.042197216
UMARY	1939	-0.9573957	-0.114488359	-0.322040242	0.268904679	-0.889309499	2.014590514	1.166216796	-0.083329721	0.40941846	0.430113998	0.445629513	-0.04609631	-1.510096717	-0.595877751	0.02431843	-0.198750169	-0.303670057	-0.428497883	0.066163405	-0.265759277	0.200497911	-0.780797366	-0.140586917	0.750541745	0.474719151
UMARY	1940	0.191620371	-0.165014017	0.271438842	0.008052206	-0.092709386	-0.494890687	0.497721196	-0.038013037	-0.008442264	-0.075885255	-0.044697707	0.006620527	0.153152341	0.031510436	-0.154669253	0.025341703	0.233058557	-0.24963938	0.073418918	-0.347563129	-0.020492631	0.136037015	-0.032803291	-0.137317324	-0.022158269
UMARY	4263	-0.049959836	0.309259641	0.020565008	-0.01584007	-0.532220452	-0.128352634	1.3733278	0.186471377	-0.000975412	0.0745715	-0.05070443	0.104000447	-0.55454407	0.51097812	-0.169234812	-0.067084025	-0.369472626	0.117490422	-0.348138965	-0.146353542	0.025901957	0.018776757	0.276790588	-0.25341354	-0.017004153
UMARY	4540	-0.121427517	0.013233874	-0.680249185	-0.007050395	0.708426268	1.644571824	-0.657468328	0.001618239	0.015435174	-0.033832261	0.020030689	-0.051864882	-0.773239127	-0.174199472	0.251519274	-0.094476569	-0.180215716	-0.299649288	0.03206877	-0.227195769	-0.059222398	-0.187922996	-0.136232287	0.834759639	0.036000681
UMARY	4542	0.099273758	-0.134444091	-0.413510263	-0.060789255	0.740833264	0.836766444	0.302655114	0.020358501	-0.024507098	-0.026451698	-0.059587317	-0.106655446	-0.199700385	0.075643675	0.153243852	0.052764634	-0.09829747	-0.387848876	0.162531376	-0.151969526	-0.056852147	0.105571711	0.067687099	0.174305547	-0.055987375
UMARY	4543	-0.145051092	-0.116341289	-0.336294184	-0.043521622	-0.006216236	-0.616702561	-0.460538079	-0.14617692	-0.08849222	0.100422475	-0.124925282	-0.047608062	0.119754594	-0.24932978	0.022271968	-0.154756274	0.106618935	0.138047885	0.108929329	0.163962117	-0.121280454	-0.109551785	-0.021264425	0.055736477	-0.08835231
UMARY	4549	0.117185693	-0.098890024	0.054070419	0.153389954	0.255639084	-0.490384515	-0.451821457	-0.063894204	-0.050753667	0.026178379	0.069572175	0.042276861	0.129844169	0.27060117	-0.171151088	0.037494317	0.424874041	-0.068077703	0.150172432	-0.320279133	-0.030740916	-0.095356026	-0.049102933	-0.120017008	0.000705488
UMARY	4590	0.318051021	-0.077873402	0.376673246	0.017803404	-0.142335123	0.110231463	-0.244350037	-0.020627677	-0.067806362	-0.27630918	-0.131097314	-0.101697587	0.535358814	0.354930372	-0.209793809	-0.042229638	0.376524164	0.30427573	0.424173647	-0.038293946	-0.026439744	0.179896523	-0.0670417	-0.456465326	-0.001444244
UMARY	4593	-0.048155543	0.211695784	-0.039123635	-0.045458079	-0.349581385	-0.558987812	-0.235602844	0.028527406	-0.073168976	-0.00601806	0.033281984	0.16267615	0.012937854	-0.151207056	0.120989131	-0.013314243	-0.213536349	-0.061316788	-0.278946732	0.072854726	-0.005974504	-0.026670017	-0.018306975	-0.081705655	-0.009855089
UMARY	4598	0.023246459	0.192700468	-0.08695274	-0.057984087	0.269639001	-0.14976466	-0.482770076	-0.097198042	-0.11800809	-0.030247713	-0.048626532	0.035739692	0.109444077	-0.033703811	0.070473559	-0.069205261	0.150330019	-0.066327719	0.09373444	0.233727468	-0.153474378	0.004912887	0.025099162	-0.120202945	-0.122410694
UMARY	4636	0.05300336	-0.079666829	-0.220887048	-0.002461358	0.385994172	0.203293403	-0.375799903	-0.006950042	-0.107591913	-0.079658619	-0.063239426	-0.010497508	0.099386212	-0.243194783	0.026587325	-0.078580833	0.063746763	0.249748635	0.060592771	0.088962459	-0.07472618	-0.056776672	-0.101511921	-0.01041331	-0.039002774
UMARY	4640	-0.167915511	0.145885305	-0.231459428	-0.226382864	-0.003764901	-0.151519621	0.758223496	-0.012088004	-0.056878878	-0.041614022	-0.057930009	0.113632063	0.543517214	-0.153005219	-0.009898282	0.042357264	-0.113125621	0.265452502	-0.038599151	0.079170899	-0.156254587	-0.110634452	-0.092417639	-0.049486903	0.063980457
UMARY	4725	0.028175663	-0.055417259	-0.030833799	-0.026798745	0.038295725	0.082504869	-1.061966569	-0.102628491	0.014276118	0.007020491	-0.06705551	0.003976463	-0.079010958	-0.06417867	-0.057919367	-0.102333059	0.333271619	0.084903911	-0.093599354	0.471217778	-0.135247711	-0.155205695	-0.170648508	-0.100098472	-0.065541843
UMARY	4726	0.219542828	-0.171732201	-0.101021473	0.071198784	0.310907934	-0.019914274	-0.607473283	0.002094236	0.0124286	-0.037092565	-0.009693598	-0.093774204	0.03816893	0.093131294	0.024523413	0.07209862	0.213835604	0.158754642	0.307056661	0.448602828	0.037048296	0.05927108	0.010289786	-0.251216796	0.047824289
UMARY	4727	0.038069617	-0.07753992	-0.28999468	-0.031792806	1.018255166	1.844497653	-0.623023842	0.018711333	0.063286383	0.039458404	-0.034552667	-0.108024114	-0.281054092	-0.114372684	0.474395545	-0.051028976	-0.027423631	0.157043724	-0.013373988	0.09080437	0.082115727	0.106692965	0.114730225	0.503604955	-0.045916857
UMARY	4729	-0.210513049	0.063547967	0.014612152	-0.077307647	-0.208717221	0.559551555	1.100935028	-0.000613302	0.151452968	0.106086688	0.145647053	0.067450764	-0.365578417	-0.172124483	-0.100335474	0.007463648	-0.306474685	-0.283713868	-0.048083766	-0.355325809	0.006046672	-0.080246317	-0.014550035	0.201911914	0.094018569
UMARY	4782	-0.24006075	-0.130015542	-0.002737123	0.015049266	0.380940055	0.190705609	-0.093786674	-0.118007449	-0.088176986	-0.201752358	0.066797363	-0.052121826	-0.180953872	0.215716819	0.059241883	-0.103967966	0.126082678	-0.141949924	0.146909372	0.258925668	-0.063214001	-0.03083964	-0.133096765	0.092937644	-0.064749714
UMARY	4786	-0.087507695	0.034705699	-0.04319693	-0.003941399	0.131730135	0.631222103	0.124035767	0.084892282	0.047607989	0.058850905	0.021033825	-0.013598649	0.265931816	-0.054732739	0.170481253	0.023333744	-0.149561716	0.316616544	0.14306775	0.099517055	0.089708903	0.016828441	0.103542622	0.03817121	-0.011463312
UMARY	4788	-0.622776822	0.220591129	-0.413173547	-0.305631562	-0.776141679	-1.135398678	0.952093254	-0.251564609	-0.1196222	0.038071607	-0.243771249	-0.168679775	-0.373675017	0.203506813	-0.020823402	-0.238738042	-0.532549903	-0.095722557	-0.327625777	-0.214337388	-0.154499231	0.112323725	0.183829025	0.894106204	-0.019143982
UMARY	4789	-0.493390582	0.109129379	-0.468333499	-0.090106865	-0.224995438	-1.561593348	-0.041458082	0.123463924	0.170524267	0.060828033	-0.173374528	0.078637971	-0.730475733	0.020028293	0.392168969	0.218321058	-0.109145238	-0.210228833	-0.319053108	-0.034121247	0.123806938	0.178035862	0.030542124	0.393830351	0.041287381
UMARY	4841	0.373026732	-0.025314163	0.210075744	-0.021528381	-0.204641314	-0.583754501	-0.238548345	-0.031349901	-0.049897669	-0.055988927	0.008214486	0.037806847	-0.14525119	0.044387142	-0.13751453	-0.015475133	0.206592939	-0.920406196	0.135078221	-0.087209773	-0.006838643	-0.002321024	-0.092363492	-0.213559872	-0.05886692
UMARY	4842	0.190271843	0.278882691	0.094956971	-0.031574644	-0.672633449	-0.012161912	-0.170044722	0.045074607	0.071374636	-0.007066438	0.005400348	0.12949789	0.151559115	-0.280286138	-0.206487432	0.030461264	-0.50988219	-0.095619763	-0.685331739	-0.485053045	0.082044603	-0.081292396	-0.002748589	0.181671196	0.094208098
UMARY	4903	-0.095014645	-0.261374876	0.09477506	0.031993649	0.658361127	1.221322926	-0.652051837	-0.120186943	0.044641359	-0.121591618	-0.049721024	0.012930909	0.224593041	0.309392462	0.140183859	0.028047239	0.361305676	0.166094825	0.011356605	-0.027227709	-0.01612174	0.020122623	-0.045381739	0.003351767	0.065733791
UMARY	4915	0.125760318	-0.08445192	0.013747079	0.113589431	-0.339665983	-0.234830516	-0.542969059	0.106719841	0.047392827	0.099748542	0.103039152	0.157871702	-0.410831211	-0.036313043	-0.092899231	0.076966236	0.006141131	-0.208969432	0.023150098	-0.20320132	0.085369306	0.043228108	0.047660043	0.009948684	0.05976668
UMARY	4916	0.355759341	0.060986121	0.499594691	0.144009703	-0.565658014	-1.225910656	-0.003042647	-0.009688663	-0.064260293	-0.11665472	-0.06729803	-0.006804583	-0.139121846	0.19057841	-0.393590539	-0.036487149	0.414531534	-0.215629506	0.248076067	-0.291164052	0.010127472	-0.047430853	0.091256106	-0.076457276	-0.021245086
UMARY	4924	0.192094299	0.182017582	-0.013622796	0.32846874	-0.450685793	-0.360841771	0.290242969	0.322569028	0.247136998	0.568225417	0.16458576	-0.203267991	-0.350934382	-0.042001438	-0.014761257	0.201750116	-0.368224953	0.07739085	0.265446563	-0.090905409	0.172957436	0.003843878	0.173424467	-0.130058743	0.244484778
UMARY	5024	-0.162040422	-0.27731818	0.060727349	0.031009763	-0.330218576	-0.59336159	0.784633721	-0.020733244	-0.032830286	0.017935166	-0.008538088	-0.077662931	-0.578430574	0.385472878	-0.136448259	-0.032162882	-0.191857676	0.018350505	-0.241157484	0.15334564	0.010686551	0.067916812	0.204895279	-0.143271049	0.019979638
UMARY	5028	-0.018412797	-0.135454133	0.222046286	-0.153224408	-0.307600675	-0.595423951	-0.251546977	-0.076664562	-0.015715578	0.034827717	0.036898365	5.60E-06	0.296971602	-0.303038376	-0.048275325	-0.059356694	-0.297501781	0.128691854	0.029484186	0.212313583	-0.093327601	-0.03501164	-0.079069124	-0.252738781	0.008478683
UMARY	5078	-0.127956649	-0.109087822	-0.11693034	-0.098297856	0.474422477	0.628733793	-0.40756811	-0.094641268	-0.137362571	-0.134346841	-0.099895582	-0.085615382	0.068786039	0.00978179	0.00949557	-0.179854034	0.037183031	-0.001234529	0.074326497	-0.099342082	-0.074100776	-0.006324148	-0.052060884	0.148507953	-0.099595108
UMARY	5079	-0.360311718	-0.127709354	-0.370602141	-0.053683641	0.536159502	1.353519737	-0.096577455	-0.027111818	-0.054568201	-0.035563486	0.019278328	-0.07373989	-0.153812084	0.026971336	0.457964561	0.000363196	0.011124759	-0.128645501	0.043386329	-0.089242137	0.063819117	0.092095514	0.010801211	0.333119281	-0.003544863
UMARY	5081	0.060966288	-0.011562658	0.018260724	0.105860654	-0.162368683	-0.992962662	0.328776527	-0.043253991	0.015311825	-0.1123403	-0.011085467	-0.090967858	0.366073729	-0.096355303	-0.12322563	0.132170052	0.235188683	0.099260533	0.164075474	-0.202776441	0.032112749	-0.103740444	-0.116988593	-0.214505753	-0.077522214
UMARY	5086	-0.078513696	0.163329224	0.206527853	-0.057191807	-0.14309442	-0.178415826	1.428098484	0.073303154	-0.003778759	0.003994539	-0.100876179	-0.05385559	0.162712949	0.376357518	-0.055126905	0.055278763	-0.039329862	0.220514528	0.032101211	0.12626846	-0.008102478	0.161407271	-0.087596272	0.06136097	-0.046326898
UMARY	5087	-0.105012967	0.015368955	-0.06242635	-0.056535931	-0.297915419	-0.599035974	-0.012315426	-0.00252186	0.102103374	0.089386527	0.05921148	0.104905509	0.353529459	-0.182715622	0.085775426	0.0236426	-0.230433701	0.378805777	-0.197260193	0.07049344	0.044037209	0.126462492	0.047458658	0.022708538	0.00533947
