FID	IID	1	2	3	4	5	6	7	8	9	10	11	12	13	14	15	16	17	18	19	20	21	22	23	24	25
BLSA	745	-0.19339089	-0.139400893	0.373911065	-0.833497954	0.61167702	0.007577559	0.120342391	-0.084611162	-0.493972512	-0.230605977	-0.36035803	-0.326753352	0.123488772	0.070420208	0.262246115	0.352183186	0.236232808	0.711859302	0.214490541	0.62691229	0.941839308	-2.375749587	-0.452968479	0.216467779	0.209854582
BLSA	827	0.008442539	-0.144068244	0.592166578	-1.289694863	0.199031189	0.008325514	0.228844269	-0.653917631	0.324669044	-0.230028622	-0.306217908	0.455572876	0.301104672	-0.016252721	-0.414172438	-0.095972767	1.225838517	0.293305547	0.118453016	-0.091570834	1.497245276	0.254058648	-0.613685657	0.023207347	0.190023103
BLSA	1556	0.048366949	-0.155408536	0.073012243	-0.980412091	0.048675451	-0.027165075	-0.161835479	-0.685058838	0.274831757	-0.166864703	-0.010492437	-0.1937431	0.003340941	-0.082934289	-0.125825786	0.228540716	-0.035696553	0.043981707	0.08173627	0.235098771	-0.081016107	1.1550933	-0.122454712	0.198164601	-0.009508865
BLSA	1579	0.255476966	-0.162751363	-0.368706419	-0.151164317	0.036966724	-0.133339135	0.028738312	-0.066700406	0.40851624	-0.109122681	0.205187454	-0.378051722	-0.270359245	-0.037087266	0.059298317	-0.202671887	-0.024396608	-0.446239135	-0.355948646	-0.228543199	0.19469799	-1.172122659	-0.031243953	-0.064144984	-0.088492923
BLSA	1595	0.045699153	0.615589141	0.790132061	0.326956471	-0.845378151	0.299534002	-0.202609467	0.660757651	-0.694589705	-0.237181874	-0.548101605	-0.070768208	0.458057109	0.253053483	0.437072972	-0.279113797	-0.054294967	0.707833791	-0.188478611	-0.98048996	0.347252738	-2.422071432	0.425833934	0.162768531	0.752634038
BLSA	1603	0.191109035	0.059992284	-0.238861914	1.292697411	-0.046431133	-0.274029993	0.045923788	0.553715487	-0.312061533	0.293785527	-0.128276887	0.045977199	-0.114822413	0.139962491	0.338634187	-0.136891472	-0.42141723	0.0104199	-0.246548761	-0.098311023	-0.359008291	0.318308016	0.676093408	7.71E-05	-0.098899184
BLSA	1640	-0.02112108	0.179538934	-0.118702571	-0.474980749	0.097802516	0.237275697	0.214849314	0.145834782	0.510412223	-0.138121729	0.262272406	-0.23599923	0.060290547	-0.210299507	-0.165184725	-0.028612643	0.140550576	-0.021089546	0.306203205	0.069746039	-0.288895269	0.73725401	-0.250936232	-0.007619942	0.097453831
BLSA	1775	0.022023108	-0.410083506	0.268555578	0.582149553	-0.497955006	-0.109779552	-0.122996123	-0.816658379	-0.279859227	-0.306319413	-0.257456499	1.838813882	-0.162450712	-0.071257484	-0.53919936	-0.203239873	-0.255024462	0.1309426	0.004785524	-0.135332689	0.580603664	2.134918855	-0.053263888	-0.409101335	-0.124089089
BLSA	1802	-0.012034039	0.03377922	-0.295939707	0.736842341	-0.011931978	-0.064997774	-0.062604195	0.43183195	-0.062276191	0.157704656	-0.003870951	-0.017472863	0.023390913	0.087695036	0.330602234	0.01297241	-0.458298694	-0.204341226	-0.11693687	0.039321046	-0.765893655	-0.038129731	0.377480711	-0.03556722	-0.230841585
BLSA	1805	0.151590072	0.122828205	0.074146739	1.615843557	-0.159532287	-0.186533219	-0.053734603	1.006126965	-0.373220179	0.435945382	0.246493018	0.143286163	-0.213617675	-0.063007635	0.185442145	-0.186297548	-0.185143104	-0.016090671	-0.337773992	0.003699133	-0.449556686	-1.140999704	0.887656804	-0.039898192	-0.159245772
BLSA	1838	0.048527308	0.077678599	-0.004679962	0.117477978	-0.007487744	-0.195741527	0.038325868	-0.383122906	-0.442928631	-0.067169054	-0.092639701	-0.012066521	0.053867139	0.12605746	0.08992239	-0.198194187	0.012218621	-0.178831569	-0.314977055	-0.09942353	0.335459451	-1.021444555	-0.193938845	-0.074139183	-0.102097037
BLSA	1839	-0.092998869	0.224312386	-0.230708633	0.848283227	-0.006638338	0.027567603	-0.045181406	0.133630965	-0.362507972	0.285786495	0.012575051	-0.108177568	-0.120317887	-0.129509257	-0.145590186	0.149325983	-0.200754514	-0.193900998	0.108969438	0.230655716	0.004182093	2.2978808	0.47924295	0.100185982	-0.113488009
BLSA	1840	0.116259199	0.077159735	-0.18089161	0.607911863	0.16748019	-0.12244428	0.028144156	0.245472282	0.096622829	0.120754486	0.104346227	-0.209859004	-0.058405776	-0.241644117	0.037943285	0.102814404	0.146843593	0.013249212	-0.05082779	0.181811164	-0.605223508	0.966677411	0.245082666	-0.003089402	-0.223581983
BLSA	1883	-0.036428026	-0.186627416	-0.120243021	-0.272639678	-0.110420657	-0.043474502	0.079477551	-0.255631724	-0.040319724	0.004807227	-0.087165788	-0.239471166	-0.209542173	0.062797097	-0.00505808	-0.047843883	-0.01946225	0.002435662	0.09125436	-0.036292052	0.165155746	0.207133644	-0.076480445	-0.156000592	-0.143298606
BLSA	1889	-0.076988863	-0.163945481	-0.331999896	0.94470961	0.141061777	0.03165678	0.044725193	0.270891919	0.067631456	0.190500155	0.235093347	-0.223456004	-0.242484351	0.01764362	-0.058717456	0.045758741	-0.445783757	-0.096435973	-0.001544208	0.175344925	-0.81205406	-0.602095139	0.226492069	-0.170053239	-0.172803227
BLSA	1924	0.043931223	0.212514726	-0.097549224	-0.024690051	-0.184257552	-0.042966921	0.055881191	-0.439122804	-0.201560177	-0.110094758	-0.076755314	-0.305285899	0.001844161	0.298108892	0.076287497	0.148479807	0.458994781	0.003814163	0.022842508	-0.058468941	-0.457533936	-0.324160991	-0.208360744	0.023756038	0.021473309
BLSA	1961	-0.031918179	-0.121364735	-0.160772999	0.761413827	0.023463024	0.083431591	0.126224932	-0.057665487	-0.169989827	0.535232199	0.243068337	-0.191205165	0.106979333	0.252978465	-0.134491675	0.217811339	-0.211423712	-0.051412538	-0.021645317	0.269330585	-0.012840582	1.271266664	0.579412254	0.231994355	-0.011041953
BLSA	2000	0.122013007	-0.220842516	-0.194498577	0.473917016	0.008604535	-0.248824926	-0.051184713	0.124804163	0.051099567	0.003377068	0.306058908	0.927182297	-0.171620106	0.006331514	-0.091795618	-0.00327256	-0.110699655	-0.133507281	-0.088998508	0.052700746	-0.350370757	0.214741699	0.123542405	-0.057391321	-0.208152093
BLSA	2020	0.032551468	0.063513944	0.090737126	-1.108403471	-0.010112895	0.152393551	-0.131566837	-0.097011254	0.35435343	-0.273986418	0.009211059	-0.308220937	-0.069086681	0.039655166	-0.157383717	-0.022696508	0.010576319	-0.082232213	0.150927059	0.068433973	0.067325252	-0.68250914	-0.518292062	-0.111098757	0.036603655
BLSA	2037	-0.197757944	-0.032973998	-0.08023961	-0.627027228	0.192902412	0.266153789	-0.159773256	0.70844513	0.819531721	-0.113693259	0.277502959	0.137088635	0.097978591	-0.334016189	-0.184667414	-0.00921818	0.060459787	-0.321480823	0.231894739	-0.071693402	-0.132065594	0.720563729	-0.470473318	0.125795165	-0.252880995
BLSA	2066	-0.043128469	-0.143339053	-0.16731572	-0.040829515	0.036963884	-0.018706027	0.019321089	-0.654124702	-0.076280098	0.127242121	0.148559733	-0.181953508	-0.149829454	-0.038660937	-0.091224068	-0.043555281	-0.047163109	-0.172715855	-0.017200571	0.058975271	0.122106016	0.553413007	-0.20594257	-0.006262077	-0.051019668
BLSA	2069	-0.160281357	-0.077801778	-0.019770881	-0.364118889	0.390152738	0.20187666	0.216143972	0.861478125	0.50969424	0.085058464	0.232644065	0.182433706	0.181525655	-0.084232056	0.194226469	0.151236729	-0.023323551	0.001159196	0.227623467	0.165434763	0.075831516	-0.882748511	-0.146880444	0.12927533	0.275530276
BLSA	2093	-0.006952278	-0.242724962	-0.236439493	-0.247591404	-0.165845495	-0.11153513	-0.072319127	-0.521076122	0.026164079	-0.22890579	-0.26731506	-0.313387303	-0.106934435	-0.243629189	0.008750107	-0.065173536	0.057581096	-0.138250006	-0.174647124	-0.12817377	-0.149849522	-0.577061776	-0.129644716	-0.092799639	-0.068710585
BLSA	2102	-0.212990033	0.534425307	0.584658848	-1.893152644	0.091209778	0.263745315	-0.183136819	-0.428288005	0.066039192	-0.0280995	-0.144362384	-0.414483209	0.477603075	0.197827214	0.092884808	0.113630808	0.14358607	0.137526755	0.356347322	-0.249165021	0.132608919	0.407783443	-0.546271137	0.015473688	0.474578778
JHU	384	-0.305961436	-0.2153401	0.055487244	0.676006056	-0.223055289	-0.066613249	0.027378591	-0.041038437	-0.546957884	0.26752887	-0.059857796	-0.045540037	-0.245713541	-0.066495286	-0.01873992	-0.092789621	-0.112314186	0.2130669	-0.180703572	0.151001243	0.11537959	-0.220745587	0.604948307	0.066899107	-0.07209976
JHU	705	-0.276765944	0.122416989	-0.251896362	1.135742425	-0.116550963	0.02196888	0.004009721	0.354382208	-0.738913854	-0.264306093	0.003000712	-0.176509908	-0.249630273	-0.066541493	0.048972157	-0.084759479	-0.417650693	-0.044079669	-0.351844965	-0.04530482	-0.191028999	-0.416283518	0.546603533	-0.079640151	-0.196126704
JHU	710	-0.147799787	0.034526207	0.004211596	-0.011392487	-0.065330687	0.077301941	0.151748868	-0.480279876	-0.362397837	-0.009939543	-0.182238221	-0.287757368	0.099683141	0.078519631	-0.075862784	0.130309997	-0.100198989	-0.047193922	0.052940949	0.203138026	0.102875288	0.210476771	-0.152617992	0.232845773	0.10395714
JHU	712	-0.195338584	-0.025255918	-0.120854038	-0.521331577	-0.042697664	0.069764712	0.279481287	-0.461854005	-0.347171375	0.020317993	-0.187006443	-0.182432992	-0.048402119	-0.021975844	0.137588865	0.152841128	0.0275603	0.209395232	-0.037976223	0.15240505	-0.239749651	-0.004290789	-0.121628034	0.098419474	-0.052646445
JHU	713	0.814591581	-0.325485328	0.458423531	-0.665669607	0.120121895	-0.325891894	-0.958237835	0.22069226	0.70196749	0.043768493	0.030269918	0.907818485	0.413597744	0.103335797	0.432965538	-0.122213668	0.621062231	-0.155166245	0.555365588	-0.727740589	0.858882563	-0.981115392	-0.838086532	-0.355565822	0.122644149
JHU	719	0.441755469	0.060417869	-0.299253328	0.457055543	0.0593811	-0.009042443	0.183801422	0.428721916	0.18220411	0.137644414	0.507350252	0.114561087	0.016483126	0.062987161	0.134823874	0.23009809	-0.286219648	-0.122442349	-0.177307353	0.047025745	-0.518505542	0.132864647	0.345653996	0.192946507	-0.025291297
JHU	993	-0.35224512	0.09080951	0.380674726	-0.882469939	0.275109224	0.107207032	0.036502828	-0.029552034	0.527492004	-0.10515315	-0.294053957	-0.364657312	0.017147742	0.023660995	-0.311509296	-0.375616065	0.537827981	-0.024369799	0.184760741	0.202877647	0.250820456	-0.071418339	-0.262322301	-0.206481106	0.2195677
JHU	994	0.168040225	0.149520042	-0.212568735	0.596894044	-0.054760003	-0.030781628	0.058510526	0.415409346	0.294443628	-0.205146775	-0.036629444	-0.00263073	-0.097620216	-0.007014319	-0.112827756	-0.021914567	-0.202791331	-0.006246681	-0.146758499	-0.088424021	-0.352910025	1.180799248	0.227408593	-0.07773947	-0.169530506
JHU	995	-0.146276403	0.108390729	-0.014224632	-0.784834459	0.047782387	0.156086649	0.216804592	-0.406481378	0.289333719	0.11528579	0.21916498	0.037148774	0.094454397	-0.106476641	-0.235410679	0.184044184	-0.067275665	-0.022963468	0.101523333	0.10502172	-0.02576368	0.169712958	-0.349959569	0.128315689	0.069525723
UMARY	142	-0.145090431	-0.241120253	0.130759669	-0.602984278	-0.038440535	0.059955252	0.040426682	-0.750381281	-0.130151812	-0.164830028	-0.313783733	-0.350469032	0.133991008	-0.055129503	-0.037674214	0.019374664	0.260464964	0.266241347	0.127173156	-0.011539423	-0.105423212	-0.235239502	-0.572390867	0.024881887	0.061034808
UMARY	602	-0.006940506	0.010716546	-0.133304986	-0.266802198	0.178748636	0.042054388	0.250563447	0.110127103	-0.107057593	-0.160202153	-0.073131588	0.305819405	-0.07057226	-0.059737623	-0.257193132	-0.000246919	-0.193902216	-0.067015746	0.173625138	0.190117818	0.252530452	1.453114727	-0.061851816	0.018794242	-0.059388417
UMARY	604	0.094637337	-0.02501449	0.008644209	0.199281099	0.057669978	-0.000706666	-0.015907781	0.709346611	-0.0478392	0.025427055	0.147508444	0.197252999	-0.01622004	0.084361412	0.091469192	0.136095589	-0.307890792	-0.042126046	-0.137257339	-0.081492134	-0.25966822	-0.981906467	0.137227549	-0.046989979	0.02258887
UMARY	813	-0.00390713	-0.168421379	0.08002395	0.566213583	0.012403414	0.031010609	-0.054014763	0.189411398	-0.229937517	0.14175737	0.003248923	0.178027304	0.063567371	0.001639037	-0.246097731	0.01784736	0.059583354	0.16828964	-0.004436272	0.079455055	0.131834107	-0.468049577	0.404635647	-0.038111809	0.014750128
UMARY	819	0.076068973	-0.030428733	0.051896389	0.331744183	-0.076507169	-0.047174761	-0.062612107	-0.055757955	0.105818049	0.085615283	0.036434647	0.221343672	0.10660031	0.123827335	-0.072536135	0.011722114	0.079084338	-0.084577723	0.024573503	-0.102873632	-0.317839439	0.095644332	0.181226059	0.005513631	0.050525535
UMARY	871	-0.025048424	-0.25319748	0.042087958	0.55778349	-0.009825811	-0.028140727	-0.043632163	0.254000812	-0.169800717	0.219258328	-0.096647374	0.179379174	0.084384281	0.049079708	-0.036235407	-0.020825489	0.10330498	0.020041623	-0.041818691	0.021540094	-0.24322102	-1.099136602	0.43513593	-0.026479377	0.011699449
UMARY	879	0.129555623	-0.142101894	0.066075291	0.479647683	-0.018316506	-0.091079854	-0.100274283	0.450175983	0.048256415	0.077546209	0.014443358	0.106137787	0.001045612	0.004421762	-0.073352559	-0.016333684	0.082075315	0.037674968	0.022948739	-0.056386248	0.009080043	-0.804949978	0.336086906	-0.102377693	0.048721379
UMARY	880	-0.019916009	-0.364072976	0.027313096	-0.688996826	0.200714216	0.150156271	0.106506337	-0.778798041	-0.344459056	-0.109742724	-0.111285764	-0.345781746	0.0655581	-0.117108128	-0.002737856	0.134076239	0.353716903	0.310958689	0.093124812	0.15283288	-0.144737191	-0.753807483	-0.227817012	0.098759503	0.068471188
UMARY	914	-0.107164381	0.45128175	-0.088882296	0.281389206	-0.02491022	-0.067415939	0.041226791	0.045807496	-0.127796235	-0.160007114	-0.064386543	-0.061651837	-0.06392456	0.078656047	0.053808432	0.007150605	-0.082753976	0.151686768	-0.004738714	-0.013331685	0.425478085	0.336022338	-0.055892857	-0.038662705	0.013682613
UMARY	933	0.109237165	-0.182322194	-0.245924683	0.144817412	0.092021659	-0.138372995	-0.045978147	0.007098041	0.020587019	0.171738947	0.243964153	0.402275552	-0.09106311	-0.128758175	-0.172701054	0.034831882	0.209466809	-0.31416495	0.036639946	0.060838965	0.096727451	-0.373748997	0.09235943	-0.082426952	-0.1394285
UMARY	1028	-0.006334154	-0.181577367	-0.146703331	0.687326508	-0.231270034	-0.091069303	-0.2176671	0.658148096	-0.162911796	-0.194451793	0.099080248	-0.038951933	-0.156619617	-0.012736496	0.111081811	-0.258206555	-0.01983503	-0.071302047	-0.297619382	-0.114571129	-0.881336953	0.392400351	0.361265716	-0.105179874	-0.148506193
UMARY	1037	0.204382924	-0.130992958	-0.027545553	0.484920349	-0.084706153	-0.072944364	0.012328854	0.198235623	-0.177940134	-0.11473269	-0.049264491	0.361052357	-0.081844729	-0.052207089	0.033914957	-0.060637894	-0.291371237	-0.109137958	-0.225801503	-0.058581974	0.516542999	1.81296583	0.059483813	-0.070226585	-0.018312385
UMARY	1064	0.094803267	-0.072009891	-0.140292345	-0.185729856	0.160631487	0.079613147	0.040539635	-0.420579908	-0.058211861	0.295805845	0.077704825	-0.30021978	-0.042370157	0.007398918	-0.154498416	0.151000204	0.048150895	-0.104188475	-0.008468649	0.270729976	-0.209425655	-0.467752195	-0.261966702	0.07206819	-0.142529022
UMARY	1065	-0.129080281	-0.46714046	-0.11562966	-0.10778296	0.054939114	0.215708571	0.075336087	-0.535310293	-0.354999486	0.163840721	0.031883603	-0.244010313	0.039302711	0.155554953	-0.041403962	0.024123111	-0.079673763	0.060454494	-0.178658132	0.189946297	-0.321407322	-0.3877456	-0.053456407	0.014975284	-0.085734217
UMARY	1076	0.060325631	0.271268231	0.136968454	-0.05853341	0.077443434	0.027244806	-0.057399132	-0.186059392	0.013897078	-0.040556039	0.190091074	-0.057388175	0.165413338	0.149565865	-0.175706341	0.083871682	0.068921509	0.118099777	0.064073004	0.065398861	0.146600631	0.21745621	0.063138869	-0.038662671	0.03955069
UMARY	1078	-0.414528824	-0.400506785	-0.219239924	-0.351366731	-0.047549631	0.06107551	0.008523844	-0.490739588	0.272665454	0.026462166	0.145371953	-0.504233662	-0.165280556	0.060503878	-0.241635226	-0.074571953	-0.009370603	0.157986184	-0.190031197	0.084129332	-0.892238489	-0.448925799	-0.177513871	-0.043739547	-0.069065447
UMARY	1079	0.010826174	-0.070454345	-0.199400817	0.401882794	-0.163345822	-0.162219407	-0.17687225	0.360465397	0.28710288	0.006530483	0.03097078	-0.225222674	-0.196121178	-0.159967549	-0.015957009	-0.156844763	-0.080676275	0.092338393	-0.132576557	-0.141309177	-0.026378513	0.743868456	0.275338802	-0.113169167	-0.117271315
UMARY	1104	0.007897083	-0.121890785	-0.046775911	0.431472585	-0.051271568	-0.044135001	-0.030833738	0.713529963	-0.168700713	0.090781332	-0.013344361	0.063143118	-0.015501541	-0.029944842	0.102888455	-0.099582331	-0.06022821	-0.093068827	-0.023914244	-0.10779597	0.090170949	-0.627388182	0.2770806	0.001245683	-0.026298552
UMARY	1105	0.006879224	0.333571622	0.120906771	-0.725262389	0.004294851	0.08939169	-0.056488298	-0.374916566	0.264463789	-0.156873288	0.082893714	0.025829682	0.144507603	-0.039056617	0.477984286	0.034874135	0.047499317	0.019952091	0.159436571	0.068557194	0.001316738	-0.717734304	-0.21987705	0.115259808	0.133219321
UMARY	1114	0.036805286	-0.197067022	-0.048635835	-0.023014974	0.125536792	0.055633809	0.109952114	-0.111896268	0.170263431	0.028070718	0.128641134	0.096273379	0.113984711	-0.163273206	-0.13382891	0.062473646	0.072735269	0.068133561	0.053393072	0.062367394	-0.590852512	-0.579292906	0.011037199	0.074476262	0.046558064
UMARY	1133	0.271145233	-0.250059803	-0.056949338	-0.281397989	0.179329934	0.055913764	0.319702659	-0.437645553	-0.328992832	0.002041743	0.205386571	1.013375763	0.058691565	-0.222847378	0.162202641	0.092821293	0.115487518	-0.034460812	-0.008655802	0.185694086	1.018638434	0.419098065	-0.018273003	0.244532639	0.109349684
UMARY	1134	-0.041636328	0.231931526	-0.003114293	0.206258059	0.035306084	0.012536954	0.063483958	-0.113127877	-0.082884168	-0.005811696	0.08811957	-0.033041514	0.084284842	0.061109235	-0.087290795	-0.006855401	-0.056233843	0.022709169	-0.015147892	-0.025601675	0.090336157	-0.104797904	0.25682954	0.007026322	0.083039174
UMARY	1136	-0.074270679	0.329473609	-0.00412389	0.259295732	-0.025022224	-0.072021555	-0.152904878	-0.123188115	0.039372176	-0.138292045	0.048603633	-0.170982462	-0.013671184	0.051361471	0.003225992	-0.01796832	-0.106105051	-0.13173498	-0.053983341	-0.045672793	-0.034024866	2.162657451	0.193340811	-0.010205734	-0.067513984
UMARY	1158	-0.012852146	0.197232072	0.017609114	-0.445385047	-0.039828769	0.076976883	0.0595372	-0.453799648	-0.00691119	-0.162650191	-0.311254479	0.196470653	-0.060257872	0.067981941	0.220272746	-0.014792875	0.10921937	-0.073403853	0.146454964	-0.108880695	0.174285505	1.401336774	-0.189626346	0.055619268	0.067648698
UMARY	1170	0.062012305	-0.105804535	-0.022636096	-0.396918467	-0.051711512	0.035770979	0.055470808	-0.561988511	0.046337239	-0.122277133	-0.093571357	0.057375174	0.007779891	0.025524661	-0.161078342	0.042631344	0.070415598	-0.026150669	0.02820541	-0.007263085	0.099716057	-0.197264495	-0.212575405	0.019994953	0.053953975
UMARY	1206	0.014340871	-0.050190592	-0.006910387	-0.646040629	0.045198957	-0.115210921	0.071398386	-0.581068702	-0.19291295	0.012639264	-0.204671158	-0.367089122	0.081020933	0.039272836	-0.005868943	0.081326907	0.347808551	0.035339966	0.055101869	-0.062462599	0.230966042	0.450891797	-0.410631784	0.033575946	0.018057953
UMARY	1209	-0.037392575	0.055266442	0.088229042	-0.240033913	-0.023203447	0.048585621	-0.014159549	-0.007360557	-0.041349956	0.025219848	-0.058068841	-0.110166169	-0.098673639	0.129092339	0.172024815	-0.090595766	-0.175170387	-0.076937057	-0.047552916	-0.066870534	0.333527117	0.443457004	0.052561359	-0.034911567	0.032959234
UMARY	1226	0.01072507	0.143072501	0.044935732	-0.248813151	0.041060536	0.03431816	0.036731199	-0.422655811	0.358551193	0.257313368	0.222101662	0.022902617	0.055847763	-0.103766404	0.143477156	0.097480038	-0.03037155	0.271120253	0.138488946	0.024287929	-0.616826946	-0.390899375	-0.148453169	0.085990741	0.074175421
UMARY	1230	0.055824439	-0.079637022	0.008543829	0.232865567	0.046449775	-0.040798146	0.079482138	0.395238114	-0.256328987	0.130231951	0.017434256	0.319043359	-0.063410307	0.035699451	-0.171418666	0.003976765	-0.092865144	-0.073543258	0.056402002	0.105435103	0.137305965	-0.244375035	0.093658407	0.052498268	-0.022372553
UMARY	1260	-0.095868519	0.285727632	0.182610923	-0.264807077	0.090389719	0.170715705	0.005962934	-0.060838144	-0.11008619	0.123004403	-0.036936152	0.028195343	0.214660828	-0.096163808	-0.038431911	0.067152197	-0.367880179	0.193975341	0.026192601	0.019447329	-0.320897636	-0.469631033	0.007355288	0.157957688	0.150518143
UMARY	1326	-0.038329079	-0.089242321	0.172310993	0.488328242	-0.050709082	-0.063205248	-0.00416105	0.4992195	-0.238474725	0.149020122	0.061639675	0.016014528	0.012976224	0.044804444	-0.169404346	-0.067622591	0.100317498	0.001693411	-0.050996292	-0.058925642	0.208453962	-0.973106093	0.183625076	0.013632623	0.034211553
UMARY	1454	0.030445683	-0.132643123	0.025934288	-0.748865014	0.147545767	0.003996762	-0.03588158	-0.283838789	0.114561076	-0.006731559	0.133526086	-0.193704202	0.05645228	0.120144856	-0.048621723	-0.006919305	0.178895571	0.054124586	-0.121920844	0.037401683	0.13838747	-0.724427706	-0.305498504	0.013543333	0.035793441
UMARY	1465	-0.297152262	0.080906262	-0.04293278	-0.350046224	-0.052299463	-0.026263916	-0.077456619	-0.43634323	0.390966601	-0.069174298	-0.092183368	-0.390562436	-0.001910976	0.058829814	-0.02697577	-0.091572133	0.197463675	0.033958688	0.13580331	-0.153517031	0.078145415	1.319394864	-0.348420329	-0.039022847	-0.04533235
UMARY	1486	-0.086200484	-0.0171334	0.015628511	0.36204963	-0.091516655	-0.031036912	-0.090884686	0.50466002	-0.176309376	-0.120398802	-0.091064671	-0.051840548	-0.116997771	-0.069205166	0.136438315	-0.106073361	0.107672252	-0.069941366	-0.126410389	-0.054197493	0.004585551	-0.732194578	0.234435215	-0.067921708	0.039878695
UMARY	1498	0.014924158	0.167776705	-0.008179193	0.195183257	0.002067152	-0.036864006	0.031646132	0.396869534	-0.164083793	0.067428862	-0.146322059	-0.142896523	0.024703669	-0.081859883	0.050018075	-0.089980564	0.056784366	-0.046063426	0.00526135	-0.122777445	0.132426776	-0.341540942	0.050046755	-0.116420412	-0.079355148
UMARY	1502	0.016314456	-0.312977525	-0.054373178	0.45339327	-0.107259965	-0.086050712	-0.066865133	0.859081701	-0.017806078	-0.054653656	0.00838047	0.348444401	-0.130606685	-0.132118815	0.043985051	-0.18435696	0.0588648	0.016519058	-0.017887372	-0.147654046	0.075599215	1.288380213	0.390981982	-0.032272296	-0.14086595
UMARY	1535	-0.060317221	0.426178014	0.00313643	-0.260060241	0.0554517	0.072886308	0.006483731	-0.44141102	0.308104934	0.095997859	0.174015088	-0.211186286	0.001822747	-0.081859225	-0.091507529	0.057429208	0.087436142	-0.113346216	0.111849559	-0.081587038	0.141339593	1.009671842	-0.228560973	0.016004709	0.016456066
UMARY	1540	0.033760794	0.059679433	-0.098208565	0.678835909	-0.079994793	-0.041481149	-0.072354153	0.517666976	0.167056998	0.010394115	-0.035806208	0.257543212	-0.104960373	-0.062949217	-0.159174678	-0.121110424	-0.244559283	-0.067387181	-0.08715698	-0.142686416	-0.746048626	0.927625121	0.54710508	0.018922404	-0.11718661
UMARY	1541	0.173211481	0.210076434	0.089984603	-0.152885266	0.087552162	0.028971601	0.01540015	0.007754978	-0.088131362	0.025362744	0.071669457	0.054305463	0.093096956	0.069513426	0.044300311	0.111365955	0.066854357	0.034658535	0.069566766	0.067835828	0.25924724	-0.700380523	-0.139048283	0.069567675	0.082100699
UMARY	1544	-0.001158411	-0.333305696	-0.078972192	0.154571552	-0.013107399	-0.006071722	-0.114047852	0.373314667	0.176775665	-0.061550758	0.091861893	-0.10759147	-0.114557908	0.158456221	0.118387541	-0.082303403	-0.092600319	-0.131094209	-0.059307897	-0.164379499	0.177002901	-0.544053597	0.112691212	-0.07363968	-0.057796281
UMARY	1545	0.209386033	0.123584992	-0.053962423	0.044051233	0.100024107	0.083329796	-0.124756049	-0.044436994	-0.007171085	-0.119998461	0.280800167	0.21083692	0.041387059	0.055982217	0.149107123	0.024058346	-0.404414841	-0.032640631	0.004972108	0.217000149	-0.27357938	-0.68313268	0.004657141	0.015889155	0.09689462
UMARY	1568	0.114003822	-0.287927673	-0.082688523	-0.214617942	0.092985974	0.081979363	0.025183469	-0.30991768	0.021371436	0.074436848	0.140949255	-0.12738995	-0.028207628	-0.028197872	0.013385304	0.022651345	0.095633436	0.232840048	-0.065495782	0.192702028	-0.664638747	-0.204399515	-0.342591444	0.032455804	0.01466164
UMARY	1570	-0.129633535	-0.012463258	0.052070158	0.409973656	0.042092732	-0.048186024	-0.004829736	0.132227736	-0.164262373	0.128651806	-0.002857326	0.006942648	0.030881186	0.16136504	0.091173016	0.071936901	0.177605841	-0.017601305	0.028123645	-0.072988255	0.100368353	-0.133838107	0.199520844	0.005984393	0.007060243
UMARY	1571	0.212433532	-0.034207641	-0.026948454	0.60405131	0.030618384	0.021345529	-0.057080879	0.789958933	0.071680118	0.067631139	0.4201806	0.079081727	-0.037149962	-0.015376457	0.140119971	0.041693401	-0.067937797	-0.097409539	-0.029223657	0.127628565	-0.189468277	-0.557601875	0.297361937	0.045130192	0.020395583
UMARY	1578	0.155254482	0.361238055	-0.158729039	0.683881249	-0.102004203	-0.014535043	-0.085251225	0.506308742	0.029201568	0.204298661	0.424857269	0.0628553	-0.152290283	0.098944871	0.214590088	-0.063240771	-0.337097796	-0.117062369	-0.176833398	-0.043601444	-0.236843257	-0.960117524	0.424212261	-0.083070881	-0.0878305
UMARY	1583	-0.12033254	-0.09126286	0.166044624	-1.225824986	0.122494453	0.127905865	0.03064403	-0.524362873	0.299206479	-0.022409617	-0.048180771	0.120492321	0.150883156	-0.117811051	-0.337135495	0.157529852	0.37988211	0.202824548	0.161271571	-0.005387222	-0.816503879	0.19190582	-0.493119602	-0.016464395	0.159694357
UMARY	1584	-0.003276705	-0.075388044	0.042777803	-0.030799341	0.049428233	0.036483877	0.125468519	-0.119829388	0.019736225	0.06629866	0.199193086	-0.134332136	0.014266244	-0.079663773	0.012939042	-0.04486146	-0.139127694	-0.17770959	0.046962307	0.135451844	-0.658478646	-0.406385807	0.170686167	0.072117927	-0.024812981
UMARY	1611	-0.163667316	-0.02666875	-0.253629092	0.814455233	0.005014863	-0.151623874	0.035710538	0.457985089	0.209636757	-0.067842575	0.058824164	-0.280284663	-0.29058644	0.070880351	0.189704433	-0.09745668	-0.044871964	-0.166867785	-0.070025049	0.047783706	-0.008363603	1.916208271	0.211649772	-0.106727267	-0.139181092
UMARY	1612	-0.149148169	-0.236494962	-0.128729388	-0.674553479	0.091863157	0.057789632	0.259613494	-1.008965958	-0.347650349	-0.103429849	-0.19772555	-0.224083545	-0.034651818	0.221735659	-0.021289746	0.118477553	-0.022234592	-0.19402271	-0.059272599	0.130152465	0.481183471	0.701374222	-0.362934435	0.04484309	-0.037406427
UMARY	1613	-0.204034445	0.019838297	0.035140116	-0.481283336	0.067361843	-0.010622888	0.157049979	0.06188952	-0.508796978	-0.148600305	-0.260101038	0.329318956	0.022779051	-0.312433391	-0.062597307	0.035903837	0.503889157	0.218048363	-0.103767402	0.150137259	0.420063765	-0.970860355	-0.081292152	0.062021095	0.025588144
UMARY	1614	-0.10305829	0.132860057	-0.005764989	0.109914592	0.054985522	-0.06382551	0.089655541	-0.24476101	-0.224699188	0.185639952	-0.007824619	-0.300264044	0.067546082	0.053436261	-0.103656678	-0.025855791	0.138941207	-0.057806913	0.079446915	0.075658398	-0.013090086	0.045593236	0.005660495	0.084013798	0.050972716
UMARY	1648	-0.167272578	-0.159507993	0.066821451	0.616901153	0.032432032	-0.001407264	-0.057631926	0.151971395	-0.359590611	-0.052193322	-0.227956873	-0.118007783	-0.002573455	0.00458627	0.046491072	0.016068035	-0.135895791	0.162675823	-0.005302298	0.031504149	0.186003232	-0.319216862	0.143139564	0.012628934	-0.026912025
UMARY	1652	-0.217328497	0.149674103	0.019453166	-0.43084777	-0.05176607	-0.030067821	0.201893876	-0.491233183	-0.308193228	-0.008727564	-0.233422008	-0.080908432	-0.042527463	-0.174484818	-0.276129778	0.081447719	0.434147277	0.247368703	-0.054517782	-0.054968922	-0.200238336	-0.189694692	-0.181368393	0.087497453	0.100763791
UMARY	1668	0.061178297	-0.005788859	0.11178705	-0.254698175	0.093985799	0.038688183	0.151753098	-0.258686841	-0.184151997	0.044182669	-0.088416333	0.23825413	0.105987794	0.071683536	-0.214779414	0.074148452	-0.070715842	-0.017351026	0.156912538	0.027311522	0.538595243	-0.229219938	-0.140403549	0.058199626	0.107593784
UMARY	1710	-0.291315341	0.014624648	-0.057536452	-0.167210888	0.071725645	-0.150449631	-0.021088835	-0.189381067	0.003864567	-0.275282746	-0.161735797	-0.328376734	-0.031311632	0.123318215	0.291048842	-0.118389746	-0.031897799	-0.036083856	0.187003941	-0.071830157	0.267295694	1.941556077	-0.196359047	0.113407153	-0.024093579
UMARY	1712	0.000565292	0.216825534	0.076160357	-0.161291183	0.080570276	0.100556547	0.098120475	-0.272890618	0.170176263	0.087625645	0.131526127	0.174549349	0.097137684	0.188476325	-0.002218196	0.108101803	0.051766156	0.022410248	0.167128043	0.027917072	0.440864952	-0.070480761	-0.013338378	0.063198771	0.119247437
UMARY	1713	-0.039808812	0.198141252	-0.087140728	-0.196283031	-0.019860928	-0.042526029	0.00600157	0.280382905	0.275145787	-0.047345578	-0.016774455	-0.146068422	-0.038283522	0.046493226	-0.064271386	-0.052720075	-0.02944964	-0.082729314	0.09032448	-0.097373407	0.434765931	-0.123333874	-0.204105827	-0.09953668	-0.060438356
UMARY	1715	0.06576553	0.004686387	0.088511502	0.239616902	-0.076595632	-0.014468598	0.022004223	0.297576886	0.234968259	-0.069210314	-0.200377541	-0.024183001	0.052176938	0.093379374	-0.007275375	0.067035566	0.089789578	-0.035230565	0.096606151	-0.067487738	0.194448892	0.104317981	0.188965232	0.029466383	0.028575187
UMARY	1792	0.067681901	0.247743174	-0.001252398	0.476513945	0.010383414	-0.025730794	-0.075045318	0.700481707	0.008054466	-0.1155557	0.102095829	-0.042744842	0.008804173	0.007395583	0.069077647	0.126461449	-0.177890366	-0.084739922	-0.075872176	-0.008864598	-0.061211216	-0.73420395	0.188659822	-0.007049462	-0.064035273
UMARY	1795	0.1392345	0.087728062	-0.100209295	-0.308058215	-0.061225869	-0.071671424	-0.063195898	-0.172337186	0.280777908	0.00262052	-0.060265028	-0.035281514	-0.021337004	-0.102193341	0.002164184	0.014123319	-0.215419341	-0.046652235	0.047056502	-0.053137872	-0.352919388	0.502511296	-0.242364835	-0.064127554	-0.061816035
UMARY	1797	-0.005622142	-0.001633349	0.14369197	-0.184846952	0.007684362	0.088576866	-0.17104596	0.205094016	-0.211285979	-0.140671071	-0.148808828	-0.134218176	-0.0413284	-0.112913	0.184711353	-0.160485892	-0.15771666	0.074260143	-0.10494211	0.223345648	-0.079048166	-0.868353801	-0.295728219	-0.107685237	0.076622156
UMARY	1825	0.07392343	-0.089966171	0.332963843	0.40087867	-0.084827868	-0.046907079	-0.15089524	0.363053406	-0.132524454	-0.047281705	0.035204642	0.196083374	-0.003555226	-0.036603832	-0.14498722	-0.103343691	-0.228439406	-0.084822484	-0.081575492	-0.018310595	-0.230236621	-0.122300625	0.190844689	-0.013040421	-0.026777323
UMARY	1827	0.182358036	0.53090947	-0.12408651	0.471760324	0.025165737	-0.010169551	-0.024530719	0.495715889	0.378064362	0.066967999	0.241426582	-0.19357036	-0.046552762	-0.018580609	0.190474805	0.083151613	-0.279206906	-0.10829961	-0.043055915	-0.033091405	-0.198480199	-0.147621003	0.329528535	-0.012961336	-0.043066331
UMARY	1830	-0.007739973	0.005086003	0.179960816	-1.093618994	0.11143515	0.157326661	0.121221043	-0.616657733	-0.060734395	0.091296789	0.065717938	-0.176555742	0.210331549	0.09665202	-0.134925477	0.245491035	-0.055345709	0.082554931	0.034365563	0.06874965	0.099783375	-0.736623573	-0.381483647	0.124186293	0.182186686
UMARY	1846	0.183859231	0.127677303	0.1048284	0.029045113	0.014478048	0.05463819	-0.057528584	0.05587694	-0.06211474	-0.011113378	-0.037424331	0.298888734	0.042211385	-0.069714392	0.089810645	-0.017691423	-0.228656622	0.098605334	-0.091694015	-0.011198836	-0.01041597	0.628621882	-0.077707532	-0.013719258	0.042983132
UMARY	1847	0.030527784	0.210008206	-0.09829553	-0.787105147	0.002805407	-0.045989865	-0.040278457	-0.388176443	0.350934162	-0.095504212	0.109879673	-0.36802802	-0.029621868	0.035608071	0.444654886	-0.03965051	-0.102820581	-0.03853887	0.082954983	-0.008723429	-0.026621357	0.484579669	-0.209189752	-0.007519853	0.050789326
UMARY	1849	0.070921344	0.030359674	0.075517295	0.307025633	0.022820408	-0.140787202	0.043563429	0.136703102	0.227652827	-0.110569439	0.440929547	0.239849542	0.054133454	0.110229535	0.178316494	0.093464372	-0.001025812	0.01796456	-0.235418397	-0.064182482	-0.166628966	-0.222288453	0.181594219	0.028625392	-0.036669702
UMARY	1862	0.20142413	0.241347731	0.008773755	0.311450902	0.036653236	-0.012737352	-0.030585245	0.568544039	-0.004916932	-0.008144343	0.188112531	0.353352904	0.019537814	0.144284606	0.05706845	0.001503734	-0.259407148	-0.045630279	-0.036656625	0.046869579	-0.124328807	0.816488482	0.043085084	-0.061294397	0.06225128
UMARY	1865	0.085945858	-0.076416229	0.061983219	0.097303695	-0.092292915	0.053163729	-0.004771254	0.367329686	-0.117728305	0.048988043	-0.109319294	-0.02879333	0.045704199	0.101903231	0.247538776	0.008472201	-0.134499548	0.165946043	0.036130938	-0.03534517	0.314707018	-0.493514498	0.015980066	0.071673771	0.089334276
UMARY	1866	-0.054098855	-0.115662153	-0.183457851	-0.07477429	-0.106815861	-0.070368806	-0.13186961	-0.111077655	-0.0750879	-0.111171699	-0.130926879	-0.136864502	-0.157073728	-0.017701418	-0.160165553	-0.028876354	-0.035627853	-0.060067975	-0.09410374	-0.17457016	0.260671967	1.612469321	-0.017863719	-0.083678066	-0.146694017
UMARY	1867	-0.043805692	-0.156470359	-0.001919675	0.994460433	-0.097368634	-0.039603638	-0.138604911	0.545840552	-0.222369702	0.205632163	-0.091522432	-0.060512715	-0.104137407	-0.071883476	0.14284606	-0.015319102	-0.130985801	0.313164739	-0.103681726	-0.06319862	-0.00513971	-1.166109337	0.471658088	0.048270461	-0.000161922
UMARY	1902	0.039471816	-0.212609461	0.034723075	0.456622913	-0.041590583	0.031340186	-0.048654162	0.310211648	-0.311125092	0.058535989	-0.175554138	-0.041742051	0.04449149	-0.062272907	0.095260414	-0.010914439	-0.013511003	-0.036881275	-0.024724893	-0.049992343	-0.006663348	-0.794745037	0.343320397	-0.056538437	0.065313582
UMARY	1903	-0.11947436	-0.135057233	0.018302607	0.142327233	0.02913384	0.051677247	-0.02952254	0.258205037	-0.124723481	-0.001202829	0.029232891	0.122588006	0.106431761	-0.22626848	0.183440551	0.033421134	0.014939	0.186575197	-0.013922667	-0.01403718	0.085918858	-0.072727418	-0.03396937	0.012420176	0.07671988
UMARY	1907	-0.016616226	0.028740146	-0.193825211	0.378105209	-0.164229191	-0.192549613	-0.142088304	-0.182945022	-0.213720709	0.021264145	-0.167291062	-0.006096614	-0.072854669	0.20007429	-0.15750368	-0.141665707	-0.070000747	-0.232498086	-0.16913619	-0.025109921	0.518214347	1.800154189	0.111950834	0.026165174	-0.110072512
UMARY	1917	-0.184914235	0.283851966	-0.118043882	0.152850658	-0.067594018	0.169294209	0.106541041	0.166983538	-0.076615704	-0.083655575	-0.045165775	-0.291825535	0.005417128	0.007898459	0.228819733	-0.084610214	-0.215076252	-0.02623004	-0.094425756	-0.04793637	-0.034585766	-0.643842065	0.022336225	0.002604164	-0.070867245
UMARY	1935	0.136196792	-0.043792377	-0.178033848	0.095048436	-0.070973096	-0.038451528	-0.130719951	-0.137079244	0.132812141	0.013547543	-0.067792502	0.214085649	-0.063615863	-0.126333482	-0.073482744	-0.118378316	0.261208753	0.019485328	-0.141606146	0.021910962	-0.060423567	-0.726982237	0.072173878	-0.035352516	-0.098717318
UMARY	1936	-0.083785992	0.093944263	-0.231036109	0.574044924	0.032945223	-0.112370662	-0.005717079	0.35736076	0.784866767	0.081563693	0.124764235	-0.072518569	0.074391326	0.13010653	0.095901593	-0.019294078	-0.08808625	-0.15311362	0.123604839	0.05386174	0.129580137	2.739759579	0.269649263	-0.013906382	-0.041167743
UMARY	1939	0.616110353	0.091617301	0.949674131	-1.046935333	-0.457787681	-0.062136975	-0.322725547	-0.513200095	0.329367203	0.072035484	-0.701814337	0.327180385	0.2459716	0.193392433	-0.486976315	0.364021437	0.075688918	0.083620794	0.319888373	-0.43203969	0.436425111	-1.421298019	-0.58767734	-0.453457259	0.181816995
UMARY	1940	0.122905896	0.072252076	-0.105960011	0.496438081	-0.003052188	-0.050316233	0.18741349	-0.16717857	-0.183750647	-0.049379414	-0.135618126	-0.333046865	-0.092271394	0.091865659	0.044927815	0.009214282	-0.125359173	-0.088878914	-0.147307575	-0.015728928	0.058593919	-0.2001248	0.308708598	0.023409931	-0.018874494
UMARY	4263	-0.264379927	-0.032790357	0.035812718	-0.960874606	0.082135204	0.021724478	0.003893535	-0.748166987	-0.146892358	-0.277079671	-0.334951634	-0.160132629	0.095389144	-0.183301947	0.033994495	-0.086025607	0.207979357	0.055504948	-0.075989029	0.188579286	0.072921604	-0.330231051	-0.709186679	0.331365492	-0.081523024
UMARY	4540	0.241987118	-0.279631585	0.095945866	0.174984006	-0.231900456	0.00412806	0.013306803	0.165363144	-0.233282845	-0.09765837	-0.281149348	0.423052455	0.002729949	-0.063595963	0.064531079	-0.143531989	0.393304097	0.138714168	-0.115376826	-0.172639529	0.688719706	-0.8258114	-0.146122762	-0.09151949	0.007174489
UMARY	4542	0.234731012	-0.149873726	-0.042129011	0.141520873	0.112539498	0.004841029	0.027950397	-0.325765026	-0.09503496	0.118587754	-0.112366363	-0.096888036	0.015183324	0.009779096	-0.045509756	0.005726222	-0.217315548	-0.115376332	-0.074083551	0.037177945	-0.278298274	-1.631310881	0.136967795	0.009627806	-0.061972886
UMARY	4543	0.056225613	-0.287221818	-0.092439224	0.056179799	-0.130671217	-0.074495532	-0.058886218	0.134091818	0.103525779	-0.043969503	0.016211719	-0.020058139	-0.103713934	0.027090405	-0.006384006	-0.081868086	-0.016804155	-0.007166982	-0.009525972	-0.076429345	0.22061451	0.384634075	-0.052187928	-0.108093323	-0.044135413
UMARY	4549	-0.106206899	0.012205526	-0.001377456	0.946123784	-0.146883054	0.007825271	-0.097815825	0.939222084	-0.503907092	0.068895441	0.015538347	-0.055881128	-0.038690192	0.055198168	0.046372686	-0.075496793	0.076334863	-0.082984865	-0.092585612	-0.100796208	0.143345726	-1.509299367	0.564018291	-0.004736991	-0.011390094
UMARY	4590	-0.046918349	0.08433819	-0.054220174	-0.24514206	0.032125067	-0.079024114	-0.127355792	-0.179135376	0.024779319	0.046370324	0.326227999	-0.077723215	-0.048817316	-0.148988601	0.225728644	-0.000313791	-0.25060807	-0.092106891	-0.025000984	0.052825587	-0.317002837	-0.874677452	-0.27385703	-0.080228233	-0.048976433
UMARY	4593	-0.122750015	-0.030621889	-0.005445463	0.320722124	0.003217032	-0.054637294	0.021533954	-0.391344159	0.10350972	0.045053081	0.01781076	-0.115649534	-0.06044701	-0.10889477	0.015599289	0.035673124	0.027161801	0.07239032	0.079280729	-0.038378449	-0.259114552	0.194186499	-0.039672368	0.053651233	0.063696962
UMARY	4598	-0.032026252	-0.081008422	-0.134438674	0.685039147	-0.008151958	-0.024445808	-0.063220126	0.651256943	-0.032615653	0.104583019	-0.097370232	-0.235837375	-0.123061825	0.052125737	-0.080799038	-0.085408482	0.059230601	0.002632079	-0.040228069	-0.029847325	0.014357042	-0.902882879	0.301385756	0.016287532	-0.002329714
UMARY	4636	0.176952173	-0.068612318	-0.04613218	0.50220768	-0.047285531	-0.0620669	0.004440832	0.192746461	-0.078407162	0.308901586	0.008640183	-0.074555744	-0.094230955	0.104964439	0.006730742	-0.038454276	-0.161372724	-0.042810995	-0.086677533	-0.025186681	-0.236255999	-0.493101252	0.249794273	-0.017170794	-0.11997787
UMARY	4640	-0.198801779	-0.163216472	-0.021818669	0.198337958	-0.093322191	-0.056049128	-0.127251712	-0.078852395	-0.232049584	0.194787399	0.060477832	0.029427365	0.03001834	-0.141442562	-0.320888694	0.000668242	0.179845259	0.033897136	-0.173241867	-0.150550444	0.153443187	0.886323595	0.195843419	-0.099034297	-0.087707888
UMARY	4725	0.097034228	-0.205505892	0.045862224	0.845602374	-0.052645766	-0.048098808	-0.159031479	0.589228854	0.009210947	-0.034199558	0.001771664	-0.003387525	-0.016062436	-0.081693354	0.111318356	-0.100277128	0.078763287	0.134091113	-0.109868349	-0.009776113	-0.297325656	-0.425592652	0.277492706	-0.197994476	-0.07636335
UMARY	4726	0.124442878	0.145270358	-0.053078219	0.217027927	0.078517337	-0.021467193	-0.036750039	0.342577855	0.023121341	0.145563614	0.231361548	0.104871322	0.001895017	0.217904277	0.175542064	0.071609661	-0.19490481	-0.066228459	-0.019091833	0.036973498	-0.122262785	-0.341964772	0.121795383	-0.01592438	0.077751815
UMARY	4727	0.152552891	-0.219684367	-0.111655887	-0.884272226	0.127085383	0.009539339	0.039516074	-0.41938307	0.166169618	-0.111807934	0.093446588	0.489386717	0.021533345	-0.125952164	0.173953754	-0.006878842	-0.101715485	0.007652163	0.132942297	0.024468927	0.580602552	-0.548509295	-0.322478433	0.107430261	0.052816383
UMARY	4729	-0.008223321	0.038026049	0.133153829	-0.312306816	0.030165106	0.135095861	0.043485755	-0.449912943	0.069082779	-0.157795268	-0.206878064	-0.075863427	0.053380759	-0.037835478	-0.049094052	-0.058618564	0.190939475	-0.03308068	0.111397994	-0.016682906	-0.148065085	0.118166111	-0.267066385	-0.04126964	-0.072748458
UMARY	4782	0.010687114	0.041344437	-0.0223067	0.188691864	-0.002585643	-0.061231755	-0.086571644	0.415099353	0.070955527	0.078817195	0.099990828	-0.05997115	-0.023210815	-0.010584374	-0.037084544	-0.155740944	-0.021805718	-0.178322986	-0.1067736	-0.128169513	0.114469756	0.63706453	0.200990877	-0.055573768	-0.17233446
UMARY	4786	0.035637672	0.295319235	-0.036145026	-0.348125479	0.0655883	0.027594119	-0.025879895	-0.374920981	0.204618672	0.225587406	0.079149357	-0.047981454	0.070635056	-0.07073686	-0.134524071	0.088445667	0.02496357	-0.03275841	0.120170385	0.069871778	0.117750757	-0.145032408	-0.034453543	-0.003605466	0.004199615
UMARY	4788	-0.460351421	0.368976094	0.067169186	-0.793323933	-0.068005685	0.019808418	0.218478711	-0.603235615	0.741805665	-0.21594358	-0.370814361	0.65726674	-0.094545145	-0.37663453	-0.329712518	-0.013980043	0.551049129	-0.262424835	0.692019299	0.104875915	0.096597553	1.229093162	-0.537769173	0.050860678	-0.129028243
UMARY	4789	-0.211101	0.765044141	-0.130374464	-1.335322102	0.223178329	0.18977319	0.546287115	-0.375066837	1.176129538	-0.272912033	0.191065544	-0.500766292	-0.003027396	0.04789206	-0.442860842	0.046029876	0.258407428	-0.082349311	0.579963828	0.139557286	0.12163891	3.982434761	-0.362669983	0.018387994	-0.034820084
UMARY	4841	-0.004761541	0.139836886	-0.103597464	0.112796324	0.051742859	-0.045414769	0.000907012	-0.170533681	-0.144497761	-0.160495287	-0.149512786	-0.234039177	-0.061085092	-0.040890392	0.273908918	0.049404254	0.064650111	-0.063003894	-0.036164777	-0.01167696	0.166842392	-0.477690059	-0.225249571	-0.039840443	0.025742215
UMARY	4842	-0.109221027	-0.197212958	0.273887572	-0.875860003	0.080067461	0.058990073	0.030817046	-0.320732932	-0.287016894	-0.170049696	-0.296406599	-0.317026677	0.28265987	-0.085147265	0.035148821	0.108132452	0.378244804	0.059191832	0.05771829	0.085687656	0.042946329	-0.702260525	-0.408928225	0.122654297	-0.023079509
UMARY	4903	-0.086816574	0.099105458	0.119460067	0.196330394	-0.038775496	-0.019819472	0.003353588	0.232662127	-0.261929576	-0.079596046	-0.064868317	-0.024595314	-0.022539451	0.17014588	-0.151750152	-0.055004515	-0.356211502	-0.136005305	-0.180901527	0.137669173	0.398882785	-0.601067924	0.442931269	0.128994078	-0.03521921
UMARY	4915	-0.082289798	-0.151684912	0.007181134	0.224437669	0.012274991	0.141820716	0.131670763	0.379276351	-0.161584531	-0.027134728	-0.231705959	-0.15956818	0.078741356	-0.005458241	0.120600713	0.061236429	0.190012013	0.201855597	0.117389817	0.042518334	-0.365827204	-0.542363246	0.021176511	0.056708347	0.078558171
UMARY	4916	-0.09495161	0.046850515	0.011366783	0.104477552	-0.152442843	-0.130061475	-0.082895137	0.147079626	-0.016950853	-0.018863094	-0.050904297	-0.44146356	-0.061896384	0.108357896	0.182226161	-0.11067961	0.022021165	-0.022462116	-0.070097111	-0.028975198	-0.442778021	-0.60461421	-0.101002323	-0.051222179	-0.0363008
UMARY	4924	0.018998854	0.048963954	0.265839814	-1.430883763	-0.030393158	0.269022544	0.066281827	-0.445283543	0.300181692	-0.004921768	-0.064185306	-0.14251716	0.105774217	0.02487436	0.095329553	0.106586097	0.060977257	0.120520622	0.227071959	-0.121844135	0.190044812	0.91307706	-0.730761478	0.049704139	0.256338043
UMARY	5024	0.098540751	0.064186411	-0.069882205	0.555067243	0.052171227	0.069078715	0.082752505	-0.068803848	0.098346497	-0.284813857	0.079476729	1.692268071	0.011741224	-0.16148745	-0.233776355	0.06060259	-0.322363221	-0.013554236	0.030911366	0.007767867	-0.817616987	2.402112371	0.235963981	0.122520025	0.042659539
UMARY	5028	-0.126300217	-0.376031789	0.129930331	0.171737538	-0.042489622	0.041157296	-0.168360145	-0.040530443	-0.121924994	0.293221706	0.245778991	-0.062399051	-0.044101818	0.065847409	0.007321599	-0.003236573	-0.096609066	0.104089238	-0.218325689	-0.051021071	-0.132554039	-1.480969231	-0.133724127	-0.126826832	0.006496505
UMARY	5078	-0.017605011	-0.047311662	-0.187392776	0.469826042	-0.115774781	-0.20308622	-0.08818555	0.33389448	0.062837682	-0.059119372	0.105506905	0.157460115	-0.084262441	-0.001153222	0.005639108	-0.154858838	-0.049145047	-0.143060657	-0.114979508	-0.123145559	0.233486734	-0.377826283	0.248353785	-0.089343629	-0.087810265
UMARY	5079	0.047071892	-0.170255482	-0.042691167	-0.090651616	0.009553183	-0.052877685	0.058072513	-0.098825983	0.234949215	0.045996435	0.058112637	0.233013712	0.011441721	-0.138603936	-0.040817707	-0.024158594	-0.046839735	-0.172969415	0.04772636	0.035921653	0.353844556	-0.494802147	0.03412449	0.003283591	0.002590591
UMARY	5081	0.024403785	-0.020136071	0.05699486	0.325095719	-0.043668541	-0.013188511	-0.021549846	0.154721594	-0.008578584	-0.072807518	0.13178941	-0.307672196	-0.049858954	0.179188064	0.028849483	-0.033614247	-0.058938307	0.12039967	0.022313923	-0.01265363	0.070177031	0.989277708	0.198624808	-0.051647779	-0.075084418
UMARY	5086	0.075627329	-0.009722941	0.074740535	-0.574672019	0.031120549	0.08961216	-0.024539016	-0.236833372	-0.146671718	0.010569662	-0.059926367	-0.208813658	-0.077747791	-0.118473744	-0.041387006	0.099837913	0.026598102	-0.072082377	-0.101934851	0.144734573	-0.331820104	0.572319779	-0.163716935	-0.032191583	0.088213682
UMARY	5087	0.002661742	-0.005211669	-0.065020091	-0.710277301	0.068452699	0.059107429	0.191815785	-0.428924231	0.155114861	0.181751842	0.318610028	-0.195833335	0.070506809	0.19213711	-0.188533773	0.134347006	0.092643079	0.072022231	0.097774619	0.124605139	0.158740372	-0.390842336	-0.179255138	0.072247635	0.082706312
