FID	IID	1	2	3	4	5	6	7	8	9	10	11	12	13	14	15	16	17	18	19	20	21	22	23	24	25
BLSA	745	0.015286089	0.380864379	-0.412448507	0.060164585	0.042202271	0.214276603	0.402750427	0.159543378	-0.94834607	0.477007361	0.34602484	0.497969421	-0.046472281	0.3880585	0.331620915	0.724675703	-0.234637185	1.217162268	0.20124112	-0.602324945	0.023612219	-0.060150601	0.283155337	0.178919979	-0.197346031
BLSA	827	-0.024392235	0.217748058	-0.208398118	-0.18420265	0.118885455	0.49540329	0.085739724	0.170819312	1.538975528	0.345521319	2.061756839	0.057484091	0.03046781	1.043456256	-0.013830784	0.501911552	0.45239508	0.012178919	0.1737555	-0.968093672	0.093757879	0.227051426	-0.932756244	0.140195392	0.162155924
BLSA	1556	-0.142682402	-0.11045082	0.113839925	0.029741291	-0.204091209	-0.140067625	0.044734359	0.295041937	0.099654469	0.030559427	0.466689612	-0.093716006	0.180877412	0.044726405	0.221375246	-0.152154338	0.225394033	-0.365968893	-0.032103872	0.424267102	0.111488159	0.039223606	0.045778026	0.014555014	-0.053689473
BLSA	1579	-0.391180194	-0.275423806	0.190792851	-0.241804279	0.097277665	-0.171201044	-0.223547973	-0.285611462	-0.202141977	-0.146971207	-0.46918576	-0.179497702	-0.024777261	-0.173270405	-0.164750644	-0.170691943	-0.168505189	0.228910443	-0.075339896	0.631831198	-0.20510678	-0.33412487	-0.337967484	-0.139272892	-0.340016748
BLSA	1595	0.601794346	0.469357507	-0.521058102	0.819946451	0.216057834	0.635697659	0.748746862	0.071865645	-0.852819966	1.015122216	-1.243591768	-0.632765519	-0.611775954	-0.486412881	-0.498938271	0.721308876	-0.2021123	0.473725955	0.260408169	0.063018714	-0.116493173	-0.694424326	0.866558388	0.811802533	0.841739369
BLSA	1603	-0.028007166	-0.141467578	0.049982816	-0.02313356	0.064591312	-0.225043415	-0.128083112	0.323558106	-0.670802927	-0.278619978	-0.93923236	-0.082601978	-0.098244836	-0.744564105	-0.07645219	-0.17480278	-0.0110079	-0.232352568	0.093144321	-0.117706054	-0.070438946	-0.091589617	0.725885454	0.040404624	0.060640984
BLSA	1640	0.128824983	0.151794937	0.143018506	0.060676051	-0.363546445	-0.272862535	0.132443607	0.056943581	0.015209655	-0.072968858	-0.357223594	-0.023584112	0.244705475	-0.284642767	0.164143014	-0.015969009	0.08672347	-0.535290782	0.153785806	0.42227311	0.191810244	-0.027504575	-0.159100283	-0.199456751	0.165302243
BLSA	1775	0.073429574	-0.057143868	-0.41802003	-0.002763549	0.231776136	0.082702394	-0.110665439	-0.170768725	1.85461656	0.135975081	2.16377202	-0.140996921	-0.315679644	1.625544224	-0.485481252	-0.042639736	0.014086174	0.069471685	-0.242393353	-1.218533191	0.140987186	0.37232759	-0.424875443	-0.214083677	-0.0823586
BLSA	1802	-0.038206836	-0.119219427	0.050929604	-0.091866599	-0.048202501	-0.134251536	-0.247102531	-0.132023456	-0.495348853	-0.188544817	-0.306041466	0.033646201	0.032455273	-0.352272029	-0.006212732	-0.266947096	-0.24795547	-0.301483954	-0.088452298	-0.062455541	-0.162026679	-0.063335679	0.694279032	-0.064082571	-0.190301763
BLSA	1805	-0.133972113	-0.212214732	0.163709083	-0.051969055	-0.016184026	-0.259123242	-0.147639672	0.00736406	-0.839265202	-0.341960979	-1.11997428	-0.183013833	-0.011450799	-0.902192155	0.053718467	-0.243101422	0.106784912	-0.123862555	-0.199580101	0.128066968	-0.191156417	-0.129360343	0.484794897	2.90E-05	-0.093815832
BLSA	1838	-0.197503529	-0.10279016	-0.042487638	-0.106041119	0.057632232	-0.115018759	-0.060556145	-0.1504573	-0.14628317	-0.117764577	-0.230028932	0.080551534	-0.208714878	-0.238280077	-0.07850459	-0.084584028	0.030008574	0.386503395	-0.038956394	0.265492786	-0.065080526	0.156183506	0.286372592	-0.069244584	-0.110635039
BLSA	1839	-0.101486054	-0.061956269	0.202706192	0.025500442	0.159229827	-0.232829943	-0.155272187	-0.075107988	-0.315997236	-0.145568108	-0.61458767	0.107106516	0.087589994	-0.224342409	0.038966951	-0.19095286	0.440426696	0.354525339	0.127594908	0.014319093	0.090444726	0.278055298	0.563466386	-0.033233926	-0.106972756
BLSA	1840	-0.152784685	-0.103653651	-0.057052744	-0.178824358	0.015443716	-0.075744098	-0.302382071	-0.075727681	-0.112511964	-0.065980971	0.191533561	0.071357026	0.047066419	-0.006982092	-0.057209608	-0.093126902	-0.163465269	0.034522785	-0.331815114	0.130114593	-0.017758453	0.125734429	0.088713475	-0.016604955	-0.252959471
BLSA	1883	-0.145988162	-0.091052112	-0.000626313	-0.183797887	0.089849282	-0.014241664	-0.065040465	-0.067059669	0.004304044	-0.148775193	-0.235046769	-0.085918122	-0.10450308	0.250280533	0.070018641	-0.066734186	-0.123374623	0.305529182	-0.048942625	0.06085256	-0.084549326	-0.138753442	-0.312365822	-0.120756388	-0.066024377
BLSA	1889	-0.134396077	-0.099793642	0.134812418	-0.104254794	-0.014772507	-0.198529266	-0.16233594	0.03715255	-0.088970843	-0.277050793	-0.369722334	0.197809071	0.064851172	-0.316963632	-0.0334488	-0.23988399	-0.281033287	-0.162284465	-0.315313886	-0.074439808	0.03854718	-0.094246844	0.00669328	-0.273702145	-0.168642941
BLSA	1924	-0.061974246	0.107612984	-0.108876285	-0.093112678	0.328937702	0.128597122	-0.080266893	-0.135086314	0.131234874	-0.100751934	-0.611595431	-0.142815185	-0.237780553	0.14125288	-0.226744237	-0.140419914	-0.054819622	0.275980896	0.118452955	0.256332187	-0.134302311	-0.117832947	0.108758693	0.274557603	0.014370503
BLSA	1961	-0.055774745	-0.03146727	0.289368484	0.225324104	0.014882821	0.002409779	-0.027819064	0.094043753	-0.220946542	-0.043432427	-0.433679979	0.00835368	0.27672736	-0.228963094	0.269247888	-0.122873487	0.133970923	-0.37594024	-0.098651154	-0.302174193	-0.028508094	0.067653529	0.214980034	-0.060358268	0.121605058
BLSA	2000	-0.020707766	-0.135005597	0.236139542	-0.036476419	0.020670136	-0.086032762	-0.104525	-0.096968453	0.510740521	-0.269617199	0.388484101	0.083302421	0.200955216	0.044449408	0.167048132	-0.168272012	0.049336063	-0.475742657	0.0308353	0.121674524	-0.007856114	0.150906184	-0.513715741	-0.139732322	-0.175769402
BLSA	2020	0.159926152	0.104832139	-0.080416422	-0.016582015	-0.182267373	-0.051774582	0.156532691	0.058837669	0.116558346	0.048838672	0.145024201	-0.049777845	-0.045601651	0.547933526	0.032077677	0.198428088	-0.175848452	0.07791557	-0.05712239	0.026102599	0.010443434	-0.251773486	-0.446786242	-0.14215084	0.035928896
BLSA	2037	0.129232725	-0.143847738	0.105451955	-0.149842431	-0.219707203	0.076771028	0.020492293	-0.100810625	0.337313404	0.049926149	0.814948188	0.071719891	-0.037934145	-0.144253133	-0.143422903	-0.112933078	0.023785113	-0.553142307	-0.205329074	0.187897795	0.152767428	0.15866143	-0.511227211	0.107488789	0.039439877
BLSA	2066	-0.117340743	-0.061588773	-0.128047648	0.02825329	-0.093903698	-0.070032781	-0.0319711	-0.139724177	0.134927254	-0.131013951	-0.203617611	0.01972168	-0.003653729	-0.076965169	-0.078056837	-0.136147624	-0.030121482	0.10449331	0.042281101	-0.015741956	-0.027470682	-0.056422137	-0.179346816	-0.085575102	-0.030973248
BLSA	2069	0.313767993	0.093572746	0.299659304	-0.001395632	-0.134531195	-0.012577934	0.093431802	0.103351612	-0.39322813	-0.095726025	-0.050851764	0.211198952	0.329985995	-0.228627839	0.236714976	-0.022845481	0.026350438	-0.443914487	0.2778316	0.014889007	0.136553577	0.321801465	-0.166890314	-0.021470107	0.11614428
BLSA	2093	-0.044871923	-0.236985195	-0.125841182	-0.016609891	0.206824287	0.018336043	-0.188212326	0.069780549	0.059078628	-0.118676766	0.521354274	0.005445296	-0.09667147	-0.12227005	-0.216824719	-0.286820253	0.070944799	0.429589573	0.096080483	0.246565673	-0.078710727	0.069892852	-0.181991807	-0.138318921	0.014419426
BLSA	2102	0.369007016	0.458277888	0.122862309	0.233070702	-0.387054521	0.405137268	0.350548152	-0.018956301	0.484049597	0.440473558	0.084792082	0.169021441	0.347578152	0.445300105	0.494945661	0.585575921	0.032674506	-0.400526412	0.158588893	0.367771451	0.199046197	0.092027553	-0.202412187	0.150090556	0.297759119
JHU	384	-0.043591939	-0.068804303	0.153389243	-0.090461411	0.155930584	0.031781387	-0.14406786	0.04348562	-0.13288427	-0.012258304	-0.242721831	0.077390151	0.009035404	-0.619830491	-0.012922175	-0.090182628	0.052023728	0.30230616	0.060783275	-0.435262294	-0.015134332	-0.071005106	-0.112975017	0.030018998	-0.016432824
JHU	705	0.005031987	-0.091273307	0.118184747	-0.014762972	-0.012294254	-0.191550586	-0.14521786	0.0059375	-0.319146138	-0.109005582	-0.127646887	-0.010846615	0.170672307	-0.244802426	-0.132596063	-0.247660933	-0.08459305	0.028796036	0.035788385	0.118202678	-0.105344588	0.130374138	0.684191214	-0.052474174	-0.062251896
JHU	710	0.014922936	0.047300678	0.076086871	0.125226993	0.113108628	0.010630723	-0.0756905	-0.005384489	0.104451712	0.129944881	0.005719744	0.056994596	0.083584092	0.10435653	0.030662627	0.091095879	-0.00689095	-0.052670852	0.079774456	0.047932935	0.097517379	0.054062677	-0.134494806	0.095867689	-0.011221524
JHU	712	0.02389313	0.026490976	-0.024787992	0.062076854	0.130903815	0.058980798	-0.092326642	0.020761941	0.462689993	0.112366712	0.343558026	0.06116214	-0.056642414	0.557553371	-0.094765406	-0.000352475	0.014923769	0.445293969	0.092500104	-0.009798598	0.064568572	0.02002971	-0.00073175	0.062247517	-0.027193004
JHU	713	-0.255367191	0.229206841	-0.760984108	-0.481324156	0.072322608	0.414541244	0.278573658	0.145086915	0.154099489	-0.001807774	1.19932492	0.284943628	-0.162550858	0.45438475	-0.10975689	0.412212765	-0.020409366	0.334092482	0.271347008	-0.856718686	-0.063625779	-0.096782292	0.295576881	-0.005194614	0.419862329
JHU	719	0.079684419	-0.049951674	0.1736993	0.066809043	-0.112301282	-0.179892485	-0.032132324	0.016914678	-0.654295419	-0.134283971	-0.492249978	-0.151948172	0.179867709	-0.301427286	0.048034872	-0.08398784	-0.024592427	-0.303956624	-0.19635119	0.375178962	0.066295966	0.165222851	-0.045291515	0.139502059	0.040058148
JHU	993	0.041416284	8.18E-05	-0.017004118	0.191203177	-0.139376069	0.244515385	0.161397467	-0.16263265	0.431808689	0.297835792	-0.197574423	-0.174945474	-0.173325773	0.055603658	0.118777868	0.048891639	0.035599613	-0.241154297	-0.297217277	0.182302382	-0.127190809	-0.168488507	-0.499938659	-0.13473741	-0.295544005
JHU	994	0.000409833	-0.216561132	0.092561794	-0.010018664	-0.198232757	-0.327555172	-0.057401408	-0.029401693	-0.151961821	-0.262843244	-0.311996825	-0.20805798	-0.070404947	-0.094435641	0.062867952	-0.23577953	-0.063719386	-0.37112596	-0.072743681	0.217971218	-0.026022029	-0.108656425	0.187542224	-0.116976743	-0.179190235
JHU	995	0.13360054	0.123510105	0.188854263	0.151251137	-0.010061272	-0.061451293	0.106865469	-0.034767821	0.105237764	-0.019948511	-0.176412747	0.065307727	0.01976448	0.088597536	0.089697215	0.105763122	0.097658069	-0.141580915	0.02611892	0.360191403	0.10893562	0.075242953	-0.373878571	-0.018253322	0.13191301
UMARY	142	0.113668931	-0.040627462	-0.079183009	0.061550829	0.282498124	0.019136158	0.112267819	-0.004328469	0.318059829	0.100891504	-0.237843667	-0.031030175	-0.127853637	0.356789253	0.034658648	0.018972813	-0.148343917	0.267445905	-0.032406061	0.007309904	-0.034364898	-0.060186482	0.094545733	0.108189825	0.119244902
UMARY	602	-0.015436569	-0.037845214	0.023451384	-0.057634178	-0.118026047	-0.07918355	-0.023957972	-0.15623174	0.218043189	-0.174206888	0.565840949	0.093003273	0.125199179	1.44536322	0.017833593	-0.080062346	-0.086688294	-0.023885154	0.280974079	-0.157622221	0.058356441	0.204153445	-0.21209026	-0.21074798	-0.085930384
UMARY	604	0.077902528	-0.075681242	-0.038290185	0.02061567	-0.091888182	0.156221406	0.014788698	0.016017546	-0.53232424	0.072060449	-0.352407229	0.003481109	-0.097107906	0.076879447	-0.208698127	-0.010933889	0.008768462	0.00115668	0.12499773	0.18641062	0.021539028	0.037744026	0.103389677	0.066986412	0.090395537
UMARY	813	0.109115058	0.027985552	0.035246782	0.012071027	0.10795991	0.057230697	0.062337626	-0.103231383	-0.339425885	0.061623177	-0.079562584	0.021332506	-0.062666087	-0.498738697	0.144311753	0.024564798	0.117338632	0.020490666	0.058697934	-0.104811134	0.038320273	-0.029318218	0.098906912	0.119669841	0.009922998
UMARY	819	-0.036011329	0.051771458	-0.037990873	-0.05150209	0.038542124	0.040068784	0.030695189	0.140144142	0.062431959	0.11629034	-0.149942156	-0.003845598	-0.055528711	-0.04219335	-0.179232303	0.069328303	0.001236968	0.048684703	-0.139602263	-0.04857826	-0.032340221	-0.058188478	0.628696915	0.038449333	0.024344907
UMARY	871	-0.000777744	0.022152205	-0.217705176	0.030242228	0.082677335	-0.024697152	0.052822104	0.148683608	-0.063151123	0.041645499	-0.141096694	-0.049227697	-0.009936918	-0.539411001	0.012245581	0.024053016	0.142095693	0.008000001	0.039153996	-0.070246856	0.003016732	0.008271961	0.411601815	0.049451486	-0.027385403
UMARY	879	-0.050732936	-0.042235391	0.018487863	0.041096723	-0.005780282	0.007096274	0.064441595	-0.063585482	0.240511376	-0.096639667	-0.197368438	-0.047283163	0.045043429	0.013410445	-0.07026399	0.023453617	0.088482948	-0.126071736	-0.135482423	-0.101005954	-0.04702113	-0.108653324	-0.044580673	-0.01708828	-0.093627928
UMARY	880	0.140366319	0.092476623	0.002279247	0.148814422	-0.127877265	0.012100651	0.203302604	0.12132059	0.146875974	0.087202344	0.030330505	0.159175565	0.032444234	0.179329381	0.054886565	0.116730206	-0.117453931	0.388601456	0.026626718	0.213263489	0.187450441	0.131306637	-0.174897506	0.034893322	0.185500359
UMARY	914	0.024369649	0.031378481	0.064325086	-0.045880479	0.083485196	0.033819758	-0.008375484	-0.005604038	0.410792053	-0.086103083	0.983939231	0.08783611	-0.060887937	0.263724379	0.143341971	-0.048405856	0.010647785	0.314794676	0.130819776	0.086844573	0.022130972	0.012203688	-0.1262705	-0.012098235	0.014124558
UMARY	933	-0.11430518	-0.092249597	0.0646383	-0.112826235	0.192504603	-0.217476415	-0.11225824	-0.059541878	-0.143876145	-0.215331212	-0.106463651	0.158649108	0.17800119	-0.467483665	0.084880944	-0.19456436	0.149136424	-0.015424292	0.11273134	-0.028417424	-0.023216021	0.07038894	-0.215105814	-0.204603572	-0.17399128
UMARY	1028	-0.213391449	-0.204643952	-0.082743082	-0.204602282	0.060880444	-0.066067848	-0.23959165	0.074375617	-0.448042658	-0.15356281	-0.445469714	-0.080315453	-0.018545112	0.140478351	-0.087283126	-0.161772865	-0.221370632	-0.032135254	-0.077891536	0.035239269	-0.138601948	-0.078363697	0.461600701	0.06253617	-0.187732001
UMARY	1037	-0.009545949	-0.066587193	0.082844596	-0.116497819	0.079086052	-0.091450985	-0.116593566	-0.086293788	-0.142094129	-0.096903964	0.192235412	-0.020761924	0.138807161	-0.185457251	0.147346165	-0.119964674	-0.170165597	-0.303365004	0.351300962	-0.248456861	-0.087071027	-0.116708556	-0.193879324	-0.281763804	0.03578919
UMARY	1064	-0.043439706	0.033085781	0.191420431	0.0054502	0.028074365	-0.137868436	0.087959458	0.083284282	-0.222340489	-0.150355244	-0.379277724	0.093891088	-0.030682398	-0.3564203	0.181103485	-0.162761865	0.07326319	0.470037869	-0.100826816	0.479972367	0.065297369	0.127898566	-0.548902999	-0.044935523	-0.041589627
UMARY	1065	-0.023090494	-0.041274578	0.192297847	0.002909628	0.049982223	-0.187330428	-0.102025395	-0.026882535	0.175084628	-0.110439142	0.100182727	-0.069198923	0.040978576	0.535282576	-0.013478753	-0.052441191	0.055395616	-0.011374255	-0.079804135	0.193756472	0.095250667	0.134947666	-0.242484707	-0.135710212	-0.049966038
UMARY	1076	0.015550148	0.054065509	0.113461039	0.074852865	-0.078728587	-0.037650577	0.0500395	0.200318096	-0.033457698	-0.02647013	-0.031102923	0.07660353	0.150145376	-0.191200189	0.18337463	-0.000107564	0.011582066	-0.150278067	-0.003613353	0.008181743	0.023647213	0.034570158	-0.13404998	-0.059101018	0.034288221
UMARY	1078	-0.090045553	-0.152463423	0.28216277	-0.180784441	-0.399770314	-0.083918534	-0.291427174	-0.060578122	0.550615568	-0.043144961	-0.093754247	-0.026708584	-0.047564569	0.377238537	0.053111823	-0.219800176	0.02981442	0.043713529	-0.223161407	0.670731903	-0.036403264	0.100484607	-0.370239597	-0.163173139	-0.213802703
UMARY	1079	-0.170393283	-0.159635337	-0.175227148	-0.144463804	0.04065366	-0.024045172	-0.130387847	-0.079491822	0.269899469	-0.084530026	-0.049603015	-0.008902974	0.130876549	-0.139281996	0.091141307	-0.081158895	-0.025474721	-0.37297464	-0.077829525	-0.048032871	-0.121933055	-0.177676953	0.335530208	0.031715418	-0.179420342
UMARY	1104	0.058354085	-0.041640297	0.074299002	0.016960236	-0.019350975	-0.002303582	-0.051200043	-0.060259423	-0.156205408	-0.032255953	-0.095941695	0.017868807	-0.134892835	-0.08670688	0.028579111	0.027414202	0.027310039	-0.07022637	0.238839178	-0.091412682	-0.079531512	-0.070519673	-0.088409227	0.03156975	-0.00900849
UMARY	1105	0.018852917	0.154582831	-0.180699958	0.11056818	-0.051537116	0.003831279	0.20422268	0.074391605	-0.354282361	0.107375533	0.127951228	0.010804812	-0.042744139	0.155873784	-0.213705849	0.069422596	-0.035294918	-0.171563551	-0.118847917	-0.174799434	0.002527203	-0.019060455	-0.450255417	0.081158248	0.143952882
UMARY	1114	0.069596916	0.034829578	0.312509548	0.116818824	-0.121719489	0.055810187	0.116835446	-0.070531538	-0.216533944	-0.00132865	-0.108625344	0.045435354	0.098190842	-0.173093415	0.120329656	0.006588589	0.000669895	0.023543477	0.203629882	0.562829228	0.04928	0.109988059	-0.257883559	0.11920288	0.085739984
UMARY	1133	0.133082426	0.086337028	0.380890675	0.128335979	0.316160849	-0.050444039	0.092391967	0.137422243	-0.150908445	-0.062579699	0.372635859	0.049398496	0.447365364	-0.807295364	0.369453426	0.007613213	0.171001199	-0.341211856	0.730359333	-0.604582758	0.143853788	0.268250925	-0.321715714	-0.011413657	0.193810174
UMARY	1134	0.020434179	0.03055892	0.157773104	0.12091756	0.008538207	0.030823214	0.070687334	-0.086901525	-0.319018896	0.035315295	-0.107549934	0.038052925	-0.104230982	-0.457723093	-0.083899886	0.036126396	0.070156389	0.074693499	-0.188922028	-0.074867951	0.00376975	0.022985051	0.131000035	0.057207242	0.084223881
UMARY	1136	-0.118090893	-0.102111261	0.056950518	-0.069042642	0.092669246	-0.004555406	-0.071850292	0.009674894	-0.08692876	-0.07067659	-0.121943054	0.05956773	-0.029199446	0.045599659	-0.145283067	-0.039378506	0.030906898	-0.145760617	-0.369756989	-0.127150006	-0.02167523	-0.088492247	0.284728405	0.026142311	-0.065656685
UMARY	1158	0.012254556	0.047906381	-0.174988908	0.074883375	0.114982408	0.039422727	0.098086136	0.105569286	0.395323968	0.070698945	0.135286528	0.050230188	-0.018528873	0.361209582	-0.100935194	0.092492633	-0.072139525	0.10202434	0.147988814	-0.270098923	0.032484809	0.030579753	0.263598371	0.016990685	0.049984403
UMARY	1170	0.056458478	0.05657533	0.013226379	-0.027166661	0.117082425	0.002677631	0.048775702	-0.095926862	0.084472826	0.066925339	0.217710485	-0.001461262	-0.117564866	-0.077606209	-0.165330025	0.016123921	0.020027569	0.003924046	-0.057955813	-0.045084879	0.034721283	0.063018793	-0.07007668	-0.068482568	0.020613789
UMARY	1206	0.082406189	-0.006134396	-0.200216454	0.025750632	0.282490094	0.024731531	-0.005384661	0.067083722	0.279602187	0.063400016	0.096201126	-0.068853349	-0.152484755	0.555638394	-0.05229558	0.02532391	0.104509367	0.594217287	0.135876953	0.393525569	-0.020534765	0.057601058	-0.112147569	-0.056491351	0.030150118
UMARY	1209	-0.062607772	0.051155176	-0.31777473	-0.035805401	-0.100767241	0.079250207	0.093956766	0.130115604	0.012352203	0.060813186	-0.04529352	-0.018738472	-0.135030574	-0.332822675	-0.185429777	0.076634304	-0.035572921	-0.080422399	0.132494427	-0.250324998	0.043797195	-0.116703281	0.303130939	0.00253364	-0.015684297
UMARY	1226	0.068102226	0.069963997	0.124496828	0.076417924	-0.155694218	0.008374806	0.065972104	0.035726312	-0.079769935	0.074254703	0.03988843	-0.001163299	0.022788855	-0.1938836	0.032427235	-0.016754935	0.025946126	0.410664799	-0.283873239	0.254550298	0.112230332	0.065134782	-0.614192552	0.171340245	0.088249451
UMARY	1230	-0.005556043	-0.029452659	0.107255983	-0.022605145	0.131444271	-0.066898543	0.013357424	-0.154932981	-0.1802647	0.047670637	-0.008831896	0.018610986	0.13742149	-0.292084798	-0.021652708	0.032266899	-0.056959999	0.072834312	0.247733142	-0.234703485	0.023650279	0.02832717	-0.035539287	0.035087535	0.085350699
UMARY	1260	0.155873567	0.12847532	0.075620196	0.188747976	0.008172151	0.051659591	0.162679343	0.210419475	-0.119648679	0.224348749	0.355519186	0.084074526	-0.0616263	-0.181420209	0.097515265	0.209880233	-0.095782498	-0.2233346	0.228552147	-0.006716497	0.131719427	0.148025842	0.501169587	0.223106506	0.140573847
UMARY	1326	0.009880374	0.045474891	-0.046103194	0.004338124	-0.092493237	0.132226474	-0.006082695	-0.086097615	-0.172411205	0.063192907	0.168876914	0.035799795	-0.066578654	-0.092756243	0.024936479	0.040150593	0.078876504	-0.212569052	0.11796724	-0.321537013	-0.040618891	-0.051343714	-0.033259703	0.139531837	0.005621634
UMARY	1454	-0.040591494	0.000355379	0.063415119	0.042742908	0.208110561	-0.056887374	0.001921097	-0.124053254	0.128901648	0.068521276	0.148046873	0.0186144	-0.029592682	-0.099438827	0.057365767	0.001156514	0.025647522	0.267237794	0.006311025	0.316022289	0.056570142	0.070306798	-0.192205287	-0.062332383	-0.027085846
UMARY	1465	0.036798194	0.019198929	-0.056572848	0.071073194	0.001193421	-0.018724324	-0.043577139	-0.018815809	0.306228719	0.05571274	-0.230218549	-0.08477258	-0.055983285	0.059313044	-0.097538545	-0.078999287	-0.133278936	0.219784861	-0.04036027	0.190061092	-0.013380745	-0.034988227	0.034723128	0.028781578	-0.030010176
UMARY	1486	-0.052918695	-0.058890033	0.159603995	-0.138371672	0.010071195	0.083791918	-0.04512135	0.003026657	-0.181362677	0.059146266	-0.245007132	0.034004265	-0.004685298	0.180387869	0.141183577	-0.050470899	-0.040712286	-0.135021034	-0.023314604	-0.090727059	-0.045190782	-0.122009873	0.214193356	0.005878942	-0.144279146
UMARY	1498	-0.017604722	-0.015794112	-0.162578897	0.02542188	0.091233049	-0.090728097	0.021465739	-0.148786367	0.112853853	-0.04434295	-0.049701283	-0.107906251	-0.061280525	-0.108232934	0.05211283	-0.090132385	0.093571896	-0.083110845	-0.238341938	0.090110935	-0.056336109	-0.014176998	0.237235377	-0.036671593	-0.064168923
UMARY	1502	-0.075399693	-0.147774864	0.046293146	-0.182512479	-0.075677828	-0.071930591	-0.134237564	-0.075530362	-0.182912281	-0.069135964	-0.030920134	-0.133364524	0.046107314	0.645554422	0.006119163	-0.148274354	0.080271969	-0.156785597	0.286998974	-0.363846285	-0.066494973	0.02284398	0.038151571	0.091083112	-0.109108818
UMARY	1535	-0.044889518	-0.046059653	0.232416337	-0.027931414	-0.146834904	0.006122695	-0.006269458	-0.0345116	-0.082146	0.012687457	-0.091053041	0.044609362	-0.000678814	0.037872715	0.110000039	0.028178948	-0.07800211	-0.007590392	0.073491014	0.064987975	-0.041833378	-0.031335319	0.102361504	-0.00144691	0.07753641
UMARY	1540	-0.041422538	-0.071177021	-0.1749032	-0.033610173	0.24390433	-0.045951862	-0.123187369	0.052466083	-0.052758763	0.045713152	-0.202567326	-0.124467635	-0.17285326	-0.623414478	-0.216050341	-0.069317723	0.064405567	0.298009102	-0.229809027	0.054648325	-0.120686593	-0.095244647	0.154140544	-0.073059957	-0.08019082
UMARY	1541	0.001474413	0.127478613	0.159342283	0.068398635	-0.061931275	0.078988889	0.084887315	0.151049418	-0.306613423	0.127677942	-0.119674215	0.041870496	-0.055860833	-0.310153957	0.126407353	0.073619319	-0.07064054	-0.131416695	-0.0509877	0.095128471	0.119453545	0.041757045	0.319998912	0.061671546	0.118973669
UMARY	1544	-0.031017184	-0.103476246	0.077914493	-0.083300847	-0.052825742	-0.162245728	-0.048472169	-0.140032592	-0.16069915	-0.080857194	-0.129262139	-0.103731241	-0.125714482	0.087979975	-0.002055613	-0.054068837	-0.052994639	-0.080476288	-0.055422868	-0.099673811	-0.092034469	0.009878942	0.148752437	0.0553296	-0.094215072
UMARY	1545	-0.003832175	0.121971641	-0.022902194	0.259359091	-0.314324623	0.015190689	0.068492578	0.076580569	-0.720610067	-0.034148018	-0.246663323	0.040576263	0.280385091	-0.351953873	0.124515295	0.002350028	-0.092072855	-0.416907555	0.231832123	-0.240424665	0.066341306	0.057048629	0.535625322	0.017338278	0.060579363
UMARY	1568	0.09748524	-0.044780473	0.148591581	-0.07953031	0.007988259	-0.050831082	-0.036623822	-0.061643435	-0.311920195	0.00729346	-0.411603728	0.009242495	-0.017710349	-0.057481479	0.243899077	-0.00270741	-0.034037392	0.224670809	0.106940857	0.153090377	-0.044609816	0.050384041	-0.252882294	-0.024814761	-0.025201262
UMARY	1570	0.027031596	0.140712236	0.052518735	0.061956014	0.009429262	0.085403233	0.060721917	-0.166753006	-0.173248288	0.048405853	-0.101749138	-0.038332765	-0.067287586	-0.230936837	-0.137348533	0.088271313	-0.02923971	0.004212287	-0.057378636	0.049360867	-0.054870458	-0.020023687	0.259262622	0.016801661	0.112845255
UMARY	1571	-0.022382172	-0.043146693	0.263580097	0.02513745	-0.151600979	-0.005241026	0.024080594	0.024449281	-0.92921139	-0.123145723	-0.43843569	0.034857412	0.211101765	-0.063869351	0.153260496	0.015041564	-0.036064664	-0.248808389	0.388468436	0.008604598	-0.035590509	0.096063494	-0.039090083	0.112759257	-0.060865303
UMARY	1578	-0.057470436	-0.151600942	0.303159478	-0.112933963	-0.178287054	-0.137193206	-0.13131634	0.163826617	-0.590641174	-0.103390242	-0.572739324	0.021847121	0.002860905	-0.289332244	0.052744479	-0.119076947	0.022994874	-0.273736266	-0.072594549	0.049648594	-0.08504	0.021071908	0.400217795	0.022994444	-0.074386375
UMARY	1583	-0.010259516	0.146988706	0.094369618	0.074945738	-0.05956837	0.120359205	0.105319879	0.018173906	0.496011708	0.136622179	0.048809824	0.083817376	0.022532697	0.237202611	0.229216534	0.137204574	0.009186343	0.180075895	-0.099911715	0.372472797	0.146944705	0.027556351	0.065316757	-0.059297032	0.167697536
UMARY	1584	-0.025147694	-0.062090963	-0.232185774	0.02600571	-0.100923121	-0.060471972	-0.061419826	0.043798774	0.07918515	-0.057093349	-0.405244169	-0.069437243	0.020735786	-0.129025634	-0.007711915	-0.074426727	0.107829458	-0.32647431	-0.27268312	0.335814108	-0.003969227	0.145622973	0.036641795	-0.209058438	-0.04345394
UMARY	1611	-0.117969086	-0.202617719	0.181113751	-0.160841027	-0.053147959	-0.156063043	-0.228995277	-0.341461028	0.177815119	-0.294403151	-0.162062557	0.012050356	-0.016545942	-0.316248576	0.000948684	-0.186019768	0.008480955	0.069984971	-0.134379751	0.037957648	-0.113135014	0.10291848	-0.215875772	-0.160154388	-0.201130749
UMARY	1612	0.137182143	-0.010204471	-0.152713854	-0.023008189	0.157881395	-0.016430023	-0.015219875	0.207597092	0.548371622	0.059975375	0.726565573	-0.001202641	0.119217953	0.440318937	-0.006856253	0.059325949	-0.085809777	0.092432105	-0.002727953	0.101600979	0.133664735	0.161813584	-0.293571526	-0.087732621	0.039544516
UMARY	1613	-0.013300319	-0.033364351	0.120130135	-0.002232796	0.196512699	0.023188566	0.013088455	-0.116102797	0.714198957	0.083006535	0.379132931	-0.006583688	-0.167381712	0.241561139	-0.147483865	0.092516756	0.400660165	0.607724704	-0.257836093	0.143862068	0.062395063	0.070840689	-0.290239102	0.053639234	0.000908064
UMARY	1614	0.094347443	0.046653413	0.18482732	-0.006731339	0.017816157	0.06052354	0.008158433	-0.038885804	-0.205481496	0.013732103	-0.146090757	0.06003443	-0.05465487	-0.24238687	0.017833353	-0.043821111	-0.028030361	0.377493502	0.051148567	0.072888235	0.049886513	0.083932391	0.250172574	0.099176823	0.025642606
UMARY	1648	0.134403541	-0.003256554	-0.392331018	0.009622647	-0.080829061	-0.060977737	0.105321351	0.105941172	0.011342679	-0.054155467	-0.100426447	-0.018519582	0.014742703	-0.316815333	-0.063776012	-0.018240402	0.053622141	0.054858506	0.174625867	0.197193603	-0.024936966	0.017117185	0.268951957	0.001173062	0.044928338
UMARY	1652	-0.093960052	0.099919431	0.00834873	0.055394723	0.134415246	0.102293394	-0.011672851	-0.101439879	1.068721266	-0.165433376	0.744194192	0.05276381	-0.066095771	0.211206403	-0.032390151	0.067719887	0.125383902	0.533425461	-0.342951022	0.319684194	0.099513077	0.258271688	-0.349004253	-0.028774074	0.176377841
UMARY	1668	0.08196245	0.116736456	-0.091451962	0.133596236	0.220776973	0.083422992	0.069650678	0.092037349	0.189857866	0.05600607	0.276793413	0.000608278	0.063380874	-0.138741035	-0.006270879	0.08716926	0.018690021	0.040003289	0.027301595	-0.425563413	0.109747959	0.181069651	0.059579115	0.045509927	0.141787243
UMARY	1710	-0.005770032	0.083632771	-0.261588005	0.058795929	-0.047456892	0.082585222	0.073485818	-0.076329937	-0.008296455	0.030507686	-0.131264902	0.002352595	0.265758248	0.060818735	0.116835677	0.009913591	-0.175945317	-0.047090444	-0.089157828	-0.136836503	-0.107339697	-0.056828615	-0.124107331	0.020979411	-0.052426043
UMARY	1712	0.101468248	0.146326081	-0.008848581	0.114829603	-0.209064626	0.052580398	0.113383636	0.25412912	0.118966957	0.083469653	0.15052294	0.036576334	-0.024507025	-0.062201751	0.040757917	0.113412573	-0.027309441	-0.213549721	-0.05836508	-0.127815352	0.077050826	0.048764492	0.156879241	-0.021612841	0.086478408
UMARY	1713	-0.050397312	0.031017925	-0.460286076	-0.076479491	-0.080732663	0.151366534	-0.082665225	-0.191347892	0.153009738	-0.08956364	0.071975103	-0.116904194	-0.088870676	0.510291335	0.011609384	-0.085306109	0.025876484	-0.003854324	-0.095707257	-0.107781224	-0.059133476	-0.024630166	-0.324118294	-0.034050542	-0.047893393
UMARY	1715	-0.017636059	0.053257081	-0.175421709	0.038256396	0.08452731	0.09192114	0.028119749	-0.18029248	-0.224938666	0.02428127	0.045418657	0.023639287	-0.088511456	0.024988435	-0.19831528	0.092172598	0.081907553	0.14652702	-0.333395244	-0.245328604	-0.028168282	-0.047197205	-0.519396577	0.050871737	0.033484661
UMARY	1792	0.027099967	-0.014144803	0.281136434	0.02028875	-0.20891693	0.040262753	-0.017487301	0.014021745	-0.429269348	-0.037055647	-0.200440022	0.104658761	-0.139819007	-0.152585766	-0.033039361	0.018025802	0.009395028	-0.267996986	0.098080725	0.043540774	0.047358061	-0.083854961	0.633560085	0.017199793	0.00080614
UMARY	1795	0.019189034	0.03303407	-0.40423647	-0.055395227	0.124696755	-0.046656315	0.045889398	0.118630215	0.062426709	0.014011245	0.054725049	-0.051060923	-0.092039411	0.223917509	-0.110476059	-0.010360241	-0.137029282	0.1429273	-0.110982841	0.022036343	-0.033397822	-0.07332295	0.172862664	0.073603001	0.027499716
UMARY	1797	-0.098884774	-0.055339994	-0.49416741	0.067262285	-0.006125679	-0.001782342	0.112737942	0.185958811	-0.113271807	0.05884651	-0.123469394	-0.00825502	-0.081268138	-0.082526006	-0.068756243	0.147170242	-0.209079764	0.214728319	-0.012104433	-0.090625913	-0.084340544	-0.126304797	0.305969646	0.02580788	-0.002597572
UMARY	1825	-0.025976042	-0.077144322	0.1051619	-0.13063531	-0.185319264	-0.040029821	-0.070227372	0.104221928	-0.176096227	-0.008723048	-0.054377762	-0.017846193	0.120737415	-0.216918152	-0.077170095	-0.020964994	-0.08996943	0.036041999	0.223076468	-0.205280374	0.001988042	-0.093457953	0.226433768	-0.035504918	-0.072507728
UMARY	1827	-0.090393824	-0.030400974	0.250145812	0.030503069	0.040034657	-0.130535632	-0.027569609	0.05914814	-0.433255523	-0.068386953	-0.661283811	-0.031073511	0.076972323	-0.108863534	-0.04069847	-0.04970854	-0.020846207	-0.154103255	-0.346221233	0.284716885	0.002476991	-0.045553835	0.250270003	0.000397985	0.015919473
UMARY	1830	0.192379158	0.160245285	0.135823163	0.187884656	-0.07682364	0.139304689	0.206922885	0.154230964	-0.391343918	0.113779732	-0.137979493	0.113542158	-0.039085505	-0.040140723	0.019065424	0.140725115	0.091797076	0.284141385	0.019700126	0.335550526	0.182835675	0.082514593	-0.329373225	0.045795745	0.209935726
UMARY	1846	-0.046837733	0.000281609	-0.281632719	0.066145905	0.045840729	0.023360649	0.07432981	-0.046754856	-0.017861677	0.149389258	0.281265355	0.055754483	-0.005525752	0.002219044	-0.05295069	-0.010006514	-0.033709056	0.180746727	0.021724967	0.120834199	-0.036532025	-0.059936917	0.608293073	0.041100893	-0.013348725
UMARY	1847	0.04754465	0.039454707	-0.06181945	0.059921628	-0.071723438	-0.052959216	0.034768776	-0.014585737	-0.315633673	0.062319008	-0.421281877	-0.034974133	0.040712928	-0.166262821	0.079703012	-0.064062402	-0.061631622	-0.149917622	-0.36550236	-0.177855026	0.019512352	0.019159452	-0.103746087	0.088517067	-0.038449356
UMARY	1849	-0.070066156	-0.131100816	-0.107512859	-0.04040063	-0.085469122	-0.050873207	-0.038558406	0.135558926	-0.154193916	-0.121250894	-0.346714016	0.040031976	0.081985782	0.200083192	-0.031400752	-0.161068688	0.038509646	0.021420966	0.13325752	0.00667355	-0.029000022	-0.16749533	-0.18397583	-0.068309142	0.027842756
UMARY	1862	0.113650994	0.063787509	0.094582399	0.085414259	-0.062001283	0.023965893	0.056920307	0.163674956	-0.340647732	0.067379636	0.369052176	0.041962406	0.020050139	0.911494724	-0.033892234	0.077153617	0.140213665	0.094977363	-0.067615755	0.130618342	0.053457902	0.162461828	0.037316679	0.030006527	0.093428451
UMARY	1865	0.04050406	0.034769411	-0.124819373	0.057761433	0.283669067	0.168971805	0.070867599	-0.078373644	-0.134220552	0.118617523	-0.085214178	-0.05957142	-0.130221625	0.039939376	-0.131935554	0.069452959	0.094656009	0.174379702	-0.019252423	0.122727684	-0.008107418	-0.096352203	0.077853756	-0.096828616	0.024311977
UMARY	1866	-0.099755958	-0.14089565	-0.08161357	-0.115787216	0.163514805	-0.154636181	-0.106696317	-0.141555789	0.31777079	-0.078292999	-0.155961677	-0.076674894	0.063722542	-0.12554362	-0.046675121	-0.080834756	-0.051645089	0.045121944	0.012186308	-0.22381017	-0.122192109	-0.112836159	-0.097818428	-0.071704363	-0.135622659
UMARY	1867	-0.0605364	0.021658416	0.148146053	-0.036407467	0.108561651	0.021799814	-0.103612571	0.04512566	-0.463378796	0.007996395	-0.311261837	-0.051166893	-0.088098548	-0.107474136	0.100488861	-0.051614334	0.0578686	0.264626192	0.103662811	0.095015112	-0.076952726	-0.107126671	0.356099562	0.050989402	-0.08394239
UMARY	1902	0.042058454	0.081744938	0.067639275	0.022890737	0.135399437	0.017696627	0.080804455	-0.02733644	0.065672048	0.120300563	-0.142133933	-0.021188387	-0.07390464	-0.209414135	-0.108783631	0.121134996	0.062023075	0.062969205	0.127458482	0.186078635	0.017469362	0.001793539	0.340741175	0.039541697	0.067593932
UMARY	1903	0.080620269	-0.007812272	0.038669399	0.159302767	-0.044104307	0.035967776	0.035818351	0.064670512	-0.386706581	0.1158678	-0.05307242	0.010019364	0.00167699	-0.059451431	0.010152959	0.057769437	-0.01180852	-0.112430713	0.412720591	-0.205573106	0.058170193	0.03593022	0.232129572	0.130584908	0.064852196
UMARY	1907	-0.108481206	-0.126127863	0.164599324	-0.182230397	-0.011898543	-0.086361536	-0.191939955	-0.182806854	0.364570111	-0.140649984	0.401359861	-0.188880632	-0.036618955	0.073585381	-0.092765345	-0.054479928	-0.03909592	0.053506744	-0.152464578	-0.016937737	-0.113462651	-0.071399871	-0.105540329	-0.139994271	-0.109394597
UMARY	1917	0.031673778	-0.052694934	-0.108617714	-0.126682053	-0.0362689	-0.058260472	-0.059389281	0.031847652	-0.11681415	0.015479589	-0.425636592	-0.021457502	0.06678108	-0.097388216	-0.015658658	-0.074665982	-0.11761592	-0.050433475	-0.011859805	0.261019672	-0.027405277	0.018746753	0.270164981	-0.026137637	0.022567889
UMARY	1935	-0.19179651	-0.190922696	0.063350157	-0.027700231	0.034493412	-0.143041356	-0.193052423	-0.119400044	-0.226764359	-0.072451577	0.010213253	-0.12736043	-0.051562637	-0.357563337	-0.058108583	-0.158456417	-0.091319293	-0.105917137	0.006482313	0.019631702	-0.152260232	0.001854209	-0.094504643	-0.077779609	-0.047288176
UMARY	1936	0.015649774	-0.114187227	0.191626975	0.081129332	-0.278584522	-0.145964494	-0.023941778	-0.131410765	0.331290828	-0.099514573	-0.010089649	-0.109251559	0.042999706	0.88436859	-0.025758003	-0.120871963	-0.049789071	-0.441913036	-0.189375237	-0.24333534	-0.022181744	0.085864243	-0.044317644	-0.173556803	-0.049237724
UMARY	1939	-0.026344821	0.613280269	-0.305629246	-0.144913001	0.2858189	0.606132051	0.444785403	0.156125369	0.903092045	0.350534978	1.110123406	0.419850513	-0.449503839	0.217181192	-0.310606034	0.462785936	-0.0460157	-0.227291669	-0.24190386	-0.383443596	0.188093892	-1.205252797	-0.816967003	0.114125137	0.008734913
UMARY	1940	-0.058922247	-0.03722302	0.038957973	0.087035092	0.20972153	0.017243164	-0.114156094	0.041283723	0.324266217	-0.024843944	-0.194748771	-0.027697976	0.067089863	0.68824067	-0.077813282	-0.106198547	0.111902866	-0.088085998	-0.17955387	0.374139061	0.0402076	0.088019822	0.123781391	-0.081517496	-0.037500747
UMARY	4263	0.170737183	0.102091733	-0.058357877	0.008378226	0.053799727	0.080158433	-0.004637531	0.025405843	1.137142191	0.086030098	1.376213468	0.151216141	0.002367459	0.016655511	0.32359501	0.072294155	-0.037624465	0.503622628	0.177524691	0.2208332	0.017689509	-0.018397356	-0.364751702	-0.051178506	0.03816391
UMARY	4540	-0.027258652	0.033031776	-0.199000915	-0.050963334	0.022682749	0.041714768	-0.07411389	-0.032424936	-0.193854957	0.014517161	0.320484995	-0.062133567	-0.14679857	-0.04905329	-0.148880927	0.133673175	0.049518326	0.160004771	0.365949316	-0.51079308	-0.097736451	-0.188450105	-0.527146924	0.028698674	-0.041008285
UMARY	4542	0.016479872	0.022049207	0.050611022	-0.013636753	-0.089795761	0.040237745	-0.009093726	0.069506963	0.199642327	0.046374626	0.210575963	-0.019152315	0.068227451	-0.719680198	0.046387056	-0.027090491	0.124592562	0.020335796	-0.066415004	0.027817235	-0.056724508	0.144565495	-0.420360017	-0.088968093	-0.023419032
UMARY	4543	-0.060635384	-0.070230075	-0.112488577	-0.064014374	-0.004799361	0.092767241	0.009706279	-0.171958413	0.19845498	-0.099608199	-0.252806303	-0.156978213	0.052593238	-0.165485117	0.005949478	-0.034268732	-0.052612492	-0.089037151	-0.118671887	0.075232236	-0.070214528	-0.134021419	-0.192580314	-0.01785116	-0.049902954
UMARY	4549	0.020353155	-0.033225384	0.198628013	-0.006695839	-0.050712554	-0.023449645	0.021607225	0.103312786	-0.698179986	0.068628706	-0.324224226	-0.096220912	-0.024931076	-0.157077281	0.058104825	0.093550855	0.03752317	-0.165838145	-0.000773966	-0.186515739	-0.004209005	-0.013537207	0.838736152	0.219577289	0.080764205
UMARY	4590	0.029033745	-0.058014927	-0.030749593	-0.143512458	-0.117282035	-0.06766108	-0.192530443	0.031094375	-0.231132008	-0.091310855	-0.5271279	0.079948337	0.047152258	-0.237744797	0.046288635	0.059173334	-0.090880331	-0.156880955	-0.156792465	0.285812835	0.04742386	0.080372386	0.511422363	-0.008326761	-0.088619077
UMARY	4593	0.069653911	0.007340333	0.021538235	-0.047149035	0.132506754	0.086843397	-0.006955537	-0.079640877	-0.075220025	0.036623295	-0.37789987	0.055444707	0.091917968	-0.307575815	0.18639862	0.054658625	0.05699207	-0.027662859	-0.162653394	-0.01109905	0.006831472	-0.0130581	-0.211108657	0.028197131	-0.010329327
UMARY	4598	0.005685179	-0.054160067	-0.297054932	0.000679178	0.048305041	-0.095928124	-0.07573948	0.126534957	-0.210630223	-0.061928135	-0.423680248	-0.086581596	-0.039572975	-0.150464017	0.225124162	-0.105996823	0.0245161	-0.01270663	0.030166717	0.040074241	-0.042945193	-0.040427549	0.064245243	0.10368377	-0.053979021
UMARY	4636	-0.061071379	-0.047674085	0.102409469	-0.062328297	0.242368931	-0.033601477	-0.095168828	0.110087612	0.06379017	-0.056008173	-0.185489425	-0.08902631	-0.013971955	-0.24964845	0.114371616	-0.066434303	0.045718802	0.114061325	-0.166686841	-0.16241247	-0.11653227	-0.090296684	-0.001003732	-0.001315246	-0.095518012
UMARY	4640	-0.098064377	-0.001454796	0.144184611	-0.112547852	0.110370795	-0.17626073	-0.135113731	-0.074532682	0.283046621	-0.129894267	-0.076276999	-0.155105722	0.023787285	-0.592253224	0.028249539	-0.09615731	0.164294705	-0.030673563	0.064365368	0.260564938	-0.1045708	-0.107885285	-0.16295244	-0.071684752	-0.209217277
UMARY	4725	-0.110996207	-0.052852308	-0.123989823	-0.031010619	-0.088582923	0.009983085	-0.07116311	0.159502586	-0.639349964	-0.050901539	-0.257572186	-0.082051896	-0.043878131	0.135023497	0.048914226	-0.070645652	0.037977715	-0.185245463	0.119429874	-0.112137911	-0.063502231	-0.193328662	-0.12813769	0.04297931	-0.079628107
UMARY	4726	0.074715207	-0.016794637	-0.311733196	-0.031211343	-0.171704892	0.068451534	-0.004305376	0.264600287	-0.440362546	0.130993417	-0.133511848	0.065113084	0.126799253	0.019121819	0.043445616	-0.018920898	0.019006209	-0.30568763	0.071831898	-0.268944812	0.021674375	-0.005861102	0.350944838	0.090997678	0.035491533
UMARY	4727	0.058011607	0.010989031	-0.368695942	0.052841439	-0.11075315	-0.091194545	0.06449076	0.018958111	-0.056490838	-0.074788886	0.409427236	-0.063638304	0.150939576	-0.62449575	0.04089051	-0.044425133	-0.209238502	-0.201971646	0.208963865	-0.494390682	0.090909715	0.041048875	-0.510186931	-0.014377004	0.085177135
UMARY	4729	-0.047799635	-0.023065589	0.02437354	0.070402358	0.08544805	0.1153935	0.1166385	-0.081731941	0.394693752	0.110323009	0.691906078	-0.073961604	-0.170608113	0.521655865	-0.199711175	0.091875302	0.053190724	0.170475968	0.020523946	0.132024337	0.10192392	0.005176656	-0.511664146	-0.269741495	-0.033738513
UMARY	4782	-0.205669886	-0.056067711	0.108545793	-0.100523435	-0.064967818	-0.09010373	-0.016335412	-0.085800426	0.126721941	-0.163040188	-0.1846495	0.002199747	-0.044831103	0.227424653	-0.073374152	-0.155737334	0.057513421	-0.462689736	-0.175553924	-0.165018864	-0.100602204	-0.072694436	0.277823401	-0.111827205	-0.125887516
UMARY	4786	0.014899411	0.036011412	0.159339359	0.056446817	0.053360734	0.059694578	0.068862037	-0.052364538	0.029215431	0.043398446	-0.163665135	0.029933603	-0.027821646	-0.443617586	-0.047359324	0.020911831	0.056748176	-0.134963112	0.200063462	0.041840907	-0.051247947	0.07981048	0.221976821	0.049822634	0.153667516
UMARY	4788	-0.007630593	-0.104430274	-0.00861371	-0.178822602	-0.165329454	-0.131988772	-0.244741785	-0.340635963	2.002025661	-0.124598721	1.904481799	-0.14767933	0.208808282	2.002696345	-0.252213669	0.103786614	-0.002290114	-0.625069268	-0.017562638	-0.600689559	-0.189169795	-0.015902105	-0.578508523	-0.078772629	-0.130656388
UMARY	4789	0.032796064	0.078693288	-0.251445353	0.145771659	-0.35612159	-0.007861138	-0.025059683	0.015461517	0.296124198	-0.166632466	0.522824908	-0.029909416	0.203115395	-0.38749026	0.191015211	-0.053141083	-0.012617715	-0.949695095	0.132673207	-0.801289536	0.22466326	0.273396354	-1.270680227	-0.048768735	0.047126969
UMARY	4841	-0.07280941	-0.007562124	-0.123002244	-0.011584514	0.124969207	0.034625934	-0.061813444	-0.140707483	-0.242212515	0.012172447	-0.174783651	0.080242722	-0.160631378	-0.020259317	-0.226859213	-0.008287264	-0.081482906	0.554769052	-0.023465782	0.05208238	-0.00907089	-0.031221697	-0.342319088	-0.106559145	0.000504517
UMARY	4842	-0.028335836	-0.050273935	-0.070684707	0.111872721	0.183317016	0.147386823	0.197265802	0.151573374	0.349450956	0.218158017	-0.374379011	0.105243631	-0.206511606	0.142748805	-0.230854899	0.210681214	-0.010642292	0.667266828	0.106492172	0.340370252	0.130213201	-0.050775481	-0.238602031	0.047181039	0.040973578
UMARY	4903	0.028058638	-0.05687672	0.259306014	0.042044816	-0.069122262	-0.102193535	-0.01279638	0.287061554	-0.364362211	-0.104161455	-0.234214348	-0.020379451	0.148657965	-0.203388263	0.013584701	0.030186034	0.045125829	-0.312096613	0.251534117	-0.299558972	-0.005477697	0.02220741	0.479891174	0.05806383	-0.109739593
UMARY	4915	0.053567683	0.141475649	-0.090601714	0.031447222	0.110607048	0.028228178	0.020424268	-0.141098796	-0.227550681	0.211909143	-0.218076803	0.044348889	-0.040076135	-0.210553133	-0.138207366	0.145513397	-0.002328619	0.522851658	-0.06478841	0.010040361	0.08826923	0.049659589	-0.221837408	0.167620864	0.071660647
UMARY	4916	0.101113923	0.035127761	-0.180818963	-0.025783693	0.016313984	-0.148343124	-0.035276659	-0.179977682	-0.312122365	-0.019886189	-0.201344405	-0.040581152	-0.180371579	0.081863436	-0.081925146	0.051214507	-0.116920257	0.258437423	-0.047603452	0.075636288	-0.118153166	-0.060277418	0.249815336	0.086297913	-0.004168538
UMARY	4924	0.159873467	0.120425505	0.166740699	0.167863976	-0.163306289	0.385465828	0.177543274	0.174068686	0.247814085	0.261153498	-0.225739062	0.175415264	0.253772293	-0.273843096	0.062258944	0.314104877	-0.082807701	-0.348953449	-0.122756348	0.300086165	0.181670078	-0.034112043	0.15652717	0.109743577	0.111715239
UMARY	5024	0.039055914	-0.026617879	-0.222164924	-0.017112758	-0.076066815	-0.020720054	0.047569344	-0.10976344	1.292958085	0.012569809	1.756698522	0.092572772	0.081729566	2.321158893	-0.571088544	-0.00327851	-0.004948794	-0.371255945	-0.320574263	-0.161148257	0.023978824	0.445222196	0.371404529	-0.041212493	0.111184908
UMARY	5028	-0.084908424	-0.075056129	0.139396461	-0.138357064	-0.098377335	0.041644501	-0.002529193	0.031141702	-0.34706663	-0.049126601	-0.56085389	0.020818224	0.011280604	-0.344494852	0.117172717	-0.103532518	-0.038082309	0.084005299	0.04281066	0.221410294	-0.093877488	-0.070766202	-0.035266189	0.112018087	-0.122382688
UMARY	5078	-0.087752605	-0.088831549	0.051701613	-0.114501421	-0.080277299	-0.036328024	-0.157724605	-0.129367191	-0.174889432	-0.192331265	-0.149626864	-0.086085619	-0.020792937	-0.129100976	0.0699967	-0.171101038	0.097294159	0.020575019	0.068524295	0.06412262	-0.12005979	-0.102112102	-0.069591392	-0.065177547	-0.09911956
UMARY	5079	0.046534936	0.040886855	0.088561974	-0.037059132	-0.116302827	-0.005082948	-0.015687304	-0.174714902	-0.099931896	-0.040990445	0.090970987	-0.070119344	-0.020394267	-0.312392107	0.141420953	-0.041534755	0.047687868	-0.196434776	0.040472265	-0.318632619	-0.008791263	-0.000725803	-0.256586246	0.036962461	0.087133904
UMARY	5081	-0.045508008	0.023927102	0.088975695	-0.024887643	0.019758594	-0.108434861	-0.025925077	-0.061514094	-0.340137493	-0.069143884	-0.395894455	-0.063751033	0.034701762	-0.152038384	0.154182853	-0.114238191	-0.144887204	0.086423602	-0.063453454	0.23667895	-0.064593483	-0.05004354	0.206299666	-0.040156471	-0.070481509
UMARY	5086	0.019352855	-0.044573632	0.361634316	0.056386431	-0.139741914	-0.044082157	-0.067195289	0.098421195	0.122073877	-0.034690882	-0.082012603	0.089840955	0.008261676	0.097061842	0.196972304	-0.015891204	-0.09490763	-0.100671292	-0.080536447	0.141990337	-0.018018891	0.069952383	0.286328984	-0.04832893	0.00708851
UMARY	5087	0.063114964	0.079242902	0.14711004	0.071595263	-0.129985162	-0.017619305	0.096781731	-0.073990272	-0.137296783	0.046567312	-0.074125643	0.003090549	0.109782418	-0.140153071	0.100227104	0.041908482	0.031450341	-0.018642836	-0.08511544	0.210987288	0.15596404	0.127538627	0.115003099	-0.039071684	0.173084927
