FID	IID	1	2	3	4	5	6	7	8	9	10	11	12	13	14	15	16	17	18	19	20	21	22	23	24	25
BLSA	745	0.17615992	0.32593044	0.287027816	-0.549222769	0.164180712	0.031037806	1.212645585	-1.113921143	-0.3089543	0.090874671	0.384384425	-0.345984709	0.234545802	-0.268353259	0.379703746	0.326862676	0.311957178	-0.573100412	-0.624637934	0.543859165	1.401376475	0.37652764	0.115296425	0.281487264	0.414573273
BLSA	827	-0.528845432	0.14797292	0.054242465	-0.664884391	0.05354627	0.18781892	0.309314277	0.697595231	-0.53956269	-0.097250435	0.317521774	-0.013303766	0.051245375	-0.359745565	0.30433934	-0.322566264	0.121919684	-0.828966632	-0.994929318	0.173009307	1.266883472	-0.046062013	-0.005640804	-0.527132513	0.487814582
BLSA	1556	0.03432916	-0.12063034	-0.030263848	-0.260613123	-0.221793356	0.160516595	-0.150634198	0.029367128	0.021415274	0.084339729	-0.119089953	-0.232593572	-0.040872398	0.107741008	0.049414127	0.585292111	0.041315564	-0.552898701	-0.311100227	-0.198555758	-0.197074412	-0.195186569	0.027064936	-0.166636342	0.07041252
BLSA	1579	-0.271108772	-0.239323992	-0.345900178	0.032659237	0.077231913	-0.056709762	-0.009045364	0.007062412	-0.007732514	0.253045733	-0.253695407	-0.104299258	-0.197370377	-0.242403524	-0.284824552	-0.598946302	-0.223302693	0.482741989	0.004998896	-0.17191244	-0.146469448	-0.258940122	-0.274520122	-0.250604584	-0.166820585
BLSA	1595	NA	0.186133374	0.229038795	-0.116848394	-0.664846816	0.443044735	-0.160747164	-0.764562024	-1.583447499	-0.030278035	0.639235034	0.596104802	0.37211664	NA	0.310613821	-0.159154621	0.798075677	-0.184123348	0.731911749	0.72716127	0.252210603	0.407758976	0.483930682	0.222492747	0.267352196
BLSA	1603	0.000679334	0.072226882	-0.143709853	0.456760572	-0.256975551	-0.077131703	-0.324075305	-0.518102226	0.472194445	-0.297446209	-0.176374521	0.155559827	-0.048434528	-0.197121235	-0.203613042	-0.147216492	-0.174252965	0.483868306	0.495734192	-0.07604391	-0.3483708	0.123254663	0.003719925	0.192052053	-0.082315536
BLSA	1640	0.026868288	-0.085474638	0.090130256	0.007698716	-0.264621156	0.211170981	-0.030207274	-0.146848075	-0.137984483	0.109576867	0.187278468	0.042350426	0.066560186	0.006730074	0.129904358	0.243281994	0.052989904	-0.435195369	0.018719111	0.172954972	-0.263531334	0.031045606	0.070865073	0.015785005	0.083975778
BLSA	1775	-0.195255752	-0.254084707	-0.187405533	-0.730510958	-0.484931529	-0.075454152	-0.334386013	1.677468789	-0.12842111	-0.454020465	-0.011574808	0.126143956	-0.25454092	-0.054336792	0.076986693	-0.976622416	0.299181959	-0.078480043	-0.026351846	-0.307192154	0.077733722	0.326209106	-0.057833086	-0.35361291	-0.177658197
BLSA	1802	0.124796035	-0.135757575	-0.075332828	0.650359704	0.190598754	-0.033801694	-0.093231667	-0.208447774	0.55902803	-0.333168101	-0.173204803	-0.017090537	-0.101064102	0.113481489	-0.004469389	-0.017200453	-0.252337191	0.124653695	0.212029294	-0.068979451	-0.166432832	-0.147099885	-0.026466909	0.313360281	-0.140070442
BLSA	1805	-0.073873785	-0.091336968	-0.176618204	0.545298665	0.044047261	-0.074563841	-0.44263927	-0.646254554	0.417862537	-0.156605733	-0.292537887	-0.000335977	-0.133556833	-0.370863338	-0.310052545	-0.027066595	-0.327834352	0.141551962	0.777297352	-0.203944207	-0.058840074	0.023879928	-0.024811678	0.361503918	-0.329868303
BLSA	1838	-0.058451778	-0.032789493	0.014096131	0.172454276	0.640459968	-0.071087946	0.01847743	-0.272866915	0.128808177	0.209334145	-0.034182884	-0.123723479	-0.020974028	-0.270930136	-0.010190942	-0.134123981	0.088786701	0.025684926	-0.053249283	0.001736176	0.209470316	0.025731084	-0.090661804	0.007786778	0.090722545
BLSA	1839	0.136561666	0.109674339	-0.063311366	0.221261925	0.322623385	-0.421403827	0.157860598	0.188098598	0.640737357	0.338631574	-0.233907604	-0.183881922	-0.048638339	-0.159379137	-0.222499692	0.027179366	-0.151206618	0.404980836	0.225781614	-0.18786309	0.017525091	0.080866978	0.124740908	0.178701462	-0.339637382
BLSA	1840	-0.055348461	-0.114171104	-0.198860868	-0.008678755	-0.266193811	-0.22799568	0.378021581	0.705884108	0.330018841	-0.11047481	-0.091641674	-0.205050299	-0.098900779	-0.044680229	-0.164332968	0.022179818	-0.187994038	0.362730717	0.069228058	-0.236515057	-0.277390186	0.119140728	-0.095297381	0.018167737	-0.177166118
BLSA	1883	-0.062752048	-0.112637782	-0.157282939	-0.19687919	0.330835915	0.013389654	0.099435348	0.145813687	0.413877772	0.270548898	-0.191704782	-0.115749748	-0.08900232	0.351854278	-0.096063906	-0.082265857	-0.225969073	0.059999146	0.101102546	-0.128715246	-0.070749146	-0.161685732	-0.142975384	-0.137117338	-0.092646708
BLSA	1889	0.097838674	-0.065573693	-0.027927473	0.334023231	0.183885845	-0.213902539	-0.336251976	-0.205525272	0.466066687	-0.07499523	-0.163436735	-0.075520048	-0.115463979	0.290097799	-0.092632684	-0.103394254	-0.160733987	0.125276337	0.029090672	-0.1105807	-0.391376272	0.011604269	-0.109714371	0.138348151	-0.221873503
BLSA	1924	0.116208409	-0.013052091	-0.047043506	-0.228463275	0.441945563	-0.198327632	-0.29193251	-0.417540655	0.071174531	0.604890335	-0.099199904	0.045384756	-0.016547975	0.019252879	-0.03602397	-0.061988441	-0.08370154	0.463265923	0.326480744	-0.028343506	-0.227603882	-0.224914423	-0.128239238	0.092953435	0.006679494
BLSA	1961	0.192041453	0.1455864	0.064152449	0.369916245	-0.021045732	-0.049537149	0.346036514	0.51868184	0.411141729	-0.123804313	-0.131852739	0.109097639	0.091424497	-0.028177492	-0.048564904	-0.105048419	-0.117446657	0.091959324	0.072714655	0.030069124	-0.704432252	-0.002540656	0.162228967	-0.115400101	-0.103869698
BLSA	2000	0.058655472	-0.028058067	-0.040763878	-0.051379567	-0.248872608	0.107816469	-0.250036631	0.004087695	-0.082778138	-0.229295955	-0.226321229	0.074402863	-0.012082996	-0.112924351	-0.20608883	0.036002802	-0.127228402	0.032479514	0.099915095	-0.123850911	-0.189637295	-0.037066139	-0.013855955	-0.212466363	-0.13041942
BLSA	2020	-0.25122889	-0.092701245	0.159036629	-0.365872271	-0.097655681	0.159137311	0.130786947	-0.346743793	-0.313205254	0.22748658	0.130256349	0.166673307	0.066012613	-0.005662324	0.005373216	-0.195602443	0.097132039	-0.187712299	0.069596377	-0.029018121	-0.007373075	-0.065241197	-0.117454357	-0.070081124	0.100130096
BLSA	2037	0.041834774	-0.145247223	0.140878854	0.164508925	0.059293305	0.379759715	-0.20632725	-0.388678577	-0.573038643	-0.02227652	-0.013815332	0.13694295	-0.011158343	0.252349635	0.168211141	0.425959373	0.114383561	0.833543108	-0.087334727	-0.149835747	-0.210115682	-0.151977103	0.012233135	-0.044286135	-0.019683161
BLSA	2066	-0.021704473	-0.024983167	-0.057356653	-0.053168978	-0.015766199	-0.100830289	-0.106343189	0.390111517	0.116098569	-0.307988425	-0.053237281	0.044030544	-0.033488465	0.114124669	-0.096089596	0.208260104	-0.037181336	-0.320055629	-0.306383687	-0.022896319	-0.297350329	-0.059497665	-0.027155413	0.06981533	-0.141932318
BLSA	2069	0.526150074	0.283521833	0.194685834	0.340225533	-0.206821666	-0.00270171	0.003348643	-0.362812186	-0.157057127	0.053110066	0.199713787	0.085701856	0.071112777	-0.023977501	0.222627503	0.135393673	-0.004579021	0.937951439	0.127007109	0.205067901	-0.148705936	0.066737165	-0.006514148	0.164761194	0.227313951
BLSA	2093	0.019095141	-0.02473446	-0.116804855	0.09280673	0.177199667	-0.158163825	0.349569145	0.724968593	0.691845543	0.055876866	-0.122812302	-0.149684652	-0.082196947	-0.077071082	-0.258871138	-0.096950064	-0.223685681	0.451392542	-0.089911808	-0.221274986	0.155036655	-0.30143421	-0.038645387	-0.074858123	-0.042668042
BLSA	2102	-0.03264901	0.309510358	0.435292752	-0.161452087	0.063675547	0.067919561	-0.269638259	0.303163597	-0.908087736	-0.060111231	0.530200007	-0.015174958	0.351275439	0.959994134	0.387144214	1.017734686	0.371711287	-1.86154733	-0.867708634	0.411663688	0.32521662	0.058889571	0.159705986	-0.105019822	0.417654979
JHU	384	0.31612336	-0.034521693	0.003934135	0.091539306	0.216929691	-0.203197879	-0.291447537	-0.281656402	0.373278345	0.189321451	-0.039134268	-0.114493634	-0.051549559	0.106293095	-0.241825897	-0.228153519	-0.119271363	0.183152731	-0.227001578	-0.202404612	0.138167013	-0.154049089	-0.107029024	0.095592496	-0.205487804
JHU	705	0.070982909	-0.011068077	-0.187910085	0.45429207	-0.346663994	-0.227910771	0.234716416	0.275680639	0.312282818	-0.323575189	-0.173107567	0.074590737	-0.052649135	-0.164098539	-0.267981954	-0.481064176	-0.128029242	0.098055566	-0.284970731	-0.084776862	-0.259874958	-0.010632519	-0.061811284	0.038611235	-0.250340445
JHU	710	0.189850978	0.207549743	0.013684502	0.056346955	-0.117857129	-0.094880094	0.090034254	-0.084815867	0.085237743	0.040729692	0.103474021	-0.114721159	0.057435208	0.150343127	0.062657921	0.044277073	0.080090267	-0.186710788	-0.436651252	0.129036999	-0.060720826	-0.053674292	0.086782631	0.03986684	0.037475519
JHU	712	0.144722765	0.303794375	0.046290355	-0.349768834	0.669584417	-0.176486259	-0.021137146	0.41950023	0.191992241	0.60210133	0.041878052	-0.141045682	0.156898816	-0.016039646	-0.002074348	-0.299529702	0.042134552	0.710001638	-0.100035104	0.033725358	0.164271103	-0.113475687	0.040990308	-0.015820118	0.048120043
JHU	713	-0.743505662	-0.38051054	0.092296747	0.063782607	0.801984037	-0.042678834	-0.063722527	-0.65110667	-1.344153472	-0.487433828	0.544367874	0.042812838	-0.083328762	0.162226626	0.197352228	0.417154029	0.29415095	-0.017402187	-0.192112413	-0.25764551	1.28973512	0.296721079	0.115936745	-0.49307578	0.362514967
JHU	719	0.214392008	0.182145149	-0.158425581	0.333794193	-0.231748648	0.230831486	-0.137433515	-0.158255315	0.659562115	-0.027457498	-0.083727087	0.069453408	0.08221625	-0.052533373	-0.079916492	-0.1321259	0.031042378	0.113475452	0.442923559	0.086443701	-0.267480196	0.015447506	0.137347695	0.206445245	-0.057013196
JHU	993	-0.370447489	-0.246896573	0.211773453	-0.473545893	-0.267962155	0.32711153	0.140373612	-0.288719741	-0.479834953	0.071012316	-0.219756312	-0.035375189	-0.064522821	-0.133513783	0.352925992	0.267278102	-0.26300852	-0.310646261	0.223356395	0.228497081	-0.19865506	-0.112401896	-0.327425805	0.04042	0.223315477
JHU	994	0.00485151	-0.167672306	-0.122573193	0.034434461	-0.478146253	-0.058820958	0.277522534	0.709529332	0.289909288	-0.164145978	-0.282625115	0.079678075	-0.127906501	-0.072686118	-0.147783058	-0.079609159	-0.048958823	-0.10112238	0.376403639	-0.027795045	-0.48003408	0.233922084	-0.078670432	0.145581162	-0.263377885
JHU	995	0.173029621	0.147179922	0.100929669	-0.210874866	-0.246119967	0.246031778	-0.228906091	0.059843795	-0.088274125	0.099447704	0.108630402	0.139100604	0.083406504	0.020008611	0.126645607	0.491773252	0.1118498	-0.488803772	0.198087486	0.094918889	-0.325408115	-0.101857186	0.193879166	-0.057621081	0.104793324
UMARY	142	0.025450842	0.01952909	0.036796502	-0.237183986	-0.059961704	-0.06445094	-0.07058319	0.1120647	-0.289910357	0.201982766	0.093156839	0.098678486	0.058852842	-0.054086312	0.133324842	-0.07998484	0.063637194	-0.33401356	0.063763041	0.186218175	0.067635028	-0.18348444	-0.009157485	0.145796052	0.054499654
UMARY	602	0.195421035	0.08614328	0.035698223	-0.169468042	0.054700906	-0.071263389	-0.100190239	1.002613897	0.056635301	0.019141494	-0.025846335	-0.037234301	0.008260212	0.101436503	-0.089068062	-0.204477398	-0.005586148	-0.032017799	0.073766562	-0.026210162	0.131096126	0.023758667	0.04948235	-0.0663701	-0.072077489
UMARY	604	0.028072744	0.029605887	0.047403506	0.296808278	-0.074566418	0.146794851	0.167378757	-0.242201187	0.050754005	-0.2376643	0.097956905	0.196624942	0.018034701	-0.220351802	0.010821132	0.007008178	0.048236733	0.725063582	0.190587411	0.02376699	0.121815778	0.12908012	0.071588786	-0.195492137	0.057827237
UMARY	813	-0.008521468	0.04975292	0.122699484	0.01220751	0.1226734	-0.060223475	-0.395466722	-0.229404054	0.029246131	-0.007828122	-0.011061262	-0.082043931	0.031164006	-0.073016796	0.057787848	-0.109254735	0.04331628	0.273389278	0.109132136	0.064901475	0.206593365	0.002186879	0.040059195	-0.097264407	0.043207996
UMARY	819	-0.122787665	-0.043722229	0.028888242	-0.028071466	0.021975512	-0.067588368	-0.20564032	0.289574662	-0.101330706	-0.070553313	0.031111374	0.020412098	-0.022993513	0.128441123	0.023664801	-0.098132493	0.019748363	-0.354881389	-0.103565003	0.034127128	-0.086684131	0.044888806	-0.015589335	0.082898414	0.064450852
UMARY	871	0.083221778	0.019060873	0.073277596	0.032723885	0.105288171	-0.063358384	-0.175873639	-0.241287145	0.026157963	0.1742631	-0.028465161	0.048678494	-0.04304599	-0.072382243	-0.014881928	-0.164414171	-0.045790244	-0.165951275	0.078761491	0.033891836	0.259786893	-0.065613181	0.032740664	0.065682005	0.008762616
UMARY	879	-0.112329894	-0.056352521	-0.042549369	0.0405552	-0.140419018	-0.091919283	-0.04847045	-0.277358049	0.099581413	-0.075864559	-0.033386464	0.022856859	-0.032579579	0.006753397	0.02319478	-0.010830943	0.006992957	0.343953519	0.373562536	0.007265484	-0.236552055	0.176282625	-0.038363625	-0.131754455	0.04268259
UMARY	880	0.122989036	0.172589232	0.132949388	-0.624952158	0.074600255	0.014757043	0.037362894	0.397797423	-0.00268831	0.435548092	0.14780772	0.034117721	0.220824788	-0.109015547	0.177224272	0.079449642	0.149416612	-1.04244935	-0.347318298	0.201514176	0.158121438	-0.014961626	0.255159615	-0.059020446	0.222704294
UMARY	914	-0.000631645	-0.073961905	-0.023984827	-0.159826516	-0.054475034	-0.064484276	0.193468607	0.044753043	-0.15117695	-0.151074807	0.036708747	-0.112062843	-0.002748723	0.028853272	0.01522121	-0.121127967	-0.012162723	-0.322672427	0.086043103	-0.039357651	-0.049954648	0.231385647	-0.024441375	0.002244858	0.026048913
UMARY	933	0.124508434	-0.020619126	-0.042399947	-0.004697237	0.215779332	-0.130753099	-0.195957344	-0.068901371	0.081976978	0.260630269	-0.096985683	-0.098269431	-0.08058511	0.034643658	-0.115699907	0.117396827	-0.156074256	0.172626574	0.120572976	-0.135219879	0.206418232	-0.18126336	-0.053048403	-0.130904059	-0.100045356
UMARY	1028	-0.130023466	-0.195512857	-0.027872528	0.222146204	0.160254732	0.022855736	0.344791858	-0.01291257	0.134611332	-0.171483726	-0.198811649	0.172047176	-0.245385663	-0.320068933	-0.279634556	-0.383031189	-0.28699122	1.117364376	0.082214918	-0.28104958	0.108824067	-0.213044268	-0.243262426	0.032435256	-0.24071259
UMARY	1037	-0.037201334	-0.074814088	-0.134420936	0.154509897	0.365392356	0.061423825	0.136332599	0.268150667	-0.157480659	-0.003320824	-0.096432369	-0.025179926	-0.069967217	0.159699415	-0.11871864	-0.311738784	-0.130434927	0.504525653	-0.039030857	-0.101824534	0.273484101	-0.12021941	-0.074668201	-0.044713493	-0.239439413
UMARY	1064	0.158442862	0.03588257	0.05687651	-0.233074083	0.232232478	-0.050897912	0.368625487	-0.82199636	0.375294333	0.345451834	-0.04700621	-0.108013354	0.030580478	-0.251829038	-0.094150329	-0.011927535	-0.105033992	0.171359778	0.281746688	-0.006071307	-0.337648693	-0.015905562	-0.032894514	0.044592637	-0.080359634
UMARY	1065	0.064478051	0.030592658	-0.021475215	-0.077353423	0.037156925	-0.042295312	0.058304437	-0.044929284	0.738028221	0.077764262	-0.043217694	0.007425683	0.012456228	-0.010382704	-0.001066682	-0.269733766	0.028332231	0.180878243	-0.541507026	0.075808015	-0.244378445	-0.231066013	0.104855328	0.070825202	0.093078805
UMARY	1076	-0.006135897	0.047399259	0.076756675	-0.246029455	-0.321587231	0.052043637	0.089058237	0.225213283	-0.010334513	-0.099574637	0.023890456	0.086895003	0.034803339	0.001593969	0.043867354	0.07672564	0.077740543	-0.261640376	0.186984834	0.065752832	-0.233533176	0.268606482	0.056113224	0.189373584	0.128095514
UMARY	1078	-0.128362796	-0.003726494	-0.292492949	0.202602667	0.018875713	0.061735672	-0.325408894	-0.049146916	0.620217545	-0.170625454	-0.156671984	-0.10004609	-0.178942667	0.377548744	-0.164266876	0.444061057	-0.175710807	-0.087101121	-0.241928033	-0.119188902	-0.000963064	-0.257543474	-0.090475556	-0.048531839	-0.191423788
UMARY	1079	-0.194560038	-0.133508746	-0.072472442	0.102008436	-0.297867826	-0.07394921	0.161895621	0.146606806	-0.000380099	-0.114578107	-0.140327195	-0.056252614	-0.187497549	0.014653637	-0.162260187	0.164231394	-0.166569889	0.159691814	0.215150495	-0.131241938	-0.146852418	-0.30121795	-0.13928012	-0.086093901	-0.121373065
UMARY	1104	-0.008906746	-0.030195252	-0.044098263	0.214147915	0.160004755	-0.035786839	-0.019488034	-0.205731202	-0.269707929	-0.189447431	-0.007190861	0.115606039	0.006688911	-0.022287857	-0.006853692	0.012390845	0.039184542	0.395986336	0.038396701	-0.026269735	0.12251703	0.200224977	0.020755257	-0.115837984	-0.038259533
UMARY	1105	0.000845421	0.091193659	0.053158984	0.229306533	-0.267062453	0.237975584	0.194485887	-0.073196674	-0.141771231	-0.225141188	0.15681111	-0.185942913	0.124132615	0.177619805	0.137079782	0.340195218	0.208394817	-0.323311909	-0.230897444	0.113901102	0.171378964	0.081028461	0.068249195	0.208622686	0.117912423
UMARY	1114	0.115688499	0.136192703	0.014766514	0.034509172	0.062889534	0.091982048	-0.1983713	-0.22161848	0.099034895	0.106697292	0.067859974	-0.185490851	0.066089935	0.080637899	0.072332226	0.065591478	0.074237932	-0.038098181	0.408650347	0.085596507	0.157723232	-0.054877062	0.151942631	-0.2437443	0.015984528
UMARY	1133	0.237455528	0.140411707	0.038913479	-0.024186911	0.662776944	-0.043042165	-0.656110011	0.663246458	-0.1783344	0.264423802	0.10169596	-0.162495922	0.185345196	0.222165353	0.099742442	-0.155094642	0.104619814	-0.119680861	-0.212152963	0.082608106	0.924179924	-0.103488636	0.299028861	-0.056230274	0.059939779
UMARY	1134	0.060917924	0.038660626	0.061737797	0.039607045	0.014212613	-0.009681951	-0.248476716	-0.235654659	-0.101776426	-0.234160457	0.077450557	-0.090938826	0.02993624	-0.002747687	0.033956365	0.171142059	0.117396191	-0.170349173	0.086826678	0.087364096	-0.002435632	-0.035808625	0.049085455	0.032644805	0.083116096
UMARY	1136	-0.035403441	-0.019915812	-0.056873327	-0.056014859	-0.152933919	-0.047172918	0.269745284	0.175641034	0.079692575	-0.071294182	-0.032556884	-0.10584803	0.002020211	0.118657267	-0.039674062	-0.305610321	-0.083877467	0.274592636	0.208849784	-0.047859545	-0.143220245	0.035811275	-0.067256735	0.245473384	-0.125800825
UMARY	1158	-0.029487961	-0.001550763	0.08139241	-0.054470208	0.093289936	0.008872991	0.095225074	0.889607053	-0.402597033	0.113446942	0.0630301	-0.049138019	0.018695497	0.082078771	0.068190343	-0.453240434	-0.004255323	-0.520765724	-0.150628597	0.000840884	0.053705969	-0.069138358	0.052184941	-0.120610586	0.061692881
UMARY	1170	0.039388286	0.04709308	0.036204595	-0.070945919	0.193754434	0.053915111	0.116690584	0.089696961	0.004768067	0.139285026	-0.015167346	0.050505038	-0.028364182	-0.007059237	0.045051392	-0.164973326	0.031951654	0.022573157	0.040346086	0.084275657	0.167947999	-0.112142908	0.013013308	-0.026836609	0.022389838
UMARY	1206	0.069815983	0.032476996	0.103952733	-0.393606929	0.125313931	-0.18560857	0.388853356	-0.314867369	0.068130668	0.419485198	0.059153102	-0.094784762	0.025266045	-0.266120133	-0.026453515	0.018580176	0.101345695	-0.073465345	-0.04758638	-0.064546392	-0.050682824	-0.186158211	0.064455086	-0.056885594	0.010515994
UMARY	1209	0.013604971	-0.085883181	0.057399407	0.5429463	0.147591602	0.15841998	-0.322204313	-0.160908941	-0.265023766	-0.270032281	-0.007358409	0.115856663	0.028515577	-0.069360767	0.076277176	0.317402702	-0.056324619	-0.379091841	-0.166443665	0.011982267	0.115723238	-0.055516424	-0.052910604	-0.083645658	0.022244912
UMARY	1226	0.071676693	0.04183743	0.022710406	-0.117144804	0.083794369	0.035430536	-0.466274381	-0.059863755	0.005541529	-0.037237803	0.117122625	-0.102660839	0.105028018	0.043625987	0.087280673	0.275010681	0.109789161	-0.382580229	0.235615631	0.101427309	0.169060127	-0.018439707	0.089593065	0.341734814	0.051748109
UMARY	1230	0.027053802	-0.010503843	0.056300749	0.179645211	0.129084209	-0.047249025	-0.048165076	-0.138655672	-0.115972629	0.065886994	-0.027825987	-0.10403986	-0.003508839	-0.074141105	0.001797866	0.239781802	-0.026109327	0.364519004	-0.012918482	0.01115125	0.131434074	0.153160459	-0.020479175	0.02961892	0.00916296
UMARY	1260	0.137766069	0.150136947	0.194147353	0.116507009	-0.170417727	0.071325722	-0.040653234	-0.422684282	-0.310722808	0.010228984	0.161882241	0.120512318	0.179124389	0.065159475	0.166313264	0.113026166	0.200143032	0.07812346	-0.23118514	0.162622953	0.302643485	-0.043319465	0.172335004	0.15773481	0.12760972
UMARY	1326	-0.05900088	0.049690451	0.088443801	-0.007405839	0.158076778	0.008560253	-0.091331838	-0.415262418	-0.029167604	0.062843996	0.038726979	-0.066136266	-0.01089686	-0.17750391	0.005954246	-0.098544817	0.003284975	0.178431533	0.218840267	0.030712328	-0.057871624	0.19132823	0.032261733	-0.180089685	0.004394219
UMARY	1454	0.046829914	-0.014073314	-0.129178358	-0.206975283	0.314440147	0.044471483	0.098271584	-0.301446232	0.04903174	0.373258119	-0.06636292	0.109093696	0.04090563	-0.081882829	-0.117976413	0.245341461	-0.049056134	0.247046993	0.253717476	0.020555521	-0.026453723	-0.170444968	0.078771658	0.117299391	-0.015625375
UMARY	1465	-0.128256277	-0.066497658	-0.100494201	-0.147849288	-0.167020243	-0.067612859	0.114934625	-0.365582888	-0.088957509	0.111281934	0.006709997	-0.03960717	-0.03775815	0.168924906	-0.024140708	-0.093216031	0.007335239	-0.227214754	0.043260528	-0.035445578	-0.200405666	-0.187789376	0.019016138	0.285777452	-0.015488233
UMARY	1486	-0.102351287	-0.179184631	0.032411887	-0.096890467	-0.041338214	0.00355735	0.249255007	-0.249300416	-0.016517883	-0.229928138	-0.116767356	-0.009670444	-0.089284111	-0.167867161	-0.132882637	-0.203631509	-0.149336319	0.145527683	0.12260622	-0.138878381	0.059681489	0.134439184	-0.175017699	-0.042663829	-0.063452021
UMARY	1498	-0.016259946	-0.131245421	0.01040426	-0.177325956	-0.217085523	-0.083297116	-0.122690721	-0.122468952	-0.120103183	-0.039027849	-0.061053178	-0.082613448	-0.016376266	-0.12939213	-0.010596269	-0.044195559	-0.021223834	0.015629027	-0.202922841	0.007599553	-0.174837572	0.022377608	-0.115423518	-0.284539714	0.035803433
UMARY	1502	-0.081684474	-0.163395231	-0.138309831	-0.023402397	0.039919457	0.102585745	-0.083641594	-0.083892046	-0.112948801	0.098530438	-0.080506797	0.125231409	-0.095255014	-0.144775812	-0.071511927	-0.128143331	-0.07172842	0.300428521	0.227137276	-0.173881555	-0.042390763	0.327652639	-0.030834036	-0.216341861	-0.127622051
UMARY	1535	0.12088789	-0.02731626	-0.066924116	-0.162434396	0.00142837	0.078120701	0.252968989	-0.258834848	-0.194597186	0.142329178	-0.034674515	0.156645354	0.044578457	0.065323906	-0.031365803	0.034276165	-0.010498256	-0.630877728	0.175012454	0.072422526	-0.224934964	-0.123513424	0.003474657	0.04699552	-0.054121486
UMARY	1540	0.025979251	-0.142768485	-0.053725681	-0.113132357	0.087682428	-0.044634927	-0.222528126	-0.054917881	0.150667792	-0.094320875	0.064583204	-0.006550612	-0.07331664	-0.019198978	0.072582097	0.041684532	-0.062319183	0.123074758	0.296570382	-0.035479756	0.038464637	0.386725104	0.020070648	-0.019447254	-0.073113759
UMARY	1541	0.033106058	0.127649895	0.087822133	0.080382275	-0.15662324	0.103532165	0.111288187	-0.099861095	0.033291712	-0.148586408	0.084121671	0.13216683	0.100868753	0.00235186	0.096481525	0.053725016	0.105933263	-0.132450469	0.1125117	0.037283024	0.055638823	0.058957791	0.086341333	-0.063003736	0.081853968
UMARY	1544	-0.020325589	-0.043750322	-0.105038026	0.122525948	-0.093509131	0.038497623	0.077674708	-0.147223708	-0.060769303	-0.226478762	-0.039014866	0.001184548	-0.045610521	0.191103071	-0.089162074	-0.002555295	-0.125062728	-0.011604636	0.143053124	-0.106471847	-0.086055132	0.023227692	0.034059862	0.035055519	-0.084924151
UMARY	1545	0.002529545	0.093584085	-0.017039875	0.614558268	-0.104296297	0.284407599	0.034608725	0.35598372	0.146716304	-0.245213775	0.175062801	0.159460157	0.023916269	0.089566578	0.039936053	0.174535293	0.084290446	0.165617754	0.232453254	0.003952593	0.008450953	-0.029262322	0.241935519	0.175557521	0.036936747
UMARY	1568	-0.024984199	-0.000916866	0.024734996	-0.065026138	0.204970992	0.109237106	0.060777777	-0.470830221	0.127352143	0.354712416	-0.070863682	0.10770395	0.037516669	-0.085338126	-0.049925235	0.224761978	0.001070274	0.135144875	0.513535139	-0.022858594	0.18839106	-0.189338854	0.060343643	0.244096712	-0.114998856
UMARY	1570	0.071549155	0.038196093	0.083090447	-0.092633621	-0.001261235	-0.092130541	0.101790186	-0.11603974	-0.085357805	0.040123062	-0.007340554	0.147022195	0.0263192	-0.007090689	0.050689103	0.117890833	0.063026259	0.097423671	0.090159962	0.096425287	-0.00300508	0.132343059	0.038652919	-0.023673096	0.040381564
UMARY	1571	0.125898862	0.044490799	-0.059335618	0.304142226	-0.084967458	0.077236982	0.184918179	-0.113956962	0.047313962	-0.285116331	-0.028653744	0.05929416	0.046681994	-0.175530926	-0.092510096	-0.153558802	-0.000262571	0.489736671	0.446141721	-0.017863783	0.023555027	0.483649603	0.034756682	0.066144397	0.001279028
UMARY	1578	-0.008920219	-0.067418067	-0.129388259	0.171340255	-0.319613333	0.014391174	0.25261511	-0.252493276	-0.018036017	-0.257658072	-0.047734472	0.113188116	-0.171033084	-0.005487552	-0.069427616	-0.2945138	-0.148699844	0.129300413	0.266162845	-0.067928793	-0.225261199	0.221679994	0.049588815	0.226621917	-0.204452308
UMARY	1583	0.126384631	0.078759616	0.012786931	-0.594195288	0.106433438	0.015512896	0.25436166	0.042106043	-0.368551323	0.615971108	0.165614705	-0.005165292	0.10532747	-0.002460424	0.117614224	0.006147219	0.104483715	-0.384660579	0.075408238	0.079412628	0.093391422	-0.06380908	0.104606522	0.008523819	0.160696518
UMARY	1584	0.152150785	0.082034716	0.002516214	0.024792214	-0.270699103	0.055754409	-0.354588945	-0.051818076	0.211432325	-0.347834483	-0.042681999	-0.0432261	0.039739618	0.124358404	-0.025848817	0.29766276	-0.045572867	0.142913577	-0.139923233	-0.040652976	-0.063742682	-0.116152207	0.120596037	-0.067504951	-0.0642641
UMARY	1611	0.052314487	-0.031527123	-0.091501824	0.048951987	-0.144063949	-0.150570418	0.251636936	0.812609908	0.391152425	0.059451266	-0.272911581	-0.109057675	-0.091525008	0.127385993	-0.253847966	-0.250788271	-0.206628719	0.72524604	0.007414253	-0.24639374	-0.531432179	0.123817498	-0.167843413	-0.00720183	-0.250412701
UMARY	1612	0.078878223	0.018097625	0.038368492	-0.025555702	-0.039254417	-0.160674055	-0.30838843	-0.127602396	0.296487864	-0.218239995	0.001570198	-0.138609078	0.022596355	0.481713964	0.03496656	-0.194979262	0.026557181	-0.774489638	-0.917841737	-0.110092507	0.335856975	-0.179673363	0.075110671	-0.2253493	0.00111193
UMARY	1613	0.122397786	0.042994865	0.058161606	-0.570857709	0.558112912	-0.1985132	0.215586137	-0.306949039	-0.226515182	0.184430601	0.022030862	-0.241535007	0.047302116	-0.25976848	-0.00501451	0.03981342	0.009994139	0.548690749	-0.818830826	0.093278594	0.530024553	0.013444607	-0.11708319	-0.155421375	-0.023292902
UMARY	1614	0.035908942	0.140517787	-0.002256221	0.02703675	0.060605721	-0.122669223	0.038969235	-0.275673878	-0.068755865	0.268108491	-0.100681076	0.021725606	-0.00766452	0.173765743	0.022968592	-0.196660031	0.135343864	-0.024875581	-0.170354973	0.032724173	0.004397436	0.088614405	0.096464562	0.232673693	-0.013724493
UMARY	1648	-0.126322564	-0.053723444	0.006334177	0.217571392	-0.029309556	-0.130573244	0.113133659	-0.038408558	0.418637401	-0.178978801	0.045438311	-0.106920019	0.044566536	0.043618584	0.048187926	0.058299083	0.042251776	0.422553133	-0.378171227	0.052080247	0.12768482	0.008307181	0.020698595	0.017640292	-0.003116211
UMARY	1652	0.090923486	-0.045234696	-0.043236772	-0.670357463	0.293091725	-0.088067256	0.159224415	-0.26670247	-0.135241931	0.795856015	0.023889708	-0.034391044	-0.066949158	-0.024544881	-0.007977277	0.128598644	-0.081239746	0.386747258	-0.465883097	-0.02369637	-0.005582656	-0.213799984	0.100305271	-0.091901467	0.039831048
UMARY	1668	0.095071354	0.132041844	0.019776926	-0.025192953	-0.108797363	-0.099140391	-0.261155973	-0.006167461	0.024706085	0.344289255	0.175462935	-0.056214719	0.089505841	0.142554505	0.082724642	-0.249283136	0.14388198	-0.234316199	0.129853739	0.070423631	-0.118129991	-0.046309732	0.147213959	-0.021640022	0.085323562
UMARY	1710	-0.004123806	-0.047635363	-0.035768465	0.022929574	-0.206790305	-0.072106991	0.251117178	0.453497354	0.163673835	-0.122127322	-0.015622142	-0.066938045	-0.052529247	0.072420204	-0.12022575	-0.078427328	-0.066395588	-0.120857761	-0.656640112	0.091215102	-0.298376811	-0.058612461	-0.076411848	-0.065718251	-0.024909204
UMARY	1712	0.138479881	0.069593162	0.039002229	-0.084769933	-0.204289574	-0.061659971	-0.118053343	0.125443098	-0.181234219	0.033930786	0.113690476	0.170062002	0.137225625	0.204444128	0.138553034	0.145273128	0.123532521	-0.564388569	0.196158035	0.090231608	-0.097710969	0.143571809	0.119386456	0.1521204	0.111976556
UMARY	1713	0.066941712	-0.057881249	-0.003406803	-0.077592866	-0.11528528	0.069763412	0.212370389	-0.131520525	0.00665254	-0.136770296	-0.014765273	0.17497325	-0.054585637	-0.03509282	-0.060113925	0.040765223	-0.039025504	-0.004777596	-0.131874134	-0.096446512	-0.319022941	0.065721347	-0.062588137	-0.16433873	-0.008888144
UMARY	1715	-0.014402286	0.011396147	0.012591591	0.030053872	0.080075192	0.151564172	-0.18156012	0.022312066	0.092073101	0.074388141	0.038997224	-0.103418269	-0.013361495	0.041438846	-0.013251245	0.025333588	0.012714409	0.128527445	0.072633587	-0.024305142	-0.010054147	0.171536587	-0.002458325	0.162939739	0.001798626
UMARY	1792	-0.004305136	0.033464933	0.000479521	0.136732607	-0.194949267	-0.006477237	0.324246507	-0.24778919	0.031961801	-0.132187607	0.046788849	0.333756927	0.013928653	-0.18704418	-0.01164478	0.061763291	-0.034212517	0.09492491	0.109511803	0.047993176	-0.256487592	0.055936589	-0.062770392	0.195813594	0.00911646
UMARY	1795	-0.086729738	0.056091792	-0.011480426	0.26324559	0.079856541	0.107311657	0.064469285	-0.023726784	-0.006645995	0.116562669	0.049100936	0.116479681	-0.010895953	-0.144401121	0.076720418	-0.02460013	-0.005303497	-0.02047135	-0.190255005	0.00877712	0.018680596	-0.1285623	-0.061942797	-0.052415729	0.001805172
UMARY	1797	-0.155120346	-0.022605915	-0.0474001	0.281492311	-0.102075776	0.088829568	-0.004426043	-0.321723577	-0.171577033	-0.073568598	-0.015356045	-0.024369762	0.015221927	-0.077786954	-0.026282093	-0.057652804	-0.010118712	0.149223986	-0.180782213	-0.019259917	-0.068755461	-0.02877221	-0.098705155	0.138949739	-0.048155212
UMARY	1825	-0.120501971	-0.094427834	-0.059277969	0.124527571	-0.078198639	-0.006337251	0.008643956	-0.090384896	-0.187338222	-0.157754072	-0.043089345	-0.021896907	-0.066272085	-0.058178512	-0.028878888	-0.008666645	-0.050731562	0.043471442	-0.012507813	-0.090490844	-0.055426508	0.107677452	-0.113583466	-0.204447192	-0.056137631
UMARY	1827	0.095415857	0.028768315	-0.006130965	0.187044226	-0.357847744	-0.051614246	0.249242652	-0.032208957	0.232467651	-0.278298648	-0.10185399	-0.012463138	-0.032319029	-0.152244222	-0.023624638	0.074434645	-0.025857193	0.408045983	0.214304572	0.042322004	-0.167768222	0.1119088	-0.009135792	0.25059088	-0.014480526
UMARY	1830	0.166495652	0.161078163	0.149730125	-0.253314333	0.092540225	0.207945275	0.074171265	-0.492490458	-0.032269636	0.247677656	0.109823815	0.114343887	0.128369379	0.001172806	0.139063633	0.323952918	0.182337727	0.157775358	0.172285099	0.178974675	0.01891432	-0.096792418	0.178273959	0.239423802	0.232530652
UMARY	1846	-0.025365361	-0.034653316	-0.005957304	0.049455061	-0.045095946	0.106653451	0.107480427	-0.098224532	-0.297516077	0.090272821	0.01898006	0.107839909	0.00147904	-0.102217509	0.063878886	0.244706971	0.096500232	-0.269813869	0.286281404	0.05057051	0.223497868	0.033958623	0.024667337	0.008363633	0.028565105
UMARY	1847	0.077523729	0.119463993	0.008506581	0.116366713	-0.334128467	0.183793122	0.139813269	-0.010595915	-0.08738801	-0.282323386	0.052049503	0.052488802	0.067971794	-0.059728755	-0.021439601	0.247220419	0.07326525	0.059767404	-0.068197977	0.072387242	-0.13590291	-0.025763523	0.050498197	0.233279855	-0.033243742
UMARY	1849	-0.160659873	-0.019118323	-0.048480879	-0.307980025	-0.019253357	0.068353342	0.163025777	0.627387112	0.294234998	0.109754151	-0.101038517	0.269766946	0.022115911	-0.123757701	-0.006448419	-0.099394638	-0.059525811	0.561979403	0.262366424	-0.019412154	-0.04150857	0.090154424	-0.044514108	0.063265874	-0.039467828
UMARY	1862	0.046588665	0.059859296	0.078075973	0.051720555	-0.205672393	0.044849196	0.267576237	-0.354334392	-0.140923349	0.111775766	0.017850438	0.25231041	0.081808608	-0.116179438	0.063642117	0.124918394	0.142337599	0.010554051	-0.06734636	0.094722497	-0.029753045	0.399326681	0.153125641	0.159125437	-0.016410323
UMARY	1865	0.014234644	0.035517783	-0.022935935	0.146833415	0.368090153	-0.054113824	0.123512335	-0.214463874	-0.07397499	0.014540432	0.014599669	-0.043379082	0.02134367	-0.139339264	-0.011007112	0.188508957	0.041232763	0.567428883	-0.005950672	0.002478777	0.25293614	-0.01371346	0.021662215	-0.037649502	0.004003792
UMARY	1866	-0.073826777	-0.193350043	-0.137332557	-0.175228358	-0.365244914	-0.085096981	0.076105409	0.850471411	0.090424936	-0.062212095	-0.154574918	-0.151656355	-0.130138668	-0.106999131	-0.076057836	-0.011668002	-0.16482021	0.286347056	0.107172665	-0.166429541	-0.129756713	0.001507739	-0.104601285	-0.084602667	-0.116619931
UMARY	1867	-0.013055906	-0.050296077	-0.046473509	0.228468544	0.087956906	-0.201129777	0.084445295	-0.458430574	-0.045833657	0.062074226	0.018413323	-0.044706117	-0.04790532	-0.194509473	-0.076696373	0.114142382	-0.060241122	0.27825111	0.068225799	-0.045232024	0.00502999	0.125094769	-0.024507151	0.072479743	-0.113056312
UMARY	1902	-0.032770175	-0.053323973	-0.017104463	0.210238091	0.235795567	-0.147264753	-0.074704314	-0.227523784	0.05841538	-0.149955693	0.099291192	-0.050553595	-0.006541519	-0.03704957	0.051517141	-0.283097839	0.078849443	0.196966872	-0.136296775	0.059853548	0.244808681	0.110810761	0.033269441	-0.078183511	0.075849436
UMARY	1903	0.093366617	0.132151395	-0.004105177	0.067300516	-0.122880005	0.015417942	-0.104785064	0.539709251	-0.027576743	-0.224203966	0.062588236	-0.107163149	0.028534075	0.119098178	0.068429615	-0.138861839	0.071621338	0.374795453	-0.239448138	0.06512619	-0.004463428	-0.128319074	0.124758293	0.014225131	0.076042587
UMARY	1907	-0.064608789	-0.118316311	-0.121050224	0.033985733	-0.110145382	-0.180128208	-0.128212445	0.714467905	0.231153516	-0.024525284	-0.130785657	-0.081869044	-0.116667789	0.327587287	-0.201348424	-0.137289477	-0.108781607	-0.080244396	-0.12926211	-0.116785351	0.074683291	-0.036434348	-0.069365187	-0.166846805	-0.055620743
UMARY	1917	-0.046868548	-0.11374559	-0.025076929	0.204974148	0.05360244	0.006286001	0.294245301	-0.217867204	-0.113890378	-0.202965108	-0.093463767	-0.113238649	-0.018156249	-0.002668384	-0.090117749	0.050990406	0.007116385	0.100107174	-0.249516305	-0.035802995	0.068348579	-0.19302544	0.012402272	0.247545835	-0.02763932
UMARY	1935	0.016011555	-0.104582145	-0.129937501	-0.110419706	0.188276766	-0.144724195	0.187010949	-0.123916929	-0.05249943	0.090866398	-0.126804239	-0.051151327	-0.145998162	-0.159810245	-0.149457836	-0.15654189	-0.135276942	-0.061106987	0.2606995	-0.132123551	0.292412506	-0.182160393	-0.050782616	-0.048535784	-0.207746654
UMARY	1936	0.098452931	0.070187879	-0.023622457	0.222476127	-0.342142625	0.018135904	0.083775468	1.488851058	0.182790567	-0.186741746	-0.113247365	-0.044685624	0.007186658	0.333083477	-0.043903208	-0.020339578	-0.021045258	0.015852021	0.28593358	0.017360218	-0.314580842	0.213159258	0.096688353	0.096253901	0.013000791
UMARY	1939	-0.792057743	0.068458787	0.813050873	-0.026293317	-0.079871365	0.216560813	-0.969809285	0.2606598	-0.807979184	-0.062501676	0.28968533	0.157096375	0.203482377	-0.877600399	0.594628825	0.317900548	0.295030155	-1.723880821	0.806339158	0.247713932	-0.207614353	-0.135848261	-1.042127806	-0.608249565	0.786025177
UMARY	1940	0.042192986	0.040453758	-0.10889889	0.06727145	0.310185388	-0.029297686	0.041309362	0.980459023	0.369031759	-0.235567294	0.028468822	-0.035445431	0.011539571	-0.069409273	-0.008514759	-0.170420609	-0.058814699	0.252759226	-0.487454327	-0.024287197	-0.091453316	0.023870688	0.043273765	0.340961055	0.036706652
UMARY	4263	-0.162959426	0.043346102	-0.077347567	-0.207601269	-0.26600476	-0.023677317	0.194751768	-0.019890144	-0.430811091	-0.006427373	0.115472427	-0.305733508	0.090756359	0.070773454	0.058230911	-0.09700946	0.108808733	0.141127646	-0.295645385	0.065495907	0.234990917	-0.223681467	-0.019970543	-0.076827126	0.088380683
UMARY	4540	-0.188344201	-0.105708685	-0.041512951	-0.033593074	0.440525194	0.066306854	-0.304296547	0.180151477	-0.057312698	-0.033038078	0.042674675	-0.154643071	-0.094075585	-0.088092174	-0.003248043	-0.265619879	0.007851584	0.139779837	0.10372758	-0.069611098	0.547058376	-0.057452682	-0.179367045	-0.292923596	-0.059245482
UMARY	4542	0.023334551	0.023084164	-0.006826927	0.043904323	0.184121862	0.055073945	-0.327973561	-0.213113955	0.138395441	-0.048803733	0.051234744	0.023061063	-0.021120224	-0.055495246	-0.00290693	-0.046111985	0.057964	-0.637670851	-0.527773198	0.020326665	-0.110469233	-0.158713205	0.112913133	-0.223371071	-0.018581942
UMARY	4543	-0.113898556	-0.071407868	-0.031909063	0.051841734	-0.147056403	0.058100116	-0.000186303	-0.299686291	0.016081581	-0.28328988	-0.115525443	-0.043034041	-0.093503089	0.221760489	-0.032634773	-0.060938178	-0.024242946	-0.202231173	-0.000570279	-0.056188848	-0.277671508	-0.002177367	-0.063582204	-0.206376315	-0.046259396
UMARY	4549	-0.04240127	-0.035550943	0.067156252	0.214704636	-0.209049196	-0.123352718	0.138903922	-0.706649729	0.07021905	-0.397783916	-0.07339755	0.144970611	-0.075502915	-0.221151696	0.005827946	-0.083987238	0.040543814	0.187099292	-0.059518795	0.079514029	-0.137865577	0.401412783	0.043844667	-0.040402627	0.011343906
UMARY	4590	-0.258805256	-0.082024287	-0.108430072	0.416250348	0.099960537	-0.140191198	0.107435887	-0.472753363	0.171441161	-0.23332279	-0.05827551	0.094977884	-0.032692108	-0.163211848	-0.014498953	0.366819859	-0.074916632	0.278844056	-0.150502649	-0.108159579	-0.232644046	0.018577979	-0.164869553	0.179451029	0.039259827
UMARY	4593	0.175138969	0.008367165	0.072411338	-0.257657487	0.053804671	-0.003737049	0.080967591	-0.151310008	0.112332399	0.002363962	0.03645712	0.016475014	-0.008380038	-0.013792175	-0.056405881	-0.002396598	0.009196485	-0.262018327	0.557151326	-0.000832145	-0.212963981	-0.087522118	-0.061373938	-0.03014256	0.013005319
UMARY	4598	-0.079302626	-0.047483772	-0.000967948	0.103530601	-0.016370388	-0.052927755	-0.004962135	-0.358391531	0.235857957	-0.064995615	-0.038803783	-0.128706009	-0.066912304	-0.010603062	-0.07997072	0.150896131	-0.118418605	0.025750209	0.19056578	-0.116890536	-0.161352724	-0.039662099	-0.069401	-0.065275459	-0.139694545
UMARY	4636	-0.066828476	0.040068634	-0.074878968	0.177684896	0.051339325	-0.077859806	0.040597726	0.014929113	0.290982973	0.051862399	-0.102899978	-0.133195373	-0.074759638	-0.074920381	-0.027684282	-0.247821111	-0.077447285	0.091659178	0.073388229	-0.09682094	-0.062055415	0.1167968	-0.059114573	0.021692095	-0.06470591
UMARY	4640	-0.025011241	-0.112297427	-0.074168363	-0.255327976	-0.039528307	-0.064341265	-0.114231862	0.573835049	0.0404973	0.102693886	-0.12855756	-0.082364169	-0.100253734	0.178535968	-0.035631019	0.064967734	-0.08906281	0.116647105	0.268742606	-0.052899933	-0.25404003	-0.2571353	-0.096913729	-0.032263268	-0.024330655
UMARY	4725	-0.140668947	-0.107166448	-0.012918332	-0.017489683	0.048762607	-0.046731208	0.069657316	-0.387541334	0.228587804	-0.329367209	-0.115692242	0.007600813	-0.118780415	-0.132072851	-0.045821902	0.174046811	-0.109125022	0.22200778	0.56187742	-0.012174568	-0.009638848	0.022482632	-0.193855355	-0.023889746	-0.003672292
UMARY	4726	0.024499498	0.058211666	-0.053705632	0.384590561	-0.114860892	0.056717094	0.160310184	-0.35604922	0.179053021	-0.305014824	0.00883189	0.194342426	0.038260804	0.015187026	0.049821228	-0.036552856	-4.67E-05	0.245641012	0.126172429	-0.09305868	-0.13614588	0.039813416	0.015164265	0.018728153	-0.008363249
UMARY	4727	0.042764549	0.086030886	-0.086584511	-0.025422009	0.385856574	0.241003445	-0.424575613	0.650928089	-0.168274164	-0.020020776	0.073206924	-0.019383583	0.083263499	0.113412607	0.040734372	0.328933997	0.011062769	0.145879354	-0.101265527	0.042601148	0.407673045	-0.15754024	0.101320592	-0.179143877	0.032228913
UMARY	4729	0.049543601	-0.028647767	0.081595019	-0.186013107	0.317053471	0.141218671	0.095975175	-0.358242344	-0.364854851	0.479595946	0.034474931	-0.071911593	0.059203333	-0.091418011	0.07759448	-0.255693916	0.106587913	-0.321613645	-0.005953171	0.211645574	0.109131193	-0.160545788	-0.031262228	0.035831472	0.072208375
UMARY	4782	-0.057776529	-0.162448819	0.000827465	-0.034408916	-0.096088992	-0.018003399	-0.095583228	-0.320330583	0.098094476	-0.244231471	-0.175792376	0.036155594	-0.127998217	0.074339925	-0.130343247	0.037664303	-0.177833899	-0.046840335	-0.024945235	-0.035881572	-0.281079098	-0.002441937	-0.162382576	-0.249000548	-0.069101055
UMARY	4786	0.027477014	0.061746141	-0.02417697	0.193216299	-0.260675088	0.024727933	-0.173010591	-0.046937204	-0.148521914	-0.357798044	0.130790984	0.008721745	0.070139206	0.206948957	0.075966367	0.177866675	0.076704119	-0.069071867	-0.123012044	0.090253861	-0.088944093	-0.024337725	0.094549334	-0.132860382	0.021916919
UMARY	4788	-0.053183334	-0.145214824	-0.066210597	-0.388164378	-0.065193938	-0.084275597	-0.357205745	1.164707944	0.02446836	0.692046865	-0.033564111	-0.284051269	-0.065044968	-0.176433684	-0.06466965	-0.095396658	-0.168588695	-1.606277255	0.174635189	-0.288747594	-0.262368638	-0.388617128	-0.249256371	-0.421701794	-0.039261204
UMARY	4789	0.076100335	0.059988375	-0.088379152	-0.295940433	-0.562152255	0.184412196	-0.553227773	0.419612988	-0.008529566	-0.237843752	0.009761428	-0.071127511	0.041682842	1.696503556	0.141445177	0.048954118	-0.095185005	-1.972100406	-0.384659196	-0.000344534	-0.650217181	0.126949912	0.057911281	0.011255378	-0.03095926
UMARY	4841	-0.078078174	0.044093434	0.010753309	0.048125687	-0.091482558	-0.055678684	0.282826246	0.446332985	0.366249499	0.05466161	-0.02767569	-0.106421792	0.035888753	-0.055814359	0.027181166	-0.064271481	0.064329379	0.487156426	-0.251071873	-0.030998821	0.080523562	0.034041728	0.003795645	0.239134241	-0.045386294
UMARY	4842	-0.107888786	0.003700932	0.012371821	-0.476824317	0.349169503	0.119608738	-0.06483729	-0.543440324	-0.04497706	0.457363472	0.155606143	-0.072155314	-0.016810631	-0.113089686	0.055866584	-0.176527795	-0.017914209	0.417162945	-0.313276522	0.121241114	0.415330902	-0.171553133	0.027877298	0.106984025	0.048660868
UMARY	4903	-0.070307778	0.022128908	0.0970539	0.172583842	0.028370088	-0.088617785	0.06654963	0.609839661	-0.284582598	0.072827792	0.064678096	-0.019049443	-0.077064738	-0.131360256	-0.061952283	-0.128000196	-0.122326479	-0.157418004	-0.253387911	0.003363487	0.107485075	-0.104140068	-0.045107239	-0.001529803	-0.037567033
UMARY	4915	0.077567835	0.050879031	0.07237015	0.174088999	-0.036599618	-0.076186855	-0.177096725	-0.564958221	0.165921701	-0.134102479	0.081438907	-0.02273267	0.0675901	0.018160453	0.036606107	-0.003680422	0.12035407	0.448441398	-0.351764312	0.068549556	0.277251248	0.105036285	0.090395348	-0.008529802	0.050996493
UMARY	4916	-0.076131011	-0.055449317	-0.02710998	0.280326227	-0.273173943	0.002146824	0.236035267	-0.158979853	0.066058501	-0.030473022	-0.05161023	0.113717194	-0.028020096	0.145918628	-0.015846424	-0.167660578	-0.038039174	-0.199656953	-0.390897906	-0.072489723	-0.225700817	0.254628558	-0.023393339	0.468517189	-0.071040233
UMARY	4924	0.033859126	0.043084481	0.246323814	0.386870881	0.015025486	0.243312863	-0.142792602	0.386751481	-0.364919141	-0.066624018	0.213829592	0.291060299	0.224039011	0.056947165	0.176636142	0.346425344	0.445223939	-0.606892633	-0.744973795	0.14680267	0.099427831	-0.070828448	0.287271861	0.104126163	0.187314306
UMARY	5024	0.055746842	0.096813807	-0.010864751	-0.242090752	-0.408880611	-0.012319143	-0.11829199	0.294697652	-0.137362572	0.539360027	-0.031640069	-0.010296131	0.022874888	0.160660083	0.014648257	-0.102806925	0.058623812	0.702124868	0.403127281	-0.022163041	-0.003723631	0.651552869	0.076165387	0.024401301	-0.031099228
UMARY	5028	0.083067198	-0.036321562	-0.019334926	0.073982303	0.268592101	0.131816831	-0.108317801	-0.594597498	0.056904345	0.093090343	-0.052689375	0.104540148	-0.05244094	-0.131571287	-0.050062467	0.228123479	-0.074172472	0.497920076	0.124249978	-0.014196813	-0.154061605	-0.090821821	-0.083458383	0.065440395	-0.026861044
UMARY	5078	-0.066500549	-0.131064246	-0.196186061	0.244057631	-0.153615672	-0.169670463	0.011464292	-0.096811206	0.039119436	-0.241421896	-0.15015521	0.044479042	-0.107669686	0.030676351	-0.185027528	0.027179232	-0.074479383	0.037821982	0.344998496	-0.125724486	0.174146169	-0.023398789	-0.082914815	-0.116768723	-0.075470803
UMARY	5079	0.069661839	0.039991735	-0.01965593	0.085357571	0.306656111	-0.053149463	-0.1442905	0.131590416	-0.002188601	-0.047125128	0.003618693	-0.137073492	0.01291057	-0.074307857	-0.049574195	0.007208788	-0.062866581	-0.262232838	0.043999667	-0.001690205	0.260359993	-0.110404629	0.008567056	-0.263297502	-0.040868178
UMARY	5081	-0.065217869	-0.045150258	-0.044586397	-0.117634292	0.008549737	-0.127011734	0.07774084	0.267579028	0.013583956	-0.096460434	-0.046626069	0.02195317	-0.031362622	-0.179279377	0.023783212	-0.104607557	-0.015239474	-0.060637315	-0.0234822	-0.080746389	-0.244436491	-0.031816165	-0.035026665	0.121532863	-0.088470569
UMARY	5086	0.14238077	0.064573705	0.006503357	-0.308664241	-0.184773841	0.000591237	0.030466499	0.5311009	-0.237124627	-0.018765217	-0.064469419	0.069504388	0.056429097	-0.161619519	0.020458398	-0.02390028	-0.008591707	-0.46303642	-0.231079761	-0.003589647	-0.075557767	-0.037744248	0.039821203	0.04357935	0.199217719
UMARY	5087	0.135703589	0.143979435	0.049578496	-0.169073897	0.165937371	0.08139208	0.113613164	-0.60934559	0.067643455	0.346745846	0.094280598	0.111342727	0.090161581	0.0086371	0.073739957	0.119858665	0.031471585	-0.168201494	0.159043918	0.100860926	-0.125735593	-0.176667247	0.140258844	-0.084070041	0.048172218
