FID	IID	1	2	3	4	5	6	7	8	9	10	11	12	13	14	15	16	17	18	19	20	21	22	23	24	25
BLSA	745	-0.008011491	0.11836305	0.17082675	0.035388558	0.447322727	-0.090393899	0.104827401	0.194095144	0.142197217	-0.313165817	0.539441092	0.371062702	-0.062744966	-0.401818871	-2.423109557	-0.019507525	-0.199995354	0.126166232	-0.043044973	0.411450215	-0.114307499	0.41187156	0.195324208	0.622881523	-0.43595909
BLSA	827	-0.404663242	-0.40864454	0.894230044	0.575117801	0.387828788	0.04305188	0.183966904	0.172426891	0.018174156	-0.32424382	1.043696077	0.339722797	-0.158032633	0.19816047	-0.357555221	0.702623228	0.00011726	0.052672469	0.568282874	0.151403054	-0.157612692	-0.09391334	-0.474777849	0.361191182	-0.769153238
BLSA	1556	0.08310432	-0.165085455	0.322066615	0.187418764	-0.162762062	-0.244619597	0.126332837	-0.065478299	-0.495445369	0.025120238	-0.277905999	0.116768198	0.029169827	-0.077917303	1.160080788	-0.038009831	0.048291805	0.035518457	-0.095517433	0.099695323	-0.292493613	0.194567379	-0.007684091	-0.087303525	-0.138499517
BLSA	1579	-0.078588985	-0.261179136	0.242933244	-0.009510824	-0.266831486	-0.220215315	-0.074577757	-0.311601484	0.220307513	-0.122146148	0.01622946	-0.342534629	-0.221826205	-0.443632642	-0.653015752	0.350684193	-0.048596772	-0.056481848	-0.133356217	-0.37786538	-0.153048845	-0.215973875	-0.367026897	-0.202277295	-0.308175015
BLSA	1595	0.770942519	0.04628179	-0.215405652	-0.15264429	-0.023768811	0.468859544	-0.312907534	0.338393632	0.616061481	NA	-0.342205948	0.981321137	NA	-0.22043904	-1.228689316	-1.360670499	-0.465470897	0.250516663	0.67364032	-0.192101324	0.264538558	-0.245577136	-0.786750652	-0.950245714	0.507232535
BLSA	1603	0.103526894	0.286603607	-0.864444155	-0.210230254	-0.089458786	0.225731024	-0.038140372	-0.011550207	-0.007560682	0.085527394	-0.038698463	-0.192857664	0.081986226	-0.081618951	1.271888822	-0.152480985	-0.104211758	-0.056890618	-0.242749982	-0.16205711	0.554882462	-0.090012192	0.044615503	-0.114576603	0.655143731
BLSA	1640	0.177954268	-0.003200282	-0.044842431	0.02941319	-0.173772988	-0.155097089	-0.074955986	0.151142406	-0.366197389	-0.087422432	-0.307023412	0.099842851	0.0685112	-0.329243867	0.721528693	-0.083233904	0.271818472	0.11703472	-0.06109576	-0.025422479	-0.230592203	0.147402202	0.328143715	0.20608849	-0.120543427
BLSA	1775	-0.476595604	0.046792127	0.610245487	-0.048594184	0.154282821	-0.281305894	-0.072825203	0.096626865	-0.012667494	-0.278629728	0.256255145	0.067127578	-0.134060907	1.632714485	-0.062562498	-0.368446356	-0.340663802	-0.148555188	0.731794891	0.030269335	-0.137955475	-0.138612434	-0.46593471	-0.21568164	0.009025262
BLSA	1802	-0.130438152	0.297113283	-0.240000325	-0.137584815	-0.223753465	0.050274416	0.010770533	-0.116067657	-0.161055874	-0.007717199	-0.090184282	-0.269521451	0.023590813	-0.19289662	0.654688109	-0.274691041	-0.182334207	-0.031265834	-0.101302061	0.214936143	0.224728888	0.002292455	0.26299095	0.050648692	0.485895981
BLSA	1805	0.048801619	0.228761147	-1.062344944	-0.220268389	-0.146652937	0.315418037	-0.081228041	-0.111699892	0.089981365	-0.013745928	0.088743358	-0.182440578	0.163415009	-0.041538648	1.201495307	0.2467938	-0.161293626	-0.164087534	-0.154755558	-0.028246445	0.289674959	-0.004613506	0.116447398	-0.155952114	0.83534279
BLSA	1838	-0.290044398	-0.10119021	0.281246333	-0.141374663	-0.095805866	-0.1316418	-0.151301231	-0.027228176	0.122566045	-0.059089375	0.075737651	-0.052080826	-0.189037031	-0.518382409	-1.161118009	-0.03819735	-0.234828221	-0.249272439	-0.229932656	-0.053262268	-0.172322897	-0.033586464	-0.036817816	-0.07565343	-0.132970384
BLSA	1839	0.053548434	0.24230934	-0.71103895	-0.104932421	0.035164583	0.231697045	-0.031904581	-0.075520937	0.063875356	0.230247926	0.253183967	-0.219175135	0.210132525	0.146954609	0.036504158	0.140128643	-0.101760981	-0.016033464	-0.115770083	0.027160141	0.244348657	0.060287755	-0.059575833	0.039294222	0.278958739
BLSA	1840	-0.062748424	-0.029482703	-0.435374108	-0.204301454	-0.051027279	0.104610361	0.05074959	-0.093563437	0.116541881	0.093969229	-0.018284018	-0.105942567	-0.019227681	-0.08236809	1.401799565	-0.057199845	0.519762177	0.014116688	-0.29872081	-0.009013018	-0.001931986	-0.069097885	-0.056573595	0.072748456	0.047028676
BLSA	1883	-0.100455747	-0.120648316	0.086675305	-0.315616202	-0.015569762	-0.259807262	-0.094241036	-0.059008583	0.018971164	0.033156658	0.179945456	-0.158110925	-0.14043726	-0.533468953	0.632539435	0.737761404	0.015618579	-0.089450062	-0.13723682	-0.048970904	-0.085598494	-0.058051126	-0.2527926	-0.129507866	-0.103475054
BLSA	1889	-0.018976115	0.244210408	-0.33754793	-0.132419877	0.00963991	-0.028354263	0.004588768	-0.103593275	0.055575344	0.03978911	-0.175237221	-0.210100262	0.106016171	-0.077274822	0.27442042	0.195920246	0.166309933	-0.106902109	-0.097488874	-0.049967978	0.03590778	0.017094094	-0.019115795	0.173413036	0.248605557
BLSA	1924	-0.195910807	0.022232133	-0.101885729	-0.006956364	-0.039036165	0.167914192	-0.050370586	0.021263646	0.570194469	-0.056200354	0.382530796	0.029311852	-0.199844619	-0.344464254	0.70445587	0.276793406	-0.201520159	-0.056296818	-0.242556546	0.073212366	-0.237686783	-0.09810531	-0.423497822	-0.120278003	-0.155996169
BLSA	1961	0.188020811	0.067008924	-0.592501124	-0.06545534	0.152282719	0.329715063	0.050217182	0.005076623	-0.32032203	0.32176834	-0.274638093	-0.03370338	0.294534279	-0.394464591	0.113548961	0.951964751	0.143502218	0.045531883	-0.417532948	0.230597575	0.239316682	-0.072541649	0.267652824	-0.038562162	0.552908721
BLSA	2000	-0.152074434	0.070736233	0.055065064	0.35753775	0.017065339	-0.11903163	-0.037258898	-0.15313191	-0.264563617	-0.066761026	-0.441995057	-0.232003275	-0.031484868	1.928472567	-0.695052671	-0.291103843	0.11919539	-0.040843684	0.178156005	-0.192173576	0.010149766	-0.023980498	0.321031771	0.116820561	-0.146916937
BLSA	2020	-0.025775198	-0.131548053	0.63339524	0.049538035	0.049045087	-0.170217199	0.029337687	0.107521411	0.101351891	-0.09539436	-0.099638933	0.062722369	0.002972211	-0.231223812	-1.251822452	-0.020113268	-0.160803357	0.001497206	-0.237704236	0.038361265	-0.14082134	0.159604002	0.266675347	0.077958089	-0.355234402
BLSA	2037	0.087191515	-0.171877102	0.40543833	0.112570546	-0.075565336	-0.046002858	0.021448485	-0.121171247	-0.475908545	0.153103764	-0.186618064	0.039671506	-0.0034952	0.293794847	-1.025242866	-0.293558898	-1.14E-05	-0.101345769	0.033123782	-0.097554198	0.12290607	0.003186207	0.290368825	-0.00298023	-0.234358813
BLSA	2066	0.019591239	-0.012347903	-0.197166468	-0.002895275	0.007833634	0.010130761	0.194776584	-0.009491939	-0.014692706	0.010523294	0.181450403	-0.147112745	0.027250711	-0.1876124	0.865724548	0.228406902	0.334716281	0.029620859	-0.131961771	-0.025712837	-0.00722294	-0.032800659	0.194026585	-0.017008919	0.205606113
BLSA	2069	0.257989198	0.068296124	-0.136145169	0.022156648	0.066109903	0.045047745	0.027090377	0.084742279	-0.177359754	0.120399326	-0.288562097	-0.106487314	0.139087214	-0.152004197	-0.331519356	0.075145255	-0.058813763	0.149825249	0.025555546	0.03964598	0.078330314	0.123161423	0.649363578	0.367645216	-0.127078069
BLSA	2093	-0.218515136	-0.10742426	0.23663222	-0.186721857	-0.08790394	-0.238415947	-0.12199949	-0.10292282	0.269732817	0.036277853	0.068342626	-0.27774025	-0.160733933	0.034434328	0.878238461	-0.033030567	0.755678899	-0.197173505	0.11900258	-0.193007457	-0.033145169	-0.154044298	-0.204796208	-0.101161892	-0.313799341
BLSA	2102	0.372126915	-0.22608021	0.999942351	0.570364919	0.125333371	-0.007347313	0.337604368	0.190740965	-0.109757242	0.274633056	-0.544564445	0.422260012	0.174259116	0.075838163	-0.72722544	-0.875977915	-0.114706735	0.492098446	0.41117073	0.138623578	-0.300044199	0.211443295	0.218703164	0.122499926	-0.483588649
JHU	384	-0.003994324	-0.118703061	-0.653313772	-0.147124893	0.251827984	0.065880819	0.235560707	-0.127350478	-0.031970049	-0.035153529	-0.112151946	-0.036448067	0.203527791	-0.10122413	-0.338013607	0.264922087	0.138918847	0.179284423	-0.334247137	0.188236613	-0.091290404	0.101355121	-0.293561193	-0.003389263	0.182902801
JHU	705	-0.068933375	0.465650343	-0.449696743	-0.086854908	-0.165956056	-0.093320074	-0.041173213	-0.142713314	-0.202429501	0.011063568	-0.082839125	-0.112320762	0.039857849	0.5255695	0.3737218	-0.38134604	-0.034845205	-0.038041228	0.182073032	-0.214750285	0.379800987	0.116761056	0.451936193	-0.035682857	0.304841517
JHU	710	0.178687219	-0.003093918	0.197890773	0.079003347	0.082741535	-0.060335837	0.031411953	-0.062597385	0.03338903	0.0664441	-0.08710301	0.162854168	-0.096427164	-0.039053026	-0.049065977	-0.423664146	0.408232189	0.088907623	0.174078293	0.031948642	0.179577057	0.049008749	-0.154051262	0.033968109	-0.03990427
JHU	712	0.126794263	-0.127999647	0.380956081	-0.037799875	0.066938489	-0.204705078	0.065910894	0.05594733	0.248564044	0.063541791	0.37659027	0.062775468	-0.064663716	-0.010344979	-0.035829242	0.200733617	0.344797925	0.059170094	0.175974966	0.210012641	-0.109855969	0.019985879	-0.47715308	0.060232018	-0.475602068
JHU	713	-0.697527901	-0.622595379	1.035701095	0.442354126	-0.106563811	-0.145092084	-0.126643694	0.340412266	0.187319895	-0.35066763	0.384921682	0.217887536	-0.247877645	0.338559382	-0.815502087	-0.137699047	-0.828346981	0.297782438	0.415207316	0.058267664	-0.282870652	-0.093541923	0.536500118	0.088354623	-0.407330848
JHU	719	0.188957672	0.118426486	-0.561935938	-0.082677558	-0.002081164	0.209999427	0.030871859	-0.019216228	-0.275702124	0.178029007	-0.312741003	-0.227247019	0.103442498	-0.092169431	-0.803702782	0.1458507	0.025290765	0.036987927	-0.230366928	-0.089969025	0.242887592	0.022008392	0.277834463	-0.073127962	0.411859617
JHU	993	0.028900026	0.455869647	0.294157965	-0.002345125	-0.105403297	0.313438747	-0.083249123	0.013286248	0.125401331	0.02497502	0.033575562	0.204549779	0.10192863	-0.723329575	-0.876808801	0.073648607	-0.002672035	-0.531967385	0.100633342	0.107473321	-0.257604738	-0.183606849	-0.299057056	0.161093673	-0.225964004
JHU	994	0.039418362	0.053004029	-0.236162254	-0.250642003	-0.061390552	0.012916418	-0.127932476	-0.090359236	-0.085916476	-0.066418114	-0.100810603	-0.191073105	-0.064047912	0.191806807	2.038516591	0.011115091	-0.080581748	-0.118356228	-0.240067475	-0.217204327	0.123141139	-0.127197825	-0.038105342	-0.181843645	0.191484767
JHU	995	0.207698057	-0.220558499	-0.007597208	0.086086889	0.039886873	-0.098782339	0.015243093	0.032590796	0.001343851	0.108185786	-0.099441829	-0.080977998	0.02425967	-0.089814548	0.506684106	0.246439132	0.029206243	0.026232336	-0.243285408	-0.074015243	-0.183785013	0.095227399	-0.004342841	-0.049604695	0.057712487
UMARY	142	-0.036769699	0.224259588	0.058953688	0.035839825	0.021564999	-0.046162627	-0.080711665	0.062242676	0.184312659	-0.003756869	0.28218124	0.09201834	-0.067714542	-0.096736764	0.138295875	0.076696286	0.317266297	0.146009739	0.211740445	0.163179015	-0.262361739	0.007681948	-0.172065503	0.00860599	-0.246951161
UMARY	602	-0.026491863	0.217671619	0.041986276	0.105278334	0.081347239	-0.184214655	0.040271411	-0.123767582	0.05161642	0.126075274	0.128514759	-0.106403058	-0.011875775	0.002073001	-1.515776896	0.035614631	0.099156644	-0.023598731	-0.069920558	0.066406009	-0.072762637	-0.061959019	-0.176725686	0.074197233	-0.290044814
UMARY	604	0.03656926	-0.110722592	-0.02886821	0.016812061	0.052987956	-0.037951482	0.122205237	-0.061431868	-0.055982291	0.010076271	-0.444551531	0.075363327	-0.039691473	-0.149907425	-0.681227562	-0.337043573	-0.075078917	0.019889175	0.090106694	-0.172718576	0.023681714	0.017772994	0.411915106	-0.06080873	0.225666557
UMARY	813	0.087808075	-0.0766423	-0.386751596	0.005427054	-0.028055391	-0.059021292	-0.095216384	0.062243774	-0.16738393	0.089536773	0.161935013	0.061001009	0.096021948	-0.144686891	-0.839039907	0.200622695	0.009550799	0.043809776	-0.182624141	0.075087804	0.122575611	-0.030106529	-0.341245966	-0.022233238	0.139225255
UMARY	819	-0.044764816	0.391524867	-0.021099671	-0.001712087	0.020227161	0.096352143	-0.091189311	0.015755388	0.065206078	0.023981364	0.068006146	0.049929463	0.086359575	0.17440276	0.265407137	0.191835316	-0.059604841	-0.005528297	0.166519258	-0.017790019	0.122364598	-0.005954199	-0.0673271	-0.038813049	0.158269837
UMARY	871	-0.004008338	0.037706849	-0.59956279	-0.018392513	-0.036251409	-0.059227843	-0.056170507	0.030577055	-0.178576296	0.05064271	0.172155622	-0.004242091	0.062615559	-0.029091763	-0.908494813	0.305796329	0.031246622	0.007070148	-0.019721659	0.053301202	0.117922718	-0.045073563	-0.208420484	-0.052132454	0.142298085
UMARY	879	-0.046778491	0.014472922	-0.196793792	-0.167544618	-0.065650427	-0.077553854	-0.182229997	0.079636536	-0.030674495	-0.058144527	0.038303951	-0.021676988	0.045782968	-0.030952561	0.705185244	0.187565487	-0.097274187	-0.091225478	-0.167854241	-0.033159896	-0.003143046	-0.150515713	-0.22507384	-0.090788232	0.181445592
UMARY	880	0.193623341	-0.051284045	-0.280321353	0.008221038	0.14350814	-0.104077144	0.256165545	0.156769433	0.082865066	0.182226805	0.097499516	0.102746748	0.047345935	-0.266046223	0.213710237	0.515985954	0.460224622	0.105694894	-0.078179182	0.105574775	-0.022142437	0.296303307	-0.434240751	0.168583616	-0.261432776
UMARY	914	-0.074405844	0.055075255	0.049437142	-0.062671711	0.038565999	0.046755088	-0.006280292	0.040494029	0.206092322	0.050555594	0.063117831	-0.008116382	-0.036218857	0.360154886	1.294658669	-0.168952686	0.040714202	-0.032555591	0.094581265	0.000741334	0.014126485	0.05727007	0.480882591	0.064486449	0.070138456
UMARY	933	-0.055288154	-0.184935145	-0.11557193	0.155940021	0.004441404	-0.146165531	-0.092787913	-0.048030795	-0.300087208	0.042453425	0.020981533	-0.149690666	0.123200314	-0.002332501	-0.693657825	0.63856164	-0.150505844	-0.087327628	-0.07316524	-0.028144933	0.025535823	-0.080292081	0.048202693	0.068266911	-0.15471249
UMARY	1028	-0.101863709	0.072195987	-0.208136893	-0.081311345	-0.023222061	0.040595026	-0.105421535	-0.147754802	-0.014196228	-0.150806188	-0.076654154	0.012579942	-0.042507382	0.221735046	-0.057420236	0.003989769	-0.240280853	-0.028994919	-0.260585123	-0.227655487	-0.019769507	0.10001705	0.26057428	-0.151063839	-0.073804073
UMARY	1037	-0.081000522	-0.090924198	-0.102048839	0.081912929	-0.040000895	-0.018154663	-0.059086361	-0.059235563	-0.065561072	-0.049645482	-0.371472254	-0.133455501	-0.115696633	0.383199906	-0.185387417	-0.258256005	-0.00598107	0.04458299	0.201525187	-0.216599222	0.061048969	-0.114192516	0.092268826	0.063243227	0.055269256
UMARY	1064	0.014063755	-0.154871528	-0.572353564	-0.199590603	0.079315641	-0.009327828	-0.085594322	0.075567805	0.279881805	0.130095672	-0.222585817	-0.24518821	0.114667372	0.044830642	-0.289063204	0.360840667	0.561730793	-0.044760083	-0.331684943	0.001624419	-0.115495102	0.156398065	0.526390959	0.178802331	0.08629151
UMARY	1065	0.038188853	0.013399314	0.149071052	0.0670456	-0.016219822	-0.185251858	0.088923169	-0.005840313	-0.136738475	0.07963122	-0.081439315	-0.210857296	0.022351235	0.279237007	-0.236530936	0.176098271	0.486546506	0.141355841	0.114184441	0.035581536	-0.171256168	0.144885781	-0.091385899	0.013755013	-0.18857758
UMARY	1076	0.024767789	0.202573259	-0.191326818	0.036292319	-0.00528346	0.178364519	0.185299811	0.049211084	0.044358638	0.030425576	-0.114519399	0.025040774	0.075042567	0.064046701	0.543566415	-0.045704877	-0.160377722	0.080794269	-0.222664859	-0.010841255	0.119073595	0.070371152	0.399715802	0.101811053	0.238963135
UMARY	1078	-0.232612669	-0.472029722	0.006624112	-0.110841319	-0.063406803	-0.070926691	0.575596062	-0.23521226	-0.143055105	-0.142530335	0.003222729	-0.143338132	0.103086844	-0.283303053	0.104735222	0.455448845	-0.105164413	-0.011443681	0.056147407	-0.173386886	-0.082215301	0.223558544	-0.255052742	0.00247708	-0.067421482
UMARY	1079	-0.145303486	0.110201389	-0.000452225	-0.057073224	-0.029096091	-0.094169573	-0.070854392	-0.073953135	-0.236143783	-0.109365306	-0.108096617	-0.070189161	0.047872958	0.176863061	1.378766472	-0.172091227	-0.130005028	-0.093309193	-0.321573778	-0.189419178	0.013190817	-0.080649556	-0.155681019	-0.054383471	0.269992665
UMARY	1104	0.046055946	-0.086403005	-0.32021329	0.14279634	0.022642766	-0.130570787	-0.061506687	-0.023619607	-0.143150029	-0.010544588	-0.156278383	0.027511399	-0.053966538	0.026164039	-1.206320878	-0.197648754	-0.103235523	0.009699673	0.019020553	0.010578129	-0.048508369	-0.043841516	0.260096068	-0.094896912	0.186818721
UMARY	1105	0.112885951	-0.053222192	0.48322688	0.128592685	0.010580171	0.097905091	-0.068162356	0.049392133	0.086996808	-0.007854183	0.017239009	0.1267715	-0.144456478	0.032572612	0.760984851	-0.489814328	-0.09612211	0.043669722	0.614225014	-0.117683786	-0.000621324	0.088876998	-0.451046067	0.04162278	-0.166878873
UMARY	1114	0.109429021	-0.180346958	-0.383189882	-0.02220039	0.132702875	-0.088385631	0.121292401	0.052785274	-0.150457276	0.140071078	-0.250143027	-0.037173451	0.09429222	0.028244978	-0.73290249	-0.022045374	-0.021741169	0.087664961	-0.178748071	-0.001729084	0.188031146	0.051786551	-0.26909861	0.028357741	0.250718131
UMARY	1133	0.188809927	-0.145008128	0.047285801	0.468574963	0.094047211	0.004603183	0.166991886	0.082450715	-0.128683805	0.244758754	0.112788586	0.033081889	0.225910871	0.019337073	-2.316048425	0.233619309	-0.218149021	0.110337907	0.387286147	-0.018745247	0.050855519	0.073293912	0.380952982	0.147362708	-0.079312283
UMARY	1134	-0.005435367	0.103245323	-0.139057132	0.043927757	-0.020828328	-0.02490078	-0.109327652	0.034481005	-0.098388959	-0.028959834	-0.012086446	0.05124769	0.07858008	0.030623596	-0.616562229	0.164829534	-0.006765127	-0.005226124	0.314871927	0.018570483	0.165577298	-0.000936906	0.120410626	-0.058930224	0.116113531
UMARY	1136	-0.081446342	0.294908439	0.092316683	0.011969574	-0.057642705	0.193171024	-0.090633379	-0.067050449	-0.075567024	0.041636498	0.03285382	-0.042034915	-0.079840195	-0.011066043	1.02901376	-0.049802267	-0.078161684	-0.055151697	0.043180208	-0.210257209	0.046475124	-0.060440735	0.132949916	-0.039226826	-0.151058688
UMARY	1158	0.028174076	0.046757238	0.343333564	0.053736713	0.084514921	-0.050902589	0.025480292	0.041228878	0.091592186	-0.075491411	0.237043832	0.064092472	-0.046257772	0.115267413	-0.300602608	-0.038495052	-0.026443752	0.037942824	0.048689682	0.034469862	-0.217564919	0.017746678	0.051477802	-0.000521554	-0.166635089
UMARY	1170	0.024337031	-0.134006823	0.172347801	0.017875094	0.081921674	-0.080707335	-0.066968708	0.053520394	0.108585944	-0.00754944	0.224480258	0.065523515	0.021707145	-0.124498186	0.036482534	-0.054332831	-0.105422649	-0.006676351	0.141570384	0.009064194	-0.101380641	-0.025174573	0.066039388	-0.013687272	-0.146565926
UMARY	1206	0.010251681	-0.132134912	0.107248078	0.063128917	0.057002423	-0.032609684	-0.084886728	0.004240186	0.395741301	0.03674053	-0.057539544	0.002459545	0.053211089	-0.063612254	-0.590229743	-0.042856632	0.464980906	0.041534047	-0.218475629	0.096532624	-0.266914171	0.025777299	-0.017713686	0.027492038	-0.285882188
UMARY	1209	0.044350332	0.263243652	0.431706694	-0.054065279	-0.060511877	-0.145102558	-0.110613319	-0.077732787	-0.137532961	-0.127073823	0.060859927	0.051219913	-0.05321986	-0.291171108	-0.510121866	-0.236847008	-0.198720815	-0.001665824	0.166108741	0.113977763	0.001232291	0.029774734	0.212803145	-0.105120769	0.119683763
UMARY	1226	0.038454917	0.010795739	-0.360664467	-0.173931431	0.007456671	0.027901991	-0.073514957	0.036397491	0.101806003	0.066364194	0.127324193	0.03017443	0.151389377	-0.072957789	0.339992305	0.158773922	-0.029548977	0.055139463	-0.11796638	0.067203706	-0.002360089	0.027804289	-0.163503951	0.045341082	9.65E-05
UMARY	1230	-0.011510643	0.021600512	-0.166236753	0.14051914	0.015374342	0.113224929	-0.042646725	-0.054454004	-0.009250831	0.112384923	-0.324493071	-0.019107307	0.034110323	0.006591385	-0.66686578	-0.179006698	0.130662206	0.134695573	0.160559295	0.034743734	0.088841736	0.117363361	0.126907918	-0.022222109	0.139979943
UMARY	1260	0.100293413	0.132296202	-0.260161464	0.0709991	0.097500218	0.062694039	0.058580214	0.046465449	-0.082234636	0.219129307	-0.341313584	0.224587167	0.084831627	0.243097262	-0.882676387	-0.718548585	0.049432851	0.142886736	0.238890925	0.114341618	0.103455113	0.122336328	0.463537772	0.01609551	-0.013117099
UMARY	1326	-0.001669584	-0.05898646	-0.200306236	0.04133681	0.021198424	0.109574397	-0.08111713	0.052544088	0.013415197	0.038614082	-0.109064433	0.166616917	0.043253867	-0.009381373	-0.130028001	0.250965727	-0.029451624	-0.013578465	-0.189640522	0.200862765	0.146794588	-0.053366661	-0.234355365	-0.022909572	0.379420675
UMARY	1454	0.081808819	-0.109918282	-0.145184753	-0.031044964	0.014625077	-0.075549556	-0.066201844	0.065167972	0.13872321	-0.033738403	-0.071272504	-0.01277112	-0.029734491	-0.114240184	-0.716653622	0.05456347	0.173558607	-0.059103316	-0.156730468	-0.008287486	-0.307238251	0.020468705	0.13183482	0.0279765	-0.157265463
UMARY	1465	-0.062297465	0.158137278	0.232221939	0.027327573	-0.057509155	0.097844311	0.163089401	-0.004392639	0.117490596	-0.046099013	0.352076657	0.055852583	-0.043491203	-0.07890543	0.638775411	0.0375182	-0.339372142	-0.074991136	0.079364282	0.166225465	-0.120429719	0.001607904	0.000773907	-0.092774468	-0.069551159
UMARY	1486	-0.026954245	-0.0001503	-0.112332321	0.08575788	-0.007654004	0.202007294	-0.047596651	-0.032962823	-0.145963839	-0.229515368	-0.047089297	-0.073706383	-0.042470823	-0.052199102	0.96637398	-0.170660599	-0.005073412	-0.072318716	-0.368863269	0.026351554	-0.066000763	-0.03111439	-0.186319968	0.042829856	0.0503518
UMARY	1498	-0.039353359	0.006167689	0.003698077	-0.080453351	-0.102872593	-0.019087201	-0.225522246	0.087852365	0.014070641	-0.076457596	-0.055132661	0.017984863	-0.110217412	-0.0350572	0.750072051	-0.12863109	0.126274475	-0.118448381	0.008853518	0.016087754	0.048146318	-0.15389146	-0.115433768	-0.076222936	-0.154922757
UMARY	1502	-0.122657147	-0.06773481	-0.196676514	0.035889759	-0.164470348	-0.178195548	-0.010195561	-0.064206883	-0.295848688	-0.11277118	-0.00521909	-0.017645935	-0.032533677	-0.11297121	-0.23947557	0.029955722	-0.253575458	-0.092919987	-0.302894506	-0.03444164	0.073350531	-0.056842191	-0.27114495	-0.149855232	0.335562219
UMARY	1535	-0.033764565	-0.065107767	-0.051512137	0.06178676	0.033297076	0.301645837	0.021692503	-0.074498547	0.281409298	0.075109473	-0.180553351	-0.043828991	0.019347605	0.014188978	-0.945653671	0.028412248	0.266355877	0.053316043	-0.210992742	0.020940075	-0.052017031	0.103670852	0.419955804	-0.073021567	0.143892709
UMARY	1540	-0.103499441	0.218987279	-0.606739946	-0.222516897	-0.089983145	0.160685021	-0.056770096	0.027263971	-0.053732524	-0.088360122	0.069772154	-0.033698567	0.103235852	-0.117154856	0.57045823	-0.516219367	-0.080240047	-0.034111773	-0.190005003	0.000285324	-0.021063831	-0.058883139	-0.147813239	-0.091554082	0.209948867
UMARY	1541	0.09215927	0.107898854	-0.111855954	-0.03434911	0.103473766	-0.043209708	0.051412703	0.059762068	0.072539924	0.132551733	0.00474067	0.06661501	-0.026192102	-0.103313923	-0.359580652	0.082373809	-0.04264575	0.096777999	0.16516336	-0.0978323	0.059337808	0.07103114	0.346943257	0.116364749	-0.219431124
UMARY	1544	-0.04779012	-0.002707789	0.372582321	0.091738779	-0.104709834	-0.130092154	0.022869084	-0.043732508	0.026869077	-0.079926091	-0.065443765	0.008523794	-0.076124416	0.094955684	0.08140568	-0.216773713	-0.165680156	0.004821596	-0.012136872	-0.177271922	0.05332662	-0.026305393	-0.274103542	-0.087538926	-0.132360482
UMARY	1545	-0.014683184	0.124918233	0.079079379	0.037225014	0.060444652	0.190928699	0.136210256	-0.031016128	0.082076233	0.179385739	-0.350824438	-0.068990772	0.048148925	0.238141693	-0.233421658	0.01813529	-0.254879628	0.229510043	0.370151989	-0.165151335	0.397795984	0.182534804	0.333964986	0.110118689	0.231316056
UMARY	1568	-0.011456404	0.110876446	-0.620703552	-0.110908889	0.038339563	0.014005596	0.091253179	-0.029994555	0.209686914	0.028444311	0.058859377	-0.011529143	-0.011569234	-0.166557759	-0.171610157	0.254294898	-0.088009753	0.043069123	-0.394894201	-0.025766717	0.046242259	0.059492773	0.108801234	0.021918168	0.025258662
UMARY	1570	0.023314437	0.06486192	-0.374204853	-0.106821899	-0.035556424	-0.049960483	-0.096769102	0.098759851	-0.077989559	0.012161901	0.055999587	0.123319719	-0.059418639	-0.135014362	0.350832617	-0.117943693	-0.059173571	-0.037642526	-0.031236286	0.075846313	-0.029815494	-0.119237408	-0.110318725	0.008493935	0.280949669
UMARY	1571	0.078070029	0.064579662	-0.415908263	-0.011890925	0.040733705	0.162223453	0.142950677	0.068870713	0.057729912	0.109908424	-0.188732141	-0.037007831	-0.06610533	-0.062058062	-0.713809808	-0.072612169	-0.435554283	-0.03443194	-0.149829171	-0.176379405	0.154173535	-0.021324958	0.249286495	0.062340644	0.286455327
UMARY	1578	-0.083584346	0.115366011	-0.401365363	-0.051354088	-0.07397398	0.327653558	0.060425745	-0.153020026	-0.100347148	0.048351403	-0.147039203	-0.163272801	-0.038361308	-0.111263323	-0.465072361	0.066982048	-0.316117515	-0.029450001	-0.101818552	-0.127556808	0.185763055	0.023120172	0.526729201	-0.101455737	0.327275189
UMARY	1583	0.014707744	-0.050501199	0.252855587	0.009352793	0.013469281	-0.02204121	0.149993245	0.023491673	0.125298165	0.0839905	-0.102218441	0.046787999	-0.066928833	-0.018717138	1.151608578	-0.049152339	0.117954636	0.134073663	-0.45632559	0.144374075	-0.198419071	0.132789868	0.235882766	0.155135464	-0.313182982
UMARY	1584	0.100060598	-0.087008446	-0.171836166	0.000933056	0.010727329	-0.108596813	-0.034173888	0.042397161	-0.060350525	0.079435555	-0.034706232	-0.090772209	0.017150801	-0.381967501	-0.3210389	0.044250431	-0.21719546	-0.00357183	-0.052286174	-0.057612718	0.072219002	-0.053419054	-0.328158521	-0.003060497	0.033680802
UMARY	1611	-0.07335242	0.032666731	0.056803835	-0.264566027	-0.078153224	-0.068277084	-0.009023306	-0.160601928	-0.044853119	-0.029914741	0.000309398	-0.261705537	-0.001656244	0.109325636	2.354761673	-0.042525994	-0.03963018	-0.142638765	-0.229166793	-0.142715235	0.189825343	-0.105872113	0.033227063	-0.004568101	-0.056928027
UMARY	1612	0.116209945	-0.428509927	0.517866705	0.020750155	0.096777446	-0.210277176	0.179904879	-0.010236705	-0.241197782	0.00230621	0.353933082	0.017697938	0.002982667	-0.048205102	0.514901262	0.363790205	0.016123413	0.020347526	0.330759175	0.087840819	-0.083668065	-0.010849989	-0.431287084	0.03219317	-0.429791468
UMARY	1613	0.15413316	-0.451102678	-0.071510026	-0.015258545	0.059466503	-0.324061154	-0.079417607	0.099063192	-0.070817691	0.029765865	0.009059914	0.017944486	0.167224277	1.102729651	-0.300916952	0.1169914	0.699360556	-0.075237651	0.062316699	-0.114060057	-0.282741395	-0.134492696	-0.070607642	0.023667248	-0.505547514
UMARY	1614	0.066181603	0.17069949	-0.419348701	-0.018286087	0.138985984	0.257425177	0.00974212	-0.02304423	0.166075426	0.052767423	-0.08864585	0.009004314	0.155164989	0.142672432	0.256395095	-0.023122121	0.480818191	-0.001935596	-0.173007691	0.11091021	-0.084997726	0.028997512	0.510148438	0.136840504	0.095216824
UMARY	1648	0.061022096	0.13714557	0.172511946	-0.160234507	-0.054896643	0.108150028	0.123888445	0.014777295	-0.055241416	0.015445537	0.108007248	-0.016360208	-0.019881828	0.050196966	-0.80369318	-0.423678129	-0.081875948	-0.087435702	0.21516098	-0.026231308	0.015481524	0.026572109	-0.183121612	-0.007373574	0.118518733
UMARY	1652	0.031601921	-0.393087026	-0.244803527	-0.053015364	0.064161852	-0.292898763	-0.150879951	-0.021035127	0.312175301	-0.004253409	-0.032161627	0.116719728	0.044596533	-0.196887349	-0.406925321	0.559695593	0.594970748	0.066862127	-0.194574746	0.100923997	-0.357352885	0.047502903	0.394090081	0.041555438	-0.340071645
UMARY	1668	0.046956134	0.080722845	-0.126919894	0.010475394	0.061995244	0.048373546	0.005640048	0.104466828	0.116370047	0.127649691	0.151807519	0.090470049	0.156740938	0.095522966	0.873268082	0.183434493	0.078982785	0.17420952	0.072498805	0.325664586	-0.099477382	0.142682318	-0.357472201	0.044687554	0.034986266
UMARY	1710	-0.027879345	-0.052297183	0.355635352	0.217213043	-0.035575879	0.078437987	0.28942141	-0.117020184	-0.013223188	0.028205629	0.022362285	-0.057112164	-0.029002134	0.118889184	1.074260444	-0.131587381	0.340883599	-0.00660996	0.284224375	0.083782797	0.022240425	0.001346682	0.035382209	0.024823181	0.021883793
UMARY	1712	0.117954681	0.055092973	0.028930706	-0.016493231	0.043127219	-0.049607614	-0.089827213	0.028101803	0.071479828	0.058365215	0.15285326	0.080357296	0.019690547	0.008060037	0.316473392	0.032596552	-0.115599561	0.061454216	0.137274869	0.119458133	-0.07745796	-0.063061563	0.194229146	0.033997688	-0.015294332
UMARY	1713	-0.049941767	-0.130573843	0.538852819	-0.27625881	-0.077184445	-0.152284378	-0.085601022	-0.110916909	0.053959233	-0.145016595	0.129226425	-0.021698599	-0.014152915	0.022615018	-0.209788247	0.058463207	-0.060619636	-0.149114701	-0.204393523	0.025989352	0.125800827	-0.140922629	0.132716996	-0.141631024	-0.09033066
UMARY	1715	0.06420569	0.033362895	0.191922327	-0.039175005	-0.005373898	-0.032374935	-0.167677759	0.030629717	-0.078028755	-0.002039006	0.406149066	0.072853811	-0.000235084	-0.191134297	0.880853069	0.114308828	-0.23770205	-0.09287631	0.10996505	0.163275466	0.071930071	-0.059890814	-0.43462413	-0.083879417	0.048032492
UMARY	1792	0.024518671	0.266431073	-0.140201807	-0.161413242	-0.033659962	-0.049081309	-0.101842036	-0.000331165	0.061531636	-0.004590959	-0.066776093	-0.03518228	-0.080448455	0.065276586	-0.443900956	0.027758163	0.069052732	0.004195989	0.115905337	-0.004102395	0.171609667	0.026864426	0.308968113	-0.094701465	0.302226676
UMARY	1795	-0.002193873	-0.006353024	0.349789517	-0.011686331	-0.047989288	0.12330057	-0.121670065	0.010056561	0.134499069	0.051705584	-0.190164931	0.056996407	-0.047124425	-0.069958123	-0.109413033	-0.091802206	0.350642648	-0.052190804	0.174723187	-0.013525679	0.099046567	-0.066271885	0.261539299	-0.086294722	-0.289456502
UMARY	1797	-0.110694192	0.069853797	0.212326141	0.026977644	0.026809558	0.157813859	0.224560236	0.021201135	0.25988773	-0.019960994	0.024079556	0.11223596	-0.225112744	0.058423966	-0.361268663	0.086311404	0.046474379	-0.01111219	0.131640539	-0.081807895	0.126669952	0.115583312	-0.352779058	0.310127189	-0.287356991
UMARY	1825	-0.038452146	0.091000481	-0.194924263	-0.058325951	-0.083660167	0.0855327	0.039373813	0.007905211	-0.012483729	-0.051183877	-0.054348973	-0.058344554	-0.089420175	0.168673145	0.476709941	-0.0323572	-0.218215684	-0.064530214	0.014921179	-0.011367529	-0.086197464	-0.050538777	-0.163681872	-0.054377677	0.154684699
UMARY	1827	0.057193498	0.129627806	-0.188685098	-0.064529925	-0.063158246	0.312090545	-0.17581415	-0.000774036	-0.028424013	0.062452526	-0.338138271	-0.08553614	0.105833177	0.042654167	0.18683907	-0.207822729	0.103457907	-0.093059816	0.175178727	-0.296686894	0.236534912	-0.047538577	0.641545057	0.032628018	-0.000349803
UMARY	1830	0.188829851	-0.286023854	0.090630634	0.027679185	0.104998558	0.05021953	0.098422133	0.104736286	0.338900263	0.156358501	-0.158143639	0.123172436	0.099038112	-0.215837018	-0.982234881	-0.209280203	0.251919952	0.099171394	-0.107763831	0.06010713	-0.134601841	0.049048224	0.23582478	0.139521257	-0.059332234
UMARY	1846	-0.025148789	0.235880138	-0.018823264	-0.18424205	-0.028532705	0.057452398	-0.160356582	-0.072704666	0.125443911	0.025906425	-0.118679942	0.082482206	-0.076478114	-0.063393071	-1.369005959	-0.4088829	-0.264556246	-0.027932541	-0.256836666	-0.088246563	0.202738766	0.015653774	0.135348929	-0.073462253	0.070860991
UMARY	1847	0.062213982	0.010247997	0.569056962	-0.049224328	-0.061459959	0.17733838	-0.0185358	-0.059854449	-0.005234747	0.025784754	-0.293751591	-0.098951776	-0.18631056	0.061970326	1.079495731	-0.544845271	-0.007389374	-0.033010058	0.676320366	-0.039002444	0.112587713	-0.064562277	0.152316417	-0.090283729	-0.165072432
UMARY	1849	-0.076219664	0.003484933	-0.385746338	-0.331163031	0.003878775	0.204533313	0.179034073	0.048355703	-0.058504096	-0.044880098	0.269203775	-0.06984788	0.067175375	-0.211590504	1.028049126	0.462245015	-0.19245262	0.020255833	-0.481442056	-0.113877137	-0.01956	-0.068136375	0.256911602	-0.011584946	0.643350754
UMARY	1862	0.130919548	0.089452902	-0.150065396	-0.04014532	0.066256404	0.315138196	0.002378677	-0.023454264	0.251620938	0.100798475	-0.304829045	0.062340409	0.000770474	0.366206365	0.176573624	-0.337939105	0.320637112	-0.00331579	0.14470958	-0.041200455	0.158042801	0.04323184	0.382549833	0.061066683	-0.050874589
UMARY	1865	0.041219271	-0.153171028	0.397593839	-0.044747841	-0.018509025	-0.074560806	-0.091850178	0.052333671	-0.029880769	-0.05430433	-0.014619222	0.140400336	-0.046155329	-0.009240558	-2.272754761	-0.083742945	-0.088330432	0.01096182	0.305133064	0.071896482	-0.068724451	-0.067569015	0.35687028	0.071980274	-0.084207029
UMARY	1866	-0.168228586	-0.279702214	0.34561896	-0.052673683	-0.108922711	-0.0122649	-0.043295163	-0.061490781	0.028524972	-0.180701622	-0.015237193	-0.08748705	-0.092275781	-0.001012093	1.692746677	-0.086322799	-0.136757599	-0.14997667	-0.227907637	0.029233239	-0.096833507	-0.182438526	-0.469272899	-0.151429299	-0.077591863
UMARY	1867	-0.033559097	-0.025890964	-0.598844283	-0.054867079	-0.039048242	0.162364788	-0.021156391	-0.018252875	-0.000286285	-0.026124288	-0.194908476	0.058024983	0.088097468	-0.126012485	-0.322783155	-0.018757237	-0.072498366	-0.065766504	-0.024600005	0.010700766	0.040736153	-0.044737236	0.114871835	-0.115649536	0.278111934
UMARY	1902	0.057080344	0.115220844	0.146381939	-0.059326107	0.010625279	-0.018640941	0.030930109	0.025591875	-0.048622331	-0.060009016	0.032077492	0.083536705	0.004696807	0.071702973	-1.489460043	-0.276796794	-0.004054165	0.014405257	0.166425743	-0.007557575	0.055677145	0.029194607	-0.088902477	-0.035995155	0.059671614
UMARY	1903	0.110459386	-0.050897456	0.192039435	0.151582516	0.09320536	0.225220693	0.228134098	0.041361251	-0.209238535	-0.017907122	0.068828994	-0.007386023	0.114903259	-0.058646871	1.094530045	0.123702344	-0.262550938	0.13493834	0.102865457	0.082253066	0.157007338	0.076511733	-0.355478257	0.028201721	0.056750213
UMARY	1907	-0.136471652	-0.21180975	-0.01214082	-0.121081646	-0.11218639	0.028134292	0.075858292	-0.100644302	0.100026493	-0.136365085	0.047649237	-0.067370529	-0.04386985	0.005352819	0.896495895	-0.059125855	0.036350366	-0.123669574	0.142971226	-0.261339023	-0.173746315	-0.243727399	0.068656703	-0.197047268	-0.180852428
UMARY	1917	-0.035702615	0.271146104	0.227944833	0.010634304	0.004925821	0.123262612	0.113356245	-0.034981095	-0.003799124	-0.029997427	-0.355835431	-0.007402728	0.018774924	-0.003658001	0.458043474	-0.325822848	0.200775887	-0.019893793	0.450091917	-0.191157012	0.187218283	0.018638785	0.00473805	-0.091595902	-0.090499822
UMARY	1935	-0.104357405	0.105483465	-0.232180565	0.024706335	-0.150744604	-0.125310397	-0.006362585	-0.040429542	-0.243207373	-0.119983783	0.147425479	-0.182533868	-0.011839193	-0.08261381	-1.186185946	0.533675549	-0.240758569	-0.083956185	0.013290297	-0.121479346	0.003976862	-0.018152016	-0.123686622	-0.075443936	-0.032043673
UMARY	1936	0.037771035	0.059141704	0.172513257	0.033912525	-0.045049605	-0.049749889	-0.017433696	-0.088585798	-0.213748475	0.036479375	0.417763991	-0.080242003	0.279738578	-0.147741608	1.941740983	0.208778748	-0.444623907	-0.055600822	-0.069391094	-0.102677672	0.042996263	-0.14996339	0.075014076	-0.020108636	0.203269931
UMARY	1939	-0.298900155	0.249304555	1.614516177	-0.022337374	0.001718426	-0.503280758	-1.00405346	0.268432944	0.16963705	-0.326317098	0.11261359	0.570194053	-0.812857735	-0.253331917	-0.360546148	-0.87684671	-0.010768001	-0.142815761	0.107201528	0.515472553	-0.123235116	-0.201306521	-0.247071722	0.146685273	-0.436435524
UMARY	1940	0.107462253	-0.000723341	-0.023599558	0.044605393	0.082369302	0.140571855	0.324110704	-0.116058334	0.187498592	0.006953334	0.052520408	-0.04813081	0.108466542	-0.228153194	1.195515264	-0.300446585	0.420141364	-0.039234728	0.273278244	-0.194614167	0.058394169	-0.07591722	-0.272356012	-0.056256893	-0.103230549
UMARY	4263	0.054492443	-0.227802443	0.16876781	-0.092424981	-0.041526695	-0.125254633	0.035825336	-0.067120559	0.008291915	-0.147861071	0.100105793	0.022592811	-0.00883714	0.890932511	-1.73141493	-0.081647779	0.019323571	0.066392191	-0.02714608	-0.09989721	-0.036723981	0.158451967	-0.011980746	-0.00654809	-0.501424938
UMARY	4540	-0.059072787	-0.385997217	0.154038326	0.225660613	-0.044656424	-0.211538209	-0.043182261	0.089586122	0.073142864	-0.19658967	0.243764787	0.019979743	-0.143664218	-0.16119057	-0.660316219	0.241987406	-0.28357511	-0.114465144	0.073559011	-0.054581656	-0.034574578	-0.109237314	-0.710968157	-0.140785843	-0.124536487
UMARY	4542	0.087508778	-0.301322797	0.100331324	0.164095927	-0.024184503	-0.161266123	0.009201154	0.129457062	-0.234131351	0.031584059	-0.225923942	0.034869458	0.116995981	-0.005722695	-1.517515734	0.221850606	0.377522436	-0.063824512	0.191274213	-0.059128156	-0.128400432	0.006013891	-0.261328043	0.042460626	-0.104353385
UMARY	4543	-0.036046433	-0.221799229	0.211856036	0.140522977	-0.087756966	-0.130651593	-0.113440523	-0.035644552	-0.150058788	-0.138026931	0.091153851	0.004827829	0.036444106	-0.109505718	-0.119257627	0.111948413	-0.276987734	-0.051160308	-0.343756244	0.04463909	0.019479585	-0.042774694	-0.218581669	-0.052185749	0.048975676
UMARY	4549	0.001439139	0.064152446	-0.377933043	-0.046091801	0.084817308	0.110654342	-0.136728732	0.060122546	-0.111591415	0.007810046	-0.092011421	-0.01291528	-0.056966621	-0.113540848	0.203310342	0.110158067	0.036137533	0.009740732	0.007437448	0.068290329	0.135964452	-0.002562548	-0.041753301	0.002178937	0.350965781
UMARY	4590	-0.158900649	0.075592836	0.165792629	-0.136949307	-0.074135421	0.118773119	0.134382622	0.031151207	-0.019867636	-0.001657958	-0.085382499	-0.195202948	-0.225079846	0.216470537	-0.359208529	-0.217663046	-0.037665308	0.09778556	-0.243677292	-0.121135477	-0.10217235	0.217261697	0.594242409	0.135597954	0.081312503
UMARY	4593	0.034122997	-0.023219904	-0.267791681	-0.161394202	-0.056849216	-0.080327342	-0.086416963	0.086390796	-0.106183696	-0.023860264	0.280752627	0.013976626	0.064527921	-0.131066745	0.962834666	0.128240244	-0.01428327	0.00443114	-0.268921751	0.066094865	-0.167457014	-0.091320116	-0.145399443	-0.028555201	0.138906759
UMARY	4598	-0.048334006	-0.127107974	-0.238032443	-0.068870458	-0.044206881	-0.011364558	-0.043208858	-0.069013909	-0.015435881	-0.037441964	-0.094169312	-0.046983443	-0.018495435	-0.190165533	0.563288045	0.175827535	0.013153515	0.014226222	-0.052202191	0.012666801	0.298938541	-0.123826653	-0.276669254	-0.192291175	0.236343541
UMARY	4636	-0.041203958	-0.198307868	-0.355505127	0.02035719	-0.074114624	0.134949961	-0.115412739	-0.019411592	0.000440425	-0.090240079	0.181795342	-0.048973607	-0.008840658	-0.174874013	0.430195714	0.15639116	0.266611996	-0.091577372	-0.045615877	-0.075132849	0.226026891	-0.01163146	0.097523262	-0.10451021	0.063367288
UMARY	4640	-0.064796014	-0.15355524	-0.130822534	0.016052525	0.044487738	0.135341487	-0.061562719	-0.135771973	-0.145149103	-0.090612462	0.093070162	-0.125434897	-0.058028529	-0.041931058	0.863021798	0.416112219	0.038764498	-0.13413924	-0.356041337	-0.108674655	-0.071523882	-0.060866493	-0.339175348	0.016859009	0.17685238
UMARY	4725	-0.137675699	-0.057286503	-0.107716739	-0.064407457	-0.127395878	-0.049143597	-0.020271426	-0.024408787	-0.100673421	-0.097411125	0.084625059	-0.014687813	-0.035518985	-0.112427338	-0.93443839	0.015163957	-0.207199614	-0.097435315	-0.100502207	0.003913865	-0.089403578	0.01278794	-0.22765723	-0.083485225	0.170831111
UMARY	4726	0.012616919	0.092751967	-0.001160122	0.029183869	-0.003321906	0.107110957	0.094180168	0.012779813	-0.081237671	0.053997525	-0.025328774	0.025433594	0.103385706	0.093531053	0.095142857	0.163925109	-0.145611244	-0.00259517	0.109765893	0.03497586	0.017700746	-0.009453894	0.599262386	0.030574224	0.230689942
UMARY	4727	0.10758167	-0.132888492	0.172243835	0.282328949	-0.039825243	-0.034984463	0.001644046	0.02233013	-0.224068272	0.067720567	-0.071453984	-0.136285187	-0.005212054	-0.060892094	-0.892009683	-0.150795791	-0.136218637	0.067879351	0.022044614	0.066847144	-0.11194457	0.075226405	-0.376055082	0.07587963	-0.105975741
UMARY	4729	-0.006525041	0.022339648	0.271500559	-0.017747119	0.022698353	-0.057008361	-0.135042571	0.041051648	0.136806617	-0.038857886	0.095878179	0.073977845	-0.068836991	-0.045367209	-1.596774687	-0.231183374	0.060412724	-0.013685019	-0.082523915	0.181625385	-0.239372153	-0.033726637	0.094132144	-0.130567234	-0.132508143
UMARY	4782	-0.184463417	0.041349936	-0.051816123	0.130752717	-0.119980501	-0.093974008	-0.119538031	-0.071016202	-0.140643445	-0.166371181	-0.137831063	-0.044884268	-0.025495389	-0.050022745	-0.257659308	0.018928242	-0.249712106	-0.095215481	-0.165622501	0.002014447	-0.138012506	-0.171716426	0.209270064	-0.053333447	0.178186662
UMARY	4786	0.051957037	0.13854558	-0.030454897	-0.104866859	0.027881466	0.17414844	-0.005240698	0.088506588	-0.173370679	0.028985091	-0.089728628	-0.06541011	0.044564648	-0.164878585	0.127749024	-0.029677248	0.111549788	0.039885748	0.085465385	0.00223893	0.01473164	0.013198545	0.127551152	0.083093011	0.238562142
UMARY	4788	-0.393617181	0.17592792	0.701951015	0.516999599	0.026804763	-0.331603709	0.246688278	-0.045173958	-0.138649419	-0.267524655	0.585696063	-0.183510726	-0.075946705	0.061074155	3.327585228	0.326899966	-0.234497595	0.064948544	-0.208654796	0.462303645	-0.541654633	-0.115357678	-0.601116502	0.219828546	0.025664374
UMARY	4789	0.135357005	0.492249005	0.621555922	0.343093376	0.060978318	-0.188215357	0.133118409	-0.002757025	-0.210090795	0.194419262	0.707440422	-0.054151766	0.087587665	-0.594680839	2.044221246	0.209000115	-0.129537283	0.075191374	-0.550064377	0.613461551	0.080993672	0.1578566	-0.445398651	0.07837651	0.087014407
UMARY	4841	-0.010518117	0.089918055	0.365806449	-0.274757734	-0.044447597	0.067625159	-0.002306434	-0.026640441	0.374352393	-0.014881107	0.187469936	0.029549883	-0.048248734	-0.204993819	0.913747325	-0.295740592	-0.029966703	0.023548268	0.457612924	-0.178128176	0.131541515	-0.049330358	-0.103113846	0.001508919	-0.347855305
UMARY	4842	0.0237283	-0.234292552	-0.203285277	0.067119546	-0.032014833	0.013885348	0.224840358	0.07239933	0.476943126	-0.046851723	-0.057262846	0.044560913	0.010406143	-0.087759046	-0.890160241	-0.338882541	0.226713269	0.11770348	0.013696131	0.084973052	-0.375392689	0.057759198	0.439141033	-0.030540656	-0.212715914
UMARY	4903	-0.004791353	0.384320088	-0.203184645	0.215724356	0.2241489	0.130293946	0.19797469	-0.117411568	-0.136312149	0.020169369	0.107693244	0.171567759	0.004660639	0.238919594	-0.113742328	-0.041846178	-0.109482947	0.068305385	0.290316305	-0.005812366	0.216547741	0.13879707	0.19996279	0.115215823	0.188428228
UMARY	4915	0.152692122	0.031391058	0.021714344	-0.000630041	0.065603003	-0.024508829	0.071867335	0.111279291	0.083253497	0.034602591	0.139219171	0.05814151	0.024283056	-0.073108403	-1.15451198	-0.405591439	0.038207443	0.00133901	0.101129521	-0.003757222	0.002437283	-0.035526558	-0.400388754	0.049647963	-0.192742178
UMARY	4916	-0.044230283	0.25874063	-0.013035213	-0.009729	0.011148852	0.076925443	0.078329594	-0.042275223	0.318157215	-0.030894558	0.041559635	-0.017735595	-0.007506791	0.068019367	1.780339893	-0.199342868	0.174475659	-0.041620436	0.271184474	-0.017349111	0.411548366	-0.051614644	0.214617833	-0.056525863	-0.234662268
UMARY	4924	0.224922077	-0.102321443	0.976298796	0.117740267	0.147108344	0.132909651	-0.056421093	0.219154744	-0.117648048	0.104083413	-0.301629974	0.300817972	-0.143746486	0.244664202	-0.189182663	-0.240865121	0.065818568	0.217203622	0.664037757	0.064981783	-0.257099819	0.440466367	-0.000359634	0.284158899	-0.479383
UMARY	5024	0.083416978	-0.059591513	0.146568499	0.071986331	-0.034596301	-0.334505922	0.117673367	-0.07850014	0.097349523	0.081061949	-0.265871139	-0.002619422	-0.052177231	0.528638694	1.988735312	0.218902742	-0.186933733	0.09320976	-0.231966327	-0.159297558	0.058383351	0.060413974	-0.427361649	-0.021205516	-0.172858015
UMARY	5028	0.006808011	-0.220824201	-0.25260307	-0.094626368	0.02391695	0.117148762	-0.080656005	-0.003385789	0.017740177	0.014858085	-0.012843369	0.009902431	0.071249736	0.102898381	0.433427623	0.228175448	-0.102318213	0.041633549	0.12591352	-0.152591409	-0.088364576	0.011525223	-0.259909024	-0.04318518	0.068248219
UMARY	5078	-0.147228652	-0.092625774	-0.114958561	0.035608918	-0.131817976	-0.114427191	-0.129673402	-0.067316654	-0.15982899	-0.064087944	0.151367976	-0.171477277	0.007429308	0.022540848	-0.302662241	0.03687116	-0.209731372	-0.169419688	-0.113735537	-0.084365906	0.03869883	-0.140514502	-0.010745044	-0.106600064	0.08460012
UMARY	5079	-0.001581262	-0.155865312	0.004381577	0.068858209	0.019869432	-0.131984242	0.010340824	0.012845423	-0.22894643	-0.009318181	-0.029927961	-0.053716497	0.078784263	-0.004515541	-1.159412315	0.329510981	-0.118969263	0.014303083	-0.021238267	0.01360331	-0.018204619	-0.081242269	-0.321941295	-0.060959531	0.225492495
UMARY	5081	-0.074518765	0.137605854	0.00033101	0.060303915	0.052701947	0.080059856	0.04851365	-0.048296543	-0.032350025	-0.004306895	0.147001983	-0.021629471	0.028413505	-0.046912786	0.794041234	0.114890836	0.15254605	-0.120224047	-0.117954112	0.018648818	0.048727368	-0.032986345	0.027842735	0.051216117	-0.06684967
UMARY	5086	-0.00536011	0.042297042	-0.05699124	-0.230572618	0.031631217	-0.044353347	-0.029038402	-0.069054934	0.058019238	0.156647969	-0.479965314	0.053093414	-0.018732624	0.031021102	-0.723184026	-0.005742914	-0.005774531	0.028755191	-0.204679059	-0.047017767	0.031548718	-0.023320541	-0.072231243	0.045478823	-0.145432349
UMARY	5087	0.154594424	0.042727463	-0.233527607	-0.120369595	0.022725704	-0.123423474	-0.034950406	0.061886176	-0.089566546	0.117311301	-0.020382151	-0.013165548	0.160603576	-0.19857483	-1.600016676	0.333856567	0.224915703	0.107677101	-0.348831189	0.126210016	-0.042546645	0.061157326	0.21091183	0.050455253	0.088583457
