FID	IID	1	2	3	4	5	6	7	8	9	10	11	12	13	14	15	16	17	18	19	20	21	22	23	24	25
BLSA	745	0.362740441	0.373767451	0.199642949	0.188346806	0.175341831	0.358579525	0.002948363	0.164905604	0.451908598	1.059162992	0.430194323	0.185358123	0.916036917	0.56602653	0.059051955	0.334174753	0.594882292	0.215991675	-0.829702281	0.479539788	0.027120282	0.216589755	0.202797863	0.716428707	0.500921967
BLSA	827	0.310117169	0.039070654	0.140777092	0.153171114	-0.373237023	-0.339928754	-0.33642285	-1.12282899	0.25967813	0.632571419	0.246488764	-0.036437315	0.393938282	0.266739456	-0.114516377	0.142661312	0.067233779	-0.030819019	-0.761683601	0.115973852	0.051001085	0.008043496	0.291084876	0.930965784	-0.008152023
BLSA	1556	-0.053240106	-0.109775908	0.262646809	0.037450576	-0.204838545	-0.192967625	-0.240196165	-0.512951947	0.185761925	0.173082367	0.303324629	0.369835827	0.303635221	0.128584683	0.200912493	-0.054316085	-0.231031641	0.014491605	0.07350542	-0.173315075	0.468968637	0.172367555	0.177872052	0.168159363	-0.234084627
BLSA	1579	-0.327384454	-0.099201732	-0.171838529	-0.164800175	-0.390829175	-0.029638452	-0.247364295	0.207289178	-0.333101979	0.204740734	-0.328820486	-0.0636722	-0.065261386	-0.137726806	-0.118835917	-0.306943752	-0.116713252	-0.193728307	-0.049402563	-0.337240727	-0.017194727	-0.190133111	-0.188321544	0.839655844	-0.205718273
BLSA	1595	0.440081305	0.651542087	-0.746779473	-0.1211751	-1.128481902	-0.129209492	0.110287595	0.423449549	-0.180895494	-0.050602513	-0.346673105	0.258066226	-0.188502864	-0.137488943	-0.503482441	0.259785425	0.460611868	0.65508902	-1.999144734	0.296499878	-0.210924943	-0.694752341	0.444522879	0.835770043	0.522092203
BLSA	1603	0.074207955	0.160890067	0.254047928	-0.148151644	0.645608328	-0.02005531	0.240883052	0.766099578	0.026587943	-0.198379286	-0.152762811	0.014053698	-0.355874664	-0.082590723	0.100030603	-0.03420145	0.492955192	-0.244855754	0.56377207	-0.169040751	-0.03934804	-0.099184011	0.114510805	0.195093639	-0.097987541
BLSA	1640	0.001207143	-0.026557086	-0.183519044	0.092988526	0.048078	-0.27749325	0.037686723	-0.449524453	0.055912724	-0.149296031	0.0555774	-0.080334272	0.047317052	0.047648824	0.072738465	0.01118094	-0.209072015	0.146482694	0.254845849	0.063914171	0.226086953	0.18641411	0.01771212	0.155170164	0.067987128
BLSA	1775	-0.393685893	-0.188275031	0.022304893	-0.076221964	-0.53204451	0.299250321	-0.092818233	-0.70646433	-0.381314658	0.124287893	0.109045958	-0.293447881	-0.14590798	-0.043965676	-0.103824358	-0.151520942	-0.119286519	-0.027350332	-0.402254872	-0.1803457	-0.05333802	0.149296583	-0.00196752	-0.046054314	-0.044184092
BLSA	1802	-0.078635786	-0.121432203	0.136416386	-0.014302938	0.540773063	0.059775577	0.274506716	0.294886566	-0.160626693	-0.261144797	-0.17233254	-0.093123688	-0.157963861	-0.111636292	-0.006143759	0.037061621	0.127019332	-0.05596717	0.876067991	-0.092982912	-0.147200269	-0.030728927	-0.266557815	0.122149273	-0.062061065
BLSA	1805	-0.038067712	0.218827734	-0.161055493	-0.245005341	1.064980579	0.044201351	0.577551789	0.766325882	-0.123979107	-0.199701288	-0.104971473	-0.164761456	-0.632836035	-0.197608851	0.002029044	-0.064650718	0.345972037	-0.246848675	0.743949635	-0.144428871	-0.270227453	-0.232468877	-0.12424829	-0.784933237	-0.128162929
BLSA	1838	-0.257126546	0.099245064	0.094302667	0.030890641	0.253149771	-0.083990654	0.128677097	0.399702993	-0.010282596	-0.285747865	0.045489728	-0.202255998	0.083113504	0.252890958	-0.058601643	-0.094402411	0.021097189	-0.084466449	-0.243005965	0.013988525	-0.121285453	-0.075264139	-0.209390898	-0.37937328	0.029048379
BLSA	1839	-0.046355073	-0.072479801	0.035390769	-0.000999177	0.388147901	0.183335025	0.339245805	0.689996651	-0.049016655	0.213414926	0.041069513	-0.029159758	-0.099980722	-0.21857387	0.203217126	-0.057215002	0.166099847	-0.256248601	0.395983798	-0.106765741	-0.117242071	0.215210866	-0.148914608	-0.353417726	-0.128010775
BLSA	1840	-0.13874056	-0.162142155	0.141525933	0.045077437	0.019208635	0.138841005	-0.177965325	0.329791059	-0.027320653	0.117432373	-0.142850143	-0.077172984	-0.195209139	-0.113972243	-0.0187769	-0.047278077	-0.038212208	-0.136674173	0.169474683	-0.01508092	0.010440577	0.104475284	-0.023165027	-0.301447852	-0.097343181
BLSA	1883	-0.072581354	0.029339498	-0.12869193	-0.119266304	-0.189105801	0.017078891	0.320046232	0.261198296	-0.051648365	0.373989533	0.216065832	-0.13364742	-0.014120061	-0.069598319	-0.032237133	-0.155173353	-0.122926654	0.071786167	-0.097754855	-0.104807518	-0.094841704	0.038194308	-0.239176983	0.144223257	-0.114795797
BLSA	1889	-0.143274512	-0.21077426	0.040171361	0.054273557	0.45724417	0.276094363	-0.077441802	0.30269173	-0.101232905	-0.190045924	-0.103701167	-0.096040113	-0.20542398	-0.127442877	0.17786848	-0.016013456	0.028087655	-0.158513032	0.705846632	0.010492662	-0.122728801	0.086567401	-0.040279559	-0.842640131	0.003740374
BLSA	1924	-0.066513178	0.14644049	-0.376789482	-0.150503421	-0.336468598	0.036794484	0.617311296	0.751434646	-0.07005926	0.124069337	-0.201960824	-0.011853913	-0.490796678	-0.186332867	-0.133598138	-0.057012852	-0.315728981	-0.015418881	-0.836364015	-0.069898543	-0.131836339	-0.13134261	-0.284078093	-0.274947492	-0.103532818
BLSA	1961	0.154834485	-0.250673568	0.130529946	-0.047143183	0.242299116	-0.223202799	0.265961007	0.078442293	0.185470569	0.057664048	0.172495545	0.085279182	0.176650892	-0.101719717	0.010770894	0.131989755	-0.061881422	-0.038458829	0.591634874	0.067498627	-0.117628223	0.121056534	-0.019661443	-0.947569261	-0.014019475
BLSA	2000	-0.119742348	-0.038404905	0.23175339	-0.131093981	0.191768495	0.336156571	0.214118439	-0.324798051	-0.012154208	-0.220738243	0.096013637	-0.050734879	-0.287118762	-0.090848881	0.241581613	0.120188079	-0.082110989	-0.120740527	0.899058861	-0.074510369	0.25354369	0.037490183	-0.012212724	-0.158139477	-0.112583826
BLSA	2020	0.026335	-0.023202837	-0.133223315	-0.070723298	-0.317810154	0.048319636	-0.623449559	-0.670049804	0.025794531	-0.391478382	-0.025741879	-0.010496273	0.482770953	0.016757206	-0.189651363	-0.039682506	-0.143299922	0.207887395	-0.316711696	0.129043685	0.059068979	-0.00213969	-0.016734688	0.114615867	0.03955118
BLSA	2037	-0.074656274	-0.231561647	-0.281450281	0.152740616	-0.120548747	-0.216031394	-0.384541526	-0.580823178	-0.039320439	-0.158126648	0.037207049	0.158526482	0.123171968	-0.136281395	-0.049470187	-0.000495782	-0.298621988	0.151675144	0.439521618	0.043723088	0.307000141	-0.162297284	0.107540137	0.325768844	-0.108707883
BLSA	2066	-0.070411379	-0.166167228	-0.15111978	0.060202136	-0.084778878	-0.124585261	0.11222749	0.082439792	-0.122747886	-0.091792649	-0.094534803	-0.08527923	-0.037437526	-0.080707924	-0.045223275	-0.068503453	-0.173064332	-0.118254172	-0.030689828	-0.069659137	-0.096029994	0.047936156	0.03044242	0.166845839	-0.108759241
BLSA	2069	0.20357419	0.085181993	0.076830092	0.076495339	0.447960268	-0.188919283	-0.043633672	-0.153527843	0.244690868	-0.018940245	-0.062618466	0.186445605	-0.077701045	0.285297046	0.145053178	-0.027112095	-0.079503924	0.012428956	0.329053293	0.071123069	0.067230265	0.092599848	0.012510075	-0.44771096	0.271358399
BLSA	2093	-0.00569378	0.004518988	-0.206814896	-0.159905963	-0.452846229	0.167772965	0.229168253	0.296172874	-0.026231188	-0.031360823	-0.067953882	-0.179318385	-0.327164664	-0.02857005	0.071630819	-0.200402947	0.066640366	-0.159277371	0.13687718	-0.195475716	-0.09058536	-0.097950469	-0.293146936	0.30620719	-0.246938812
BLSA	2102	0.313011267	-0.108175665	0.77494201	0.557655742	-0.343570596	-0.14017744	-1.246786429	-1.293858094	0.254126796	-0.833060928	0.051949201	0.350170622	0.754664579	0.301120732	0.08947682	0.337882996	-0.379145709	0.411788636	-0.612877494	0.441754636	0.159950785	0.240019381	0.468862902	-0.484820085	0.380342729
JHU	384	-0.042992832	0.003375972	-0.187872195	-0.29900534	-0.191096036	0.264430715	0.057238391	0.26688754	-0.094492536	0.176272021	-0.042420792	-0.040058483	-0.127097356	0.076647189	0.058383607	0.141937015	0.248923504	-0.077177113	-0.130158255	-0.049658189	-0.18081502	-0.145525591	0.146277724	-0.377894058	-0.087960851
JHU	705	-0.16524431	-0.025734002	0.217734694	-0.246448215	0.599817825	0.358973283	0.24909879	0.736869072	-0.045941482	-0.636465025	-0.096576186	-0.018401963	-0.125370998	-0.116586152	0.002513628	-0.038976356	0.441001693	-0.311306668	0.476421603	0.035442078	-0.240114323	-0.190121184	0.058332027	0.37266579	-0.007089201
JHU	710	0.128338152	-0.177722849	0.024118941	-0.027375542	-0.345292966	0.121805777	-0.219219961	-0.336877435	0.134883843	-0.032584813	0.065223532	0.119302427	-0.154628566	0.0545613	0.152738357	0.021097912	-0.071837857	0.034804078	-0.156070624	0.000824049	-0.02782863	0.015956471	0.151039326	-0.059258679	0.106350375
JHU	712	0.132384336	0.362233408	-0.173909975	-0.057821616	-0.35309437	0.183151688	-0.141115453	0.3513689	0.10831588	0.647128093	0.036232382	0.089811742	0.250559802	-0.056141581	0.07008115	0.079164232	0.098473614	0.062547454	-0.433933155	-0.006352947	0.014472709	0.112598725	-0.072867045	0.34621729	0.069478334
JHU	713	0.022454679	-0.03479641	0.064796446	0.437918739	0.202239695	-0.385275017	-0.495336549	-0.575002386	-0.278645124	0.103960822	-0.01088065	0.064151688	0.411471116	0.17181441	-0.728431726	-0.13423922	-0.120693105	0.277567551	-0.452958852	-0.049999594	-0.001260685	0.169235573	0.273745053	-0.180780363	-0.530318913
JHU	719	-0.023725947	-0.03148485	0.05953153	-0.022462274	0.215699845	-0.001941419	-0.041153179	0.403389645	0.10571157	-0.691786525	0.03593832	0.085825461	-0.134098555	-0.081860447	0.178849274	-0.024574678	0.132780084	-0.06565751	0.810574839	-0.080528492	0.144863859	0.071633529	-0.111365902	-0.393638766	0.164997385
JHU	993	-0.010322689	-0.000408878	-0.022365246	0.215570973	-0.209087874	-0.390597688	0.302638549	-0.881149948	0.010468251	0.270030501	-0.08166924	-0.303068504	0.119332995	0.141992542	0.092037545	0.049277048	-0.541775988	0.246676077	-0.511094656	0.162417092	0.189642026	0.033329518	-0.350757028	0.629804132	0.124687738
JHU	994	-0.156432705	-0.180255311	0.172719152	-0.072147263	0.447032892	-0.06541354	0.498429581	0.130470519	-0.082121321	0.18761192	0.009100274	-0.103480015	-0.1769359	-0.158711131	0.121275802	-0.186197256	0.12034232	-0.112796648	0.594760395	-0.027571829	-0.102415454	-0.145891248	-0.075058369	-0.239598876	-0.010799288
JHU	995	0.115541315	0.084792919	-0.154753348	0.071770539	-0.36621901	-0.085133799	-0.21058017	-0.095955907	0.141820919	-0.024166994	0.08505236	0.105917647	-0.063232537	-0.031716131	0.052552362	0.092511303	-0.307214265	-0.054657223	-0.197541294	0.015427832	0.203455519	0.078784206	-0.019345787	-0.097516469	0.170654421
UMARY	142	0.042838275	0.031322099	-0.199283408	0.11394018	-0.548515771	-0.193208408	0.342579311	0.37146253	-0.004540279	0.26785651	0.187296528	0.006759717	0.047028417	0.032775154	-0.198369054	0.059028159	-0.05058192	0.061465003	-0.5862964	0.078474162	-0.125074956	-0.085844155	-0.060966407	0.719413016	-0.02123189
UMARY	602	-0.037731919	0.016768497	-0.01465522	-0.038491614	-0.081965688	0.163561668	-0.45929616	-0.199168762	0.033613799	-0.339892767	0.065808203	-0.000739261	0.223652156	0.159445586	0.10587138	-0.050693806	0.100640349	-0.09396146	-0.036085842	0.009489042	0.029478927	0.10013035	0.160670071	0.482672623	-0.018588887
UMARY	604	0.038508632	0.08403053	0.076900884	0.020990683	0.137908991	-0.091588445	0.003832616	0.153737491	0.039170743	-0.237867846	-0.060496545	0.059431092	0.098531925	-0.012733045	-0.011509738	-0.008470402	0.168612484	-0.011993777	0.207942805	-0.039636132	-0.021776656	0.03436035	0.11715202	-1.076386032	0.059003448
UMARY	813	-0.015158518	0.244932737	-0.146029241	-0.03296383	0.096040563	-0.121134061	0.366346742	0.231076789	0.058524934	-0.060050517	0.01432518	0.041265944	-0.25827116	0.081041186	0.019839141	0.019761175	0.278448273	0.05448505	-0.087676155	0.081834657	-0.019361576	-0.016985948	0.140479746	0.317933515	0.083887323
UMARY	819	-0.052052753	-0.013641438	-0.112168921	0.188872237	0.104965805	-0.150866732	0.004170149	0.105411659	0.026008809	0.032736911	0.047101487	0.0098708	-0.239735655	0.061935123	-0.020346008	-0.026847601	0.107456297	-0.014082848	-0.088233176	0.011681532	-0.060526051	0.001633145	-0.086814358	0.331348248	-0.035930594
UMARY	871	0.00693949	0.274940278	-0.117001619	-0.013047127	0.028425393	-0.026044265	0.276384067	0.252168839	-0.013526177	0.326307473	0.03079831	-0.010711912	-0.226867532	-0.006687547	0.020930962	-0.04321299	0.141029385	-0.055468832	0.077067774	0.034709279	-0.10963326	0.006072066	0.438534602	0.957736644	-0.00343312
UMARY	879	-0.055279455	-0.01525842	-0.178852305	0.123792499	0.104211566	-0.006563139	0.38103681	0.237559865	-0.119923507	-0.118667311	-0.014618818	-0.075465197	-0.21902243	-0.047925993	-0.059274533	-0.120016546	0.186392655	-0.051490618	0.029223809	0.028670314	-0.03118922	-0.095044468	-0.126047635	-0.31312627	0.006398049
UMARY	880	0.2787806	0.072182574	-0.075103006	0.032163306	-0.341721551	-0.02331094	0.556825476	0.099848491	0.140630211	0.410101111	0.116530807	0.213652758	0.27516737	0.13238441	0.046980081	0.170527587	-0.265243218	0.074694986	-0.458174912	0.119886827	-0.063534088	0.134756445	0.234580009	0.735881442	0.130458236
UMARY	914	0.033212316	-0.028899658	-0.054246979	0.203172613	0.324586254	0.029456502	0.262960772	0.123169118	-0.067076079	0.329138712	-0.060471709	0.046909054	-0.212269038	-0.00470941	0.037392448	0.022368093	0.008966128	0.076561921	-0.058106907	-0.053677677	0.034743835	0.065165134	-0.039606203	-0.331695112	-0.001257642
UMARY	933	-0.138718645	-0.019626769	-0.009166526	-0.122757001	0.066261407	-0.033887128	-0.23839639	-0.21190556	-0.044429345	-0.300993031	-0.016868411	-0.091571989	-0.045878197	-0.039119381	0.088362864	-0.105267705	-0.123906382	-0.20670819	0.131672753	-0.037444043	0.00443575	-0.017335641	-0.062168773	0.160510513	-0.07595733
UMARY	1028	-0.062716454	-0.122863302	0.137902804	-0.241519949	0.414980513	0.026038828	0.098204359	0.104171281	-0.243160491	0.383716319	-0.13817305	-0.209531316	-0.140141543	-0.172468729	-0.14113958	-0.129455494	0.237808204	-0.153887099	0.535467096	-0.168360933	-0.219382973	-0.184027307	0.015165125	0.28528792	-0.202665129
UMARY	1037	-0.060275806	-0.138492958	0.112535902	-0.046290321	0.153567288	0.170867987	-0.348553871	0.049103614	-0.076365629	-0.308799312	-0.104994352	-0.033263455	0.205128611	-0.059360728	-0.21415789	-0.074767757	-0.02457197	0.067279869	0.007103195	-0.147246079	-0.087230155	-0.021204353	-0.133568809	0.171591741	-0.080832165
UMARY	1064	-0.049226711	0.002225668	-0.118888367	0.158013195	0.090888332	-0.021361375	0.53262699	0.651148065	0.087444517	0.051597878	0.072266454	-0.015304523	-0.281890774	0.053644347	0.062273623	-0.102400171	-0.206820448	0.010282078	0.156004383	-0.013774584	0.059155573	0.181899521	-0.273431513	-0.863143839	-0.045657291
UMARY	1065	0.097752646	0.060548199	0.360846514	0.043892842	0.000245144	-0.131618985	0.046785216	-0.275459876	0.006211072	-0.208333616	0.056144145	-0.03492454	-0.016285289	0.071992179	0.028040204	0.030726618	-0.135019521	-0.101335209	0.085493387	0.079400103	-0.075590688	0.12284803	0.037479983	-0.260810877	0.007674214
UMARY	1076	0.037127972	0.062229215	0.046523814	0.07761906	0.260868472	0.009050759	-0.026336407	0.328538105	0.002759227	0.13792842	0.125105971	0.05089193	0.034847385	0.013946439	0.003017962	-0.0025665	0.086776104	0.100986511	0.117539294	0.066589969	0.021002561	0.033193048	-0.085833846	-1.027936304	0.037215379
UMARY	1078	-0.129784114	-0.216771081	0.03321807	-0.053184986	-0.293406501	0.033453227	0.487472183	-0.277458535	0.003735771	-0.044299285	-0.036395326	-0.068734158	-0.368534421	-0.048636338	0.376258239	-0.065450744	-0.204352284	-0.13096492	0.494701229	-0.155644292	0.033193968	0.079078331	-0.30369757	-0.165589195	-0.07545343
UMARY	1079	-0.146487367	-0.230817186	0.027232005	-0.150061098	0.261241957	-0.009238106	0.177829453	-0.066068596	-0.156655246	-0.248070002	-0.156588745	-0.152063809	-0.10993909	-0.201027411	-0.020587416	-0.122332397	0.127189529	-0.137472649	0.233010111	-0.057756482	-0.029708494	-0.153862407	-0.126810652	0.765977519	-0.221952291
UMARY	1104	-0.041277047	0.033580203	-0.304189794	-0.058361867	0.184791038	0.003028853	0.098931829	-0.038914503	-0.036953646	0.312785378	-0.087599403	-0.015363487	0.048754717	-0.05459719	0.008404467	-0.040576056	-0.053740567	0.045271643	0.009462734	0.003207971	-0.01635159	-0.068908613	0.157765286	-0.10214289	-0.019441756
UMARY	1105	0.033593373	-0.033002676	0.114618938	0.108222342	-0.110562106	0.438502529	-0.022208266	-0.046427767	0.024506186	-0.031706539	0.063386672	0.109257617	0.201133271	0.079022005	-0.072546643	0.082903938	-0.222884584	0.188238818	0.240599986	0.081051304	0.148513968	0.028749038	-0.105147691	-0.944684345	0.087812912
UMARY	1114	0.06945919	0.030762768	-0.094135442	0.00219392	0.01886986	0.116020908	0.547672814	-0.00090469	0.074084405	0.577678289	0.11084887	0.065710914	-0.16539886	0.020669251	0.080620045	0.038141354	-0.015288742	0.083883214	0.286395594	-0.010145678	0.154708516	0.144650263	0.136013753	-0.665346733	0.085213954
UMARY	1133	0.225294349	0.114362353	0.194851781	-0.041853585	-0.034012381	0.07736598	-0.766426257	-0.442163208	0.193494358	-0.75250304	0.10756818	0.142283809	0.316466947	0.232410981	0.217253926	0.095396892	-0.037858733	0.035993626	-0.164100879	0.055493544	0.034174853	0.243837779	0.837600802	0.972302162	0.11619977
UMARY	1134	0.06685254	0.004306723	0.099700705	0.104418045	0.139427799	-0.016179379	-0.108823228	-0.106928165	0.035997496	-0.162916931	0.052819511	0.040591143	0.059753144	0.048366833	0.104002085	0.006256146	-0.021617432	0.04706335	-0.157136442	-0.015475656	-0.040451279	0.009717769	0.199984152	-0.001091032	0.070662702
UMARY	1136	-0.046791604	-0.035425524	0.233146383	0.024208179	0.277628039	-0.000271848	-0.093482847	0.319028308	0.009094073	0.024076763	0.087367512	-0.088162575	-0.062970993	-0.099824035	0.015454865	-0.113477544	-0.050382263	-0.027795196	0.336560649	-0.081230584	0.043316197	0.03630354	-0.119481229	0.133243955	-0.082361045
UMARY	1158	0.056531057	-0.048279792	-0.110339608	0.0515444	-0.299392621	0.051961597	-0.384666257	-0.06316423	-0.019544241	0.012050424	-0.032884203	0.009262629	0.230237985	-0.017601775	-0.099757334	0.051533856	-0.278114996	-0.01090939	-0.405180336	0.060392671	-0.038427497	0.03902583	-0.046826184	0.727724443	-0.013464039
UMARY	1170	0.049076219	0.115281837	0.029801496	-0.001427789	-0.384496018	-0.160166857	-0.135500564	-0.008971143	0.058831896	0.018882762	-0.011232563	0.032829731	0.034569835	0.031493709	-0.044509562	0.02073123	-0.084762703	-0.000995631	-0.326024812	0.009711463	0.013811389	0.012251649	0.17263856	0.338247925	0.013473516
UMARY	1206	0.029579272	-0.052760443	-0.129338203	0.072680481	-0.456585107	0.072314336	0.252904588	0.291657211	-0.051733202	0.2364534	-0.009284287	0.069095952	0.077089776	-0.059276132	-0.098047909	0.083932894	-0.301761345	-0.016703489	-0.590252706	-0.019694124	-0.108499646	0.015749488	-0.050984882	0.613737415	0.085254572
UMARY	1209	0.033449208	-0.081722231	-0.135434069	-0.111276783	-0.127201713	-0.114690479	-0.789353326	-0.769273749	0.032457448	-0.538649367	-0.090435236	0.071718853	-0.012262276	0.044428254	0.018593421	0.012059209	0.024106086	-0.037371864	-0.265438394	-0.006020575	-0.105192176	-0.032469358	0.281118976	0.691447512	0.018973918
UMARY	1226	0.020209419	0.481333527	-0.074523933	-0.010510972	-0.272674246	0.099081975	0.193048894	0.867362892	0.076306055	-0.097267954	0.040268845	0.087150808	-0.28166153	0.105463256	-0.002949899	0.024691453	0.024990469	0.079824119	0.091699933	-0.020987615	0.128310026	0.058847475	-0.166077618	-1.125549444	0.013594014
UMARY	1230	0.056627998	-0.071016754	-0.013731186	-0.141666333	0.25545723	0.090790475	-0.336857722	-0.106033597	0.014441874	-0.090600118	0.023437768	-0.036427598	0.042555957	0.065096772	-0.121482792	0.045303004	0.032398222	0.105886424	-0.033770345	0.066806754	-0.056255852	0.0077126	0.097339574	-0.627224112	-0.035379602
UMARY	1260	0.095920217	0.182629421	0.032268378	0.040792997	-0.0548795	-0.089656286	-0.200922812	-0.164287904	0.111599834	-0.10111874	0.174656456	0.103673056	-0.016430969	0.113011915	0.113966222	0.144668002	0.150492199	0.1884853	-0.204380087	0.199410437	0.011270703	0.08261041	-0.000179151	0.855354358	0.149036794
UMARY	1326	-0.009137528	-0.068878714	-0.069769949	-0.16938662	0.301347394	-0.133963351	0.28539687	-0.145382356	-0.017055445	0.395937933	-0.058472965	-0.040775367	0.125544193	-0.003648396	0.050117527	0.073240065	0.056847305	-0.001275261	-0.06255248	0.040180109	-0.087051433	-0.100920952	-0.241364543	-0.524931224	0.011670394
UMARY	1454	0.028744301	0.008044815	-0.068893884	0.035608203	-0.219710488	-0.141709682	0.121013975	0.272122229	0.065498549	-0.244702242	-0.036302624	-0.007793331	0.100155273	-0.02690052	0.056509115	0.029030408	-0.245668732	-0.100125708	-0.221487066	-0.009000374	0.08447959	0.045161229	0.064924095	0.785552724	-0.034841733
UMARY	1465	0.008727534	0.052762402	0.058765137	0.209157511	-0.462975222	-0.109886554	0.460199579	0.117977823	-0.039082202	0.457019831	-0.07368358	-0.016061043	-0.033156994	-0.127823755	0.018724406	0.016207721	-0.140568502	-0.07746749	-0.1875567	-0.032253717	0.0737945	-0.080031299	-0.284916329	-0.586573029	0.034953379
UMARY	1486	-0.101985783	-0.024545136	0.037367933	-0.141022708	0.253664457	0.043465983	0.135607113	0.13630595	-0.111886552	0.171289409	-0.140096851	-0.057149442	-0.032159957	-0.061703205	0.018172536	0.032841586	0.16526789	-0.002913755	0.037799506	0.015516395	-0.118882209	-0.169491109	-0.000823135	0.308435984	-0.059113237
UMARY	1498	-0.077466631	0.120630468	0.09791152	0.016849967	0.045549668	-0.030343517	0.134319541	-0.030821413	-0.065796425	0.186562025	-0.004375286	-0.063925065	0.075255576	0.028267941	-0.055534658	-0.054811123	0.154685391	-0.065124644	-0.088439508	0.010027612	-0.127557607	-0.114382153	-0.054898478	0.524409854	-0.048000434
UMARY	1502	-0.058297413	0.112650448	-0.014648833	-0.209068496	0.335161756	0.017226717	-0.138372675	-0.025313261	-0.121156974	0.339717032	-0.125771451	-0.111174786	0.006372513	-0.120979862	-0.071391849	-0.04421692	0.066354707	-0.151362517	0.125017491	-0.018978957	-0.014849073	-0.085610342	0.154203884	-0.344222423	-0.155148027
UMARY	1535	-0.002803025	-0.100263382	-0.146392834	0.148966528	-0.346010797	-0.085353759	-0.196221711	0.303693122	-0.037903907	-0.147725929	-0.046852395	0.022447057	0.112031102	0.02261583	-0.030485747	-0.0357103	-0.118799119	0.047445028	0.095478238	-0.011529088	0.046939337	-0.028891666	-0.160569644	-0.207729542	-0.066678886
UMARY	1540	-0.009921839	0.91716331	-0.363861974	-0.200737228	0.560493152	0.071484717	0.094977667	0.72683288	0.075222175	0.094462228	-0.111969144	-0.116806608	-0.51010697	0.032582949	0.050490653	0.012769559	0.265569372	0.003745423	0.033266159	-0.074600004	0.033887048	-0.152776492	0.102675208	0.568009422	-0.101872684
UMARY	1541	0.082682595	-0.024898321	0.061886973	0.093392425	-0.193118448	-0.015816897	0.038073026	0.114372385	0.073687328	0.044409834	0.021352255	0.122068931	0.014291062	0.12167615	-0.001106348	0.133465798	0.059744267	0.077177922	0.116018459	0.06054048	0.030369541	0.066683032	0.214625022	0.252116971	0.095779169
UMARY	1544	-0.094470891	-0.089612372	0.1446079	-0.096675438	-0.138502978	0.036704847	-0.240863659	-0.151679629	-0.11351424	0.114741912	-0.094876768	-0.113634204	0.287883259	-0.032179465	-0.098822821	-0.000822864	0.205486042	-0.046964831	0.40016361	-0.136912292	0.01552151	-0.068184964	0.001796623	0.151829836	-0.106402223
UMARY	1545	0.140505001	-0.016811333	0.177670137	0.036053962	0.156468189	0.202900668	-0.44681823	-0.07225811	0.063020401	-0.289089062	0.073623663	0.060817899	0.036965029	0.052857412	0.093864104	0.093527651	-0.06959546	0.107616689	0.504399929	-0.022116439	0.162124897	0.272841429	0.14636205	-0.267933416	0.087076887
UMARY	1568	0.090902616	0.054181372	0.023097905	-0.043054197	-0.013508285	-0.078776278	0.246762954	0.454991787	-0.032558794	0.574569019	0.042738699	-0.087048063	-0.061795802	-0.043951371	0.006333675	0.002814011	-0.029671629	-0.00837063	0.150681938	0.016342935	0.131601073	-0.007805712	-0.140718005	-0.786976672	0.033322607
UMARY	1570	0.016393996	0.066557508	-0.058429899	0.059363037	0.099185813	-0.06153304	0.410034385	0.199682551	-0.001257554	0.126335964	-0.050864941	0.030984232	-0.209343216	0.035189294	0.069272989	0.006626824	0.032067265	-0.023299935	-0.264000914	-0.009567857	-0.02923846	-0.034896193	-0.080538668	0.492465851	0.045772412
UMARY	1571	0.06363067	-0.080533607	-0.011703337	-0.095703512	0.394962091	0.126046335	0.175634785	-0.066439881	0.022701936	0.474423843	0.039796674	0.014634448	-0.073551353	-0.022764659	0.071368192	0.006313877	0.123735202	-0.062211311	0.493619923	0.041988394	0.159701273	0.004131369	-0.096427261	-0.896333681	0.077275944
UMARY	1578	0.003464928	-0.198337454	0.017736608	-0.004462874	0.682038915	-0.06447137	0.22933484	0.328797511	-0.04399247	0.175022742	-0.008156718	-0.075061211	-0.091162949	-0.0866921	0.064542762	-0.051809237	0.142154478	-0.096614473	0.544319632	-0.092027148	-0.119445821	-0.036549271	-0.168354283	-0.170177911	-0.054432765
UMARY	1583	0.108237839	0.030499628	0.094644806	0.053702617	-0.306496735	-0.162326743	0.138643994	-0.112203461	0.008159145	0.291333319	0.089561394	0.066576335	0.287197509	-0.034414343	-0.020398498	0.114482366	-0.098328269	0.117497354	-0.182600281	0.054969638	0.067385236	0.188360529	-0.135602794	0.965455111	0.125007262
UMARY	1584	0.009410625	-0.188181322	0.250509635	-0.071551595	0.125799165	-0.032560385	0.200172094	-0.384922513	0.08164831	-0.0104527	0.020455515	0.029432783	-0.115099799	-0.016566365	0.265273241	-0.016329332	-0.225461363	-0.016483889	0.334600197	0.043070944	0.085465936	0.097391117	0.040847016	0.320726419	0.022881149
UMARY	1611	-0.121254514	-0.18283224	0.166004131	-0.053071341	0.428135479	0.045446227	0.401977521	0.465130815	-0.089987723	0.260772098	-0.09959463	-0.193789943	-0.093794365	-0.167022822	0.061041486	-0.107781907	-0.055105396	-0.262922961	0.421014997	-0.157708474	0.009763222	0.006686566	-0.186180955	-1.278831011	-0.180008863
UMARY	1612	0.025044677	-0.09751954	0.385477279	0.000489995	-0.165678073	-0.178440725	-0.387572408	-0.554123671	0.098457095	-0.639728407	-0.003551187	0.059431155	0.135035842	0.020957716	0.019005118	0.110331543	-0.080014539	-0.091212062	-0.157639021	-0.140924028	-0.197394894	0.036236148	-0.035913364	-0.059383714	0.000425661
UMARY	1613	0.147522315	-0.051747151	-0.21597553	0.092720286	-0.442010179	0.409466827	0.186802547	-0.190071783	0.050397997	0.536361207	-0.025348403	0.041883872	0.077340783	-0.024670941	-0.050319625	0.0492729	0.037335845	-0.014476081	-0.671256763	-0.047451428	-0.092934931	-0.03108825	0.970718372	0.614386999	0.022499922
UMARY	1614	0.081309988	-0.053076598	-0.020412237	0.144638553	-0.200516482	0.006861583	0.21743048	0.467381423	-0.01504016	0.31085175	0.085440177	-0.01154856	-0.067451032	0.012498058	0.246537155	0.066754926	-0.022607421	0.123759877	-0.203069044	0.086881318	-0.085096759	0.109850284	0.146906823	-0.290979431	0.017650196
UMARY	1648	0.067926205	0.270333452	0.255013165	-0.045036447	0.139988492	-0.013109023	0.238038651	0.516663168	-0.023698751	-0.141205115	0.027091558	0.010436884	-0.097455626	0.018409754	0.033414257	-0.02573141	0.053956405	0.001074318	-0.165344266	0.006343754	-0.09791538	0.024185878	-0.013429266	0.328780803	0.045422389
UMARY	1652	-0.022128212	-0.148976486	-0.465404713	-0.077884798	-0.538544627	0.204226659	0.131899569	-0.107341946	0.001397766	0.321688174	-0.061229536	-0.041233733	0.083373937	-0.060178276	0.036742788	0.029128778	-0.251181536	-0.023484016	-0.687747654	-0.058133884	0.012342532	0.175270132	-0.02106502	0.202145046	-0.109937032
UMARY	1668	0.132673749	-0.100183184	-0.112553375	0.118897907	-0.35581386	0.089748098	-0.022309608	-0.174262632	0.083876404	-0.049445326	0.088169863	0.100942528	-0.086119784	0.043781404	0.062127718	0.053842613	-0.064934675	0.089143247	-0.400373587	0.077101973	0.115702441	0.119904974	0.013697824	0.163947612	0.045065133
UMARY	1710	-0.038495066	-0.038251805	0.140813379	0.050078373	-0.123717943	0.01880922	-0.163269856	0.146322366	0.020343165	-0.077826821	0.021245567	0.066136209	0.31652602	0.020279887	-0.041529183	-0.076315862	0.092121415	0.03807869	-0.229655428	-0.099550093	-0.131570833	0.080094206	-0.129555993	-0.225397308	0.125568489
UMARY	1712	0.038002917	-0.051583606	-0.108911282	0.132708738	-0.207435822	-0.131073562	0.206126621	-0.000871878	0.098587033	0.111418923	0.038150102	0.15236569	0.065343562	0.067241246	-0.020568258	0.06750864	-0.03686895	0.036045408	-0.290947929	0.023103326	0.147714147	0.040471797	-0.07555517	0.191333941	0.075049729
UMARY	1713	-0.011358527	-0.189429841	-0.025766621	-0.008131352	-0.143774404	-0.083351102	-0.117171329	-0.269792843	-0.039989805	-0.088315976	0.000165987	-0.040194448	0.092652688	-0.079073155	0.047162947	0.025594037	0.004818369	-0.04018727	0.170263455	-0.011293256	0.096986718	-0.052900354	-0.229062577	-0.360941376	-0.043333436
UMARY	1715	-0.049110744	-0.215464147	-0.016978293	-0.05199968	-0.163310237	0.241500469	-0.247403432	-0.75463718	-0.022596456	0.12225045	-0.014032287	0.033582084	0.071292056	0.032085285	-0.042632176	-0.054310475	0.096124486	-0.032294621	0.001783963	0.005344074	0.126522506	-0.054415247	-0.128708673	-1.2128642	0.091123248
UMARY	1792	0.030405948	0.011736069	0.038966367	0.229826091	0.531183324	-0.154037667	0.180106752	0.137183318	0.034141644	-0.044610873	0.004521014	-0.009511124	0.075020808	0.046751973	-0.025381962	0.060816186	0.114973023	-0.082577453	0.176255625	0.005725563	-0.009711778	-0.03090875	-0.108013939	0.533831214	0.005802381
UMARY	1795	-0.075311136	0.128126866	-0.025110931	0.058862692	-0.05529362	-0.172231651	-0.29783093	0.086052376	0.064044924	-0.567260435	-0.032603759	0.060183926	0.052217668	0.013558144	-0.074079924	-0.040730209	-0.088648463	-0.007900803	0.151397921	0.015700109	-0.083712191	-0.090321818	-0.068674582	0.24108776	-0.005345041
UMARY	1797	0.001800183	-0.058420211	0.039993302	-0.042088212	-0.174847747	0.18737532	-0.211050027	-0.026884141	-0.054646786	0.134803884	0.014704624	-0.067867939	0.028805099	-0.129826217	-0.193244549	-0.02214296	0.16745984	0.195447291	0.054527282	0.007233619	-0.051057429	-0.085250344	-0.076506002	-0.353580233	0.063320063
UMARY	1825	-0.048688212	-0.030635292	-0.178403994	-0.069440827	0.296543702	-0.091543547	-0.254113619	-0.003664879	-0.074672418	-0.03125479	-0.032325366	-0.10001752	0.001183294	-0.012601013	-0.064881742	-0.067446566	0.280047979	-0.002863271	-0.084173253	-0.057933284	-0.054747442	0.021367156	0.283655247	0.059187343	-0.035848941
UMARY	1827	0.021850474	-0.016424892	0.218401471	0.098715911	0.446852027	0.021473931	0.254204232	0.4756204	0.094280435	-0.014657756	-0.039611105	-0.050118586	-0.110301954	0.016038358	0.046438305	-0.024605006	0.150935569	-0.05737071	0.572831179	-0.011520872	-0.071028106	0.007647858	-0.080727224	0.244883888	0.006467859
UMARY	1830	0.214876028	0.135360154	-0.221040106	0.144223609	-0.385405268	-0.092121446	-0.345557113	-0.21696358	0.180620391	-0.134598389	0.059078433	0.146280816	0.324275937	0.14472634	0.057841755	0.143315903	-0.22390177	0.140928614	-0.419598013	0.166584767	0.139597776	0.078663934	0.18146045	0.074143541	0.212183268
UMARY	1846	-0.04569623	0.30754928	0.022669428	0.040421104	0.105605791	-0.03363746	-0.217288561	0.120618333	-0.07052189	0.110533184	0.015489506	0.026010139	-0.196041454	0.021523027	-0.102658161	-0.021142918	-0.007835246	0.069803182	0.003651709	0.009916337	0.09040793	-0.075279121	-0.111401503	0.807629957	0.005688445
UMARY	1847	-0.02777936	-0.10483319	0.039678988	0.053874729	-0.103284024	0.171321521	-0.015422199	-0.250735406	-0.011283719	-0.123348771	-0.012765361	0.030903983	-0.029000563	-0.041216639	0.060932444	-0.036179568	-0.265311572	-0.053967214	0.212892853	-0.056649219	0.020552349	0.016695078	-0.175235948	-0.109327872	-0.072781054
UMARY	1849	-0.02417737	-0.087532884	-0.033025445	0.093868643	0.355280985	-0.359061815	0.43423048	0.34173548	-0.035815561	0.001851205	-0.053399587	0.046367332	-0.27586688	0.025207118	-0.041003242	0.008641747	-0.003478143	-0.027096653	0.120991221	-0.018311516	0.37487978	-0.034818586	-0.212287675	-1.618753431	-0.094713628
UMARY	1862	0.056702844	0.026667295	-0.000720156	-0.029138129	0.150957622	0.053655212	-0.141035909	0.329434538	0.088785789	-0.042394696	0.026963023	0.078448643	-0.035112428	0.055352696	0.101964989	0.082571061	0.12338739	0.078997592	0.23803221	0.090638953	-0.05393297	0.092449617	0.24767316	-0.344825833	0.059823577
UMARY	1865	0.032725965	-0.006724667	-0.012428767	-0.000266166	-0.208990189	-0.080270355	-0.058257975	-0.323988798	-0.009871996	-0.252862043	-0.072965621	-0.019847569	-0.015448024	0.026317459	-0.025260188	0.026701021	0.114524266	0.045110671	-0.207774187	0.034113472	0.02030973	-0.069373339	0.150496273	0.464795474	0.028933474
UMARY	1866	-0.126300604	-0.065584024	0.21472844	-0.113144753	-0.108142042	-0.057325534	0.20671396	0.098841564	-0.077976357	0.174173115	-0.043832028	-0.133463384	0.081718916	-0.190234382	0.02566527	-0.098550599	-0.086725721	-0.146581633	0.005873457	-0.21411347	-0.071436837	-0.121869626	-0.138160515	-0.378524366	-0.125320021
UMARY	1867	-0.064918403	0.121551951	-0.09594443	-0.011284474	0.397377828	0.110713745	0.421122434	0.354408619	-0.072654279	-0.349695794	-0.072876322	-0.039855995	-0.137413714	-0.021717712	-0.017155476	-0.023556651	0.20845767	-0.050915032	-0.128708411	-0.036956945	-0.191651637	-0.075004066	0.162117299	0.403301479	-0.006466312
UMARY	1902	0.087164522	0.119395736	0.006550573	-0.041211497	0.004870688	0.051186057	0.058591786	0.233746456	0.025133614	0.265797284	0.062754523	0.034509674	-0.068190799	0.015209135	-0.033097592	0.063086797	0.206307525	0.086262798	-0.389897888	0.056893846	-0.145012418	0.029134693	0.003702798	0.642871205	-0.002223645
UMARY	1903	0.039006	-0.050628557	0.146560886	-0.015508069	0.168875017	-0.044329145	-0.13020105	-0.129016327	0.004209138	-0.20624476	0.012597951	0.067561756	0.181895675	0.042757126	-0.052810554	0.031572997	0.209973268	0.072081875	-0.002257867	0.117296842	0.010592212	0.073533938	0.031449311	-0.296042754	0.079855996
UMARY	1907	-0.1566129	-0.165000209	-0.067107104	-0.135250561	-0.177234825	-0.045510463	-0.227090785	0.246145785	-0.10673565	-0.091055162	-0.12287928	-0.169939418	-0.015600321	-0.086131938	-0.067948622	-0.153865133	0.085409591	-0.124307956	-0.23886236	-0.211740247	-0.262742052	-0.103815254	0.352935019	0.153834683	-0.109672009
UMARY	1917	0.02111757	-0.1321168	0.265146009	0.110601884	0.182696936	0.06313679	0.314621409	0.116408993	-0.127488265	-0.480575536	0.003479254	-0.095837466	0.015073455	-0.045115558	-0.065717605	-0.056999313	0.146315134	-0.024964639	0.29005493	-0.010591627	-0.010237537	-0.023374236	-0.18534467	0.020614592	-0.073838218
UMARY	1935	-0.064422423	-0.289316307	0.060561939	-0.232366858	0.202541532	-0.117174682	0.078249888	-0.231240962	-0.206911157	-0.272431255	-0.151419424	-0.11635355	-0.222854935	-0.116930498	-0.149101198	-0.117107447	-0.127394304	-0.085782572	0.046048326	-0.109712058	-0.100697735	-0.06010582	-0.146291908	0.51581904	-0.041721301
UMARY	1936	-0.007367638	-0.192398113	-0.149346401	0.028457606	0.154518564	-0.222028652	0.185911551	-0.458218413	6.44E-05	0.088696463	0.063047395	-0.010505333	-0.102027843	-0.13775341	0.15681696	-0.017375334	-0.145735634	-0.07685434	0.492872954	-0.010247275	0.043983958	-0.063214904	-0.296251553	-1.068783969	0.002877717
UMARY	1939	-0.553352136	0.465580616	-0.298001724	0.325536216	-0.559530095	-0.268658759	-0.695221211	-0.788324351	0.155427392	-0.471107219	0.187791333	0.313272253	0.074973205	0.467942889	-0.602847156	-0.042941244	0.038062545	0.315961922	-0.771692632	0.452748536	-0.052198844	-0.480999045	-0.279660239	0.942148329	0.184950781
UMARY	1940	0.0524861	0.038458386	0.066550426	0.190629395	-0.07958583	0.176362385	0.302097675	0.513557285	-0.005598261	-0.115182524	-0.026499939	0.012020893	-0.179163161	0.065983562	-0.029050323	0.023465605	0.036119394	-0.053267697	0.098763477	-0.030001217	-0.150630973	-0.056000743	0.058278585	0.189622472	-0.101723118
UMARY	4263	0.0599444	-0.020155777	0.192682689	-0.080409925	-0.180153237	0.042830325	-0.238719284	-0.418690295	-0.055915116	-0.100192532	0.011563457	0.062880628	0.385906218	-0.061072109	-0.159506302	0.066237137	-0.220459461	0.243415488	-0.08198092	0.065957532	0.170333064	-0.038036693	-0.2674749	0.306395259	0.076725093
UMARY	4540	-0.042261683	0.126135763	-0.102681809	-0.204979325	-0.079350037	0.115855691	-0.10438184	-0.130897123	-0.118677986	-0.060630079	-0.054697342	-0.07287843	0.067289656	0.106470611	-0.222483349	-0.079078741	0.057221224	-0.000288573	-0.227821218	0.008438758	-0.015535404	-0.187466297	0.093220904	-0.478259145	-0.035652521
UMARY	4542	0.12285628	-0.134525099	0.032659673	-0.218042534	-0.146075137	0.00762123	-0.666894553	-0.373024168	0.04641582	-0.759209351	-0.066337194	0.029806145	-0.051326445	-0.037997357	0.05891078	-0.03477341	-0.052727723	-0.106719867	0.116972892	-0.094190863	0.216430326	0.064610509	0.559980649	0.373445061	0.042919993
UMARY	4543	-0.10669458	-0.044937167	-0.058969257	-0.013099582	0.129982778	-0.091537376	-0.002916267	-0.198849218	-0.056357364	-0.122737689	-0.082303745	-0.059709992	0.112210644	-0.035146475	0.030355147	-0.070807113	0.035536492	-0.018347667	0.173498833	-0.040072456	-0.088509234	-0.046549964	-0.226851071	-0.267490468	-0.103068883
UMARY	4549	-0.032870932	0.023643486	-0.079191389	0.097392557	0.521062785	0.076504634	0.348369808	0.203166368	0.064903193	0.384994438	-0.076439694	-0.03865127	0.071050443	-0.020687153	0.010601783	0.024987307	0.452243378	-0.004849198	-0.020937839	0.076623297	-0.285694675	-0.056683326	0.260892835	0.667457393	0.061160252
UMARY	4590	-0.12811628	-0.065165526	0.143473807	-0.053110448	0.205220706	0.172476538	0.032354544	-0.090451465	0.010673789	0.024655269	0.051281804	-0.100895222	0.052228382	-0.025703758	-0.07218775	-0.003035228	-0.166729117	0.129029128	0.432802	0.042769654	-0.141949182	0.18712202	-0.245531262	0.284387382	0.09867751
UMARY	4593	0.06613986	0.03406198	0.027136957	0.030993001	-0.191347475	-0.082300937	-0.09040498	-0.100195153	-0.006887916	0.388611994	-0.065807923	0.043428259	-0.10297913	-0.03849699	0.027800931	0.026962992	-0.098789945	0.027611501	-0.159067992	0.08022732	0.023356271	-0.060868882	-0.131274689	0.210325233	-0.033985576
UMARY	4598	-0.01600055	-0.03922341	-0.11632338	-0.137045624	0.187082362	0.114067291	0.241291107	0.121916915	-0.070794087	-0.268629347	-0.183930517	-0.04790041	-0.112354711	-0.16214982	0.026463452	-3.54E-07	0.04033863	-0.091193168	0.026283848	-0.028988167	-0.05975928	-0.021807696	0.097940645	-0.16077851	-0.111231757
UMARY	4636	-0.050301955	-0.108801783	-0.034668236	-0.008949477	0.104586701	0.038567942	-0.2582177	0.085575315	-0.023777672	0.200521268	-0.065226488	-0.073646733	0.022858365	-0.090977732	-0.142702382	-0.021541768	0.043632531	-0.117745421	0.266919298	-0.086011676	-0.088610928	-0.098182758	0.002121006	-0.702048509	-0.087879924
UMARY	4640	0.003718163	-0.03500872	-0.305439578	0.046504139	-0.034688516	-0.105470835	0.254247462	0.304953043	-0.124693671	-0.17693395	0.005625297	-0.092442565	-0.257072993	-0.132223114	0.058807015	-0.091531357	-0.083749664	-0.084419725	-0.141510226	0.111126631	-0.208831519	-0.072579066	-0.181390493	0.113126674	-0.091780243
UMARY	4725	-0.155223494	0.066835372	0.178053404	-0.165829238	0.36243385	-0.078613057	0.374568122	-0.014003078	-0.112838153	-0.029196052	0.006130169	-0.046206624	0.033166534	-0.027852472	-0.143749653	-0.090139409	0.199312176	-0.029479435	0.105502973	0.038616772	-0.006645015	-0.153386062	-0.050839538	-0.98605687	0.009400035
UMARY	4726	0.062723283	-0.01434123	0.083975544	0.107098916	0.422110834	-0.086735566	-0.379604414	-0.086510453	0.09079365	-0.098854801	0.012468038	0.042893683	0.149302753	-0.057630496	-0.008296338	0.046636468	-0.011731732	0.011555728	0.307669063	-0.054646499	-0.019069973	0.071662269	0.069600336	-0.498582369	0.02354532
UMARY	4727	0.018679628	-0.1128468	0.049703892	-0.039776186	-0.204376383	-0.069622557	-0.346580622	-0.368756084	0.000288771	-0.34814506	0.031743297	0.101695037	0.180875339	0.106773159	-0.030782452	0.022594172	-0.205833053	0.065964057	0.000513868	-0.06702776	0.271389181	0.069552358	0.155624102	-0.089001095	0.054759204
UMARY	4729	-0.018615692	0.164614936	-0.255435133	0.11624531	-0.529647516	-0.038487882	-0.388701839	-0.178486518	-0.065660352	0.035174145	0.092195917	0.006792127	0.050906584	0.249866178	-0.057399285	0.028865825	-0.17016867	0.03573249	-0.52927881	0.243177205	0.080247472	-0.014498471	0.343358391	-0.14702766	0.109723791
UMARY	4782	-0.163587772	-0.117842462	0.032466341	-0.137463949	0.263104764	-0.130441889	-0.133768105	-0.765093971	-0.153791078	0.074964348	0.020562044	-0.156667707	0.196113726	-0.018660454	0.073543996	-0.141896601	-0.146260322	-0.102126348	0.121096258	0.015514891	-0.119229706	-0.106412725	0.059056568	0.721063837	-0.074108591
UMARY	4786	-0.030067149	-0.080335656	-0.002851125	0.147337581	0.127670983	-0.16598214	-0.113525362	0.018031608	0.077970182	-0.586662204	-0.000164017	0.061735737	-0.10081193	0.02586024	0.10399292	0.02189726	0.007481123	0.073306479	-0.022263353	-0.094710646	0.039492459	0.013556338	0.166890547	0.092273885	0.05512591
UMARY	4788	-0.09646173	-0.217451286	-0.1505204	-0.189738277	-0.569349825	0.174863906	-0.529021861	-1.0142467	-0.067985297	0.507843172	0.043510992	-0.061139577	0.036413295	-0.15201743	0.0692623	0.009177657	-0.093419853	-0.136558415	-0.347028104	-0.018968653	0.547328187	0.022677914	-0.338158064	-0.505849904	-0.262882349
UMARY	4789	0.044180954	-0.056237007	0.14538399	0.09036261	-0.157089489	0.121779111	-1.517402777	-0.586168511	0.187441679	-0.215877493	0.241470515	0.130829469	0.447910999	0.16083601	0.329587124	0.041751282	-0.383345916	-0.020730302	0.341735927	0.002729737	0.49231383	0.198700901	-0.108300604	-2.090672437	0.106566256
UMARY	4841	-0.022027331	0.03592452	-0.141869654	-0.021906241	-0.180980168	0.214472591	0.132812274	0.50850715	0.064695367	-0.113071142	-0.090693843	0.008633239	-0.189876318	0.026676503	-0.084070247	-0.046297692	0.092866272	-0.042019381	-0.081367647	0.004536393	-0.07836572	-0.004464267	-0.035965709	-0.523835756	-0.034823723
UMARY	4842	-0.013764433	0.195379755	-0.0296218	-0.040877707	-0.437358206	0.04027588	0.035138936	0.503584215	-0.005660148	0.448499126	0.031887484	0.015863966	0.092208919	0.083884856	-0.037039983	0.038576824	0.083405353	-0.009943284	-0.802846754	-0.001280069	0.040259366	0.04013047	-0.120373419	0.032649562	0.082217361
UMARY	4903	-0.026351193	-0.07241596	0.108815603	-0.063971684	0.231207299	0.184285891	-0.306189443	0.04207738	0.079905473	-0.226866068	0.031481116	-0.092740595	0.261594073	-0.079162023	-0.001594942	0.066632172	0.26014013	-0.032485935	0.247960544	-0.036914342	-0.160917768	-0.088802456	0.013997447	0.684930883	-0.048856204
UMARY	4915	0.04181453	0.302602852	-0.049679155	-0.021009383	-0.195201941	0.013382215	-0.052402758	0.275045449	0.039494987	0.186719199	0.028619736	0.047781813	-0.18449105	0.083462125	-0.015252473	0.091892412	0.144138871	0.050810174	-0.192432834	0.043294355	0.079054512	0.015808805	0.070150609	0.147803479	0.046788497
UMARY	4916	0.012490439	-0.102797367	0.207121799	-0.027159265	0.105140412	0.21764104	0.234228401	0.126798722	-0.035539664	0.271375003	-0.045924132	0.007893456	-0.204670893	-0.045956025	-0.035562607	-0.03333318	0.072799935	0.025961908	0.262691815	-0.104492131	-0.115383376	0.036703415	0.031476711	0.027951746	-0.010043186
UMARY	4924	0.169973967	-0.103716777	0.417648847	0.331115993	-0.489673596	-0.083464506	-0.480925229	-0.589440933	0.122307401	-0.546657876	0.156840301	0.178205044	0.117910276	0.136228716	0.036764726	0.101850408	-0.45573347	0.245740294	-0.139414455	0.047833444	0.270587899	0.285747138	-0.159288448	-0.03966176	0.188793032
UMARY	5024	-0.0220189	-0.025260036	0.009886094	-0.068637308	-0.098836399	0.181943081	0.880681527	-0.272676938	0.049116236	1.084785364	-0.046188625	0.04864151	-0.192697292	0.071092153	0.146797969	0.029538406	0.262955186	0.15220639	0.50151272	0.041872593	-0.037188767	0.032288181	-0.177835697	-0.720345784	-0.005310055
UMARY	5028	-0.035875495	-0.209573809	-0.040026652	-0.138466338	0.038724898	-0.071112893	0.287560744	-0.510851486	-0.032590881	0.191467757	-0.066070704	-0.00921052	-0.435514509	-0.222265587	0.0069362	-0.008026941	-0.268157359	0.087414113	0.138578794	-0.005118479	-0.057793086	-0.04060125	-0.272549968	-0.157047171	0.006019499
UMARY	5078	-0.094885066	0.08934542	-0.044063524	-0.147863173	0.328126629	0.084345839	0.2676366	0.030668237	-0.141628393	-0.255147411	-0.138287177	-0.11879476	-0.073207888	-0.06078172	-0.042192038	-0.06494026	-0.052087563	-0.159746869	0.225672202	-0.134630215	-0.000992206	-0.100666998	0.044166472	-0.068749188	-0.109782095
UMARY	5079	0.028901062	-0.032613665	-0.020913856	-0.11792734	-0.049784558	-0.033161177	-0.260017764	-0.168086292	0.077484379	-0.24896621	-0.029514128	0.001624551	0.12687689	-0.029530379	0.013065762	0.021225962	-0.034960445	-0.064285467	0.189969688	-0.096612598	-0.029562819	0.004666776	0.062988634	-0.005174007	0.003447824
UMARY	5081	0.001786293	-0.085861246	-0.123701213	-0.029542193	0.116459789	-0.153391761	0.093861117	0.273291393	-0.029041295	-0.156190218	0.021644855	-0.070034495	0.126399018	-0.044075947	-0.002714709	-0.100095206	-0.010807308	-0.019188371	-0.033905128	0.025610666	-0.111937187	-0.050177207	-0.110686091	0.761139158	0.003349276
UMARY	5086	0.054306903	0.018463605	0.156802694	0.033237604	0.069971187	-0.010624531	0.180780854	-0.06966794	0.133344513	0.278211742	0.230877564	0.013526824	0.099610206	-0.060740189	0.030195668	0.010572088	0.132437042	-0.005679908	0.020727535	0.130640069	-0.018632828	0.066059052	-0.076278656	1.439601432	-0.009662864
UMARY	5087	0.11909709	0.052736329	-0.092797543	0.012253613	-0.230586307	-0.080141434	-0.147868956	0.199298812	0.101987549	-0.242680562	0.05613274	0.07280959	0.172608562	0.069102841	0.04653222	0.060162742	-0.078351205	-0.007137631	-0.116325705	-0.023458559	0.215996096	0.070506652	-0.033832526	0.042090728	0.04157161
