FID	IID	1	2	3	4	5	6	7	8	9	10	11	12	13	14	15	16	17	18	19	20	21	22	23	24	25
BLSA	745	0.022312946	0.094206804	-0.158679034	0.481145915	0.623979074	1.230548541	0.289856324	0.186233318	0.234043792	0.423606997	0.166027276	0.815138097	0.071683824	0.383678124	0.317434063	0.468275807	-0.597360366	-1.236250758	0.08075594	-0.124758535	0.059600704	0.512063975	-0.315328566	0.041911621	0.451898004
BLSA	827	-1.028997054	-0.308409798	-0.219410127	0.344897527	-0.605421027	1.047846637	0.301853034	-0.000395672	-0.755801667	0.0492031	0.238126423	0.137860387	-0.30740677	-0.096194719	0.326903249	0.02726383	-0.156122031	-1.054431377	-0.218279931	0.288163188	0.25952203	0.179310493	-0.206786034	-0.837254005	0.366367976
BLSA	1556	-0.051459951	-0.15706926	-0.302844155	0.066147301	-0.417684063	0.123312202	-0.070281101	-0.086332548	-0.098835552	-0.071931698	0.351490586	-0.254477716	0.155730077	0.244459095	0.072877243	0.327517267	-0.041878994	0.114408086	0.343096483	0.095931863	0.233239963	-0.70140695	0.284380892	-0.625264772	0.444476474
BLSA	1579	0.222968814	-0.045294718	-0.104778763	-0.389638781	0.058040867	-0.183319472	0.084859047	-0.310112122	-0.108751957	-0.07840578	-0.216074177	0.025308297	-0.287876206	-0.100777169	-0.138092768	-0.303817694	0.24770172	0.093052348	0.031935927	-0.342584307	-0.33790785	0.124067979	0.108849225	-0.29078627	-0.066387703
BLSA	1595	0.079249525	0.694477858	0.566874665	-0.08649031	-0.511298657	0.129831918	-0.180647819	0.040938857	0.405272306	1.101966077	0.11436693	0.586167389	0.503511604	-0.317134388	0.649263221	-3.037972811	-0.267153497	0.649314509	-0.134258777	-0.124985653	-0.005503918	0.262416563	-0.283176271	0.440950409	-0.678578026
BLSA	1603	-0.153447733	0.234724003	0.213283849	0.027070905	0.741593979	-0.388811865	0.231180331	-0.126399126	0.07851879	-0.058255068	-0.050659594	0.085206871	0.090135373	-0.097457097	-0.120915118	0.01105796	0.254818973	0.315523327	0.076159369	0.176976007	-0.140655466	0.188207076	-0.095616584	0.709767471	-0.457848014
BLSA	1640	0.189978147	0.196136933	-0.18425014	0.253959949	0.102925349	-0.217815512	-0.184625667	0.175342034	-0.100477045	-0.004060336	-0.092710782	-0.300568306	0.32452258	-0.000313414	0.116041495	0.298545353	0.117151647	0.008586829	0.133966647	0.156775159	0.083341635	-0.254591993	0.262124712	-0.405790649	0.590768209
BLSA	1775	-1.00764703	-0.169503141	0.46159703	-0.445162731	-0.805793698	0.667411719	-0.427071876	0.182783721	-0.268564055	0.694415912	-0.109777689	-0.114391769	-0.254590914	-0.128886738	0.263293715	-0.406972988	-0.38300412	-0.457904939	-0.470767366	-0.166730985	0.89958182	-0.34150795	-0.04100249	-0.285279002	-0.623308681
BLSA	1802	-0.072489815	-0.157917438	0.210265823	-0.046498722	0.35724872	-0.289113878	0.144624086	-0.060672703	0.060555997	-0.081377554	-0.033685859	0.165384064	-0.238422724	0.075624671	-0.254799627	0.331172368	-0.105703932	0.043585305	0.099146715	-0.030119494	-0.19075029	0.055368427	-0.241958667	0.712390516	-0.267338937
BLSA	1805	-0.178874223	-0.155239942	0.251376483	-0.143106711	0.509749578	-0.742946695	0.28900372	-0.338445436	-0.004369148	-0.274756059	-0.051240314	-0.203727637	-0.092291084	-0.136237695	-0.317618815	0.043226682	0.33085541	0.24076749	0.320610688	0.179204297	-0.37453867	0.44505406	0.025295459	0.634184961	-0.642227616
BLSA	1838	0.492869622	-0.18072162	0.004887462	-0.186137592	-0.021273894	-0.200764851	0.134423303	-0.158055974	0.007787708	0.141826172	-0.068732071	-0.170170932	-0.220308981	0.062371768	0.008926459	0.225084733	-0.092102964	0.05305437	0.036288501	-0.007643084	-0.127661494	0.436355098	-0.117793909	-0.001303675	-0.464478902
BLSA	1839	0.436967265	-0.211093275	-0.129345848	0.16944138	0.8265004	-0.167314411	0.282760334	0.079606803	-0.009754949	0.050325433	0.005038849	0.005981782	0.047456173	0.139626522	-0.134654743	0.561819094	0.017120902	0.129691417	0.005319038	0.022118608	0.287006652	0.397573558	0.25198551	0.766837453	0.182588917
BLSA	1840	0.207854921	-0.003708936	-0.187166176	-0.027204209	0.670292934	0.033611864	-0.176447097	-0.024175644	-0.005686863	-0.141490588	-0.143705088	-0.002688761	-0.018653489	-0.156835742	-0.147300297	0.250937223	0.023573275	-0.09194675	-0.172566104	-0.116381466	-0.245558733	-0.067197532	-0.300896527	0.004946122	0.159016123
BLSA	1883	0.462566271	0.440037779	-0.100081635	-0.104558574	0.120275634	-0.076410251	0.0432496	-0.123306931	-0.114350566	-0.170954362	-0.140675893	-0.121083209	-0.145326743	-0.112029005	-0.263952014	0.028792523	0.17595346	-0.023215236	-0.125813634	-0.176615964	-0.182919189	0.31924585	-0.173060303	0.354250267	0.186250433
BLSA	1889	0.075369507	-0.244804974	0.10921668	-0.201486785	0.222146143	-0.367154225	0.051947166	-0.012734573	0.102076533	-0.296457794	-0.278405355	-0.183935553	0.041105041	0.000923905	-0.122942618	0.455031754	0.364976161	0.041074606	0.030089892	0.180948687	-0.082583998	0.150058457	0.163091001	0.108307174	-0.232915233
BLSA	1924	0.749629002	-0.213897304	-0.181266699	0.094622027	0.535241775	-0.60820603	0.048173078	-0.042782102	0.024502247	-0.327049942	-0.063191315	0.041972739	-0.008438124	-0.160850023	-0.036993224	-0.308052984	0.054595963	0.158722131	-0.083181254	-0.334533061	-0.11725559	0.824805214	-0.032069427	0.359600339	-0.046508673
BLSA	1961	-0.139105725	-0.188199	-0.143053528	0.177033975	-0.267478571	-0.132278355	0.239296363	-0.028042933	0.217485987	-0.381346032	0.135984712	-0.529834725	0.144290582	0.123594324	-0.157849685	0.136752344	0.423472671	0.659852713	0.207359067	0.093891824	-0.060812875	-0.377222751	0.12058989	-0.108160355	0.025177989
BLSA	2000	-0.339220957	-0.060112382	-0.334800456	-0.028171904	-0.317272016	-0.19385032	-0.244449424	0.063811931	0.126653046	-0.067167837	-0.02824824	-0.051310164	0.005086822	0.048138988	-0.070202649	0.367650566	-0.24986415	0.004853314	-0.043720284	-0.033338826	-0.040356873	-0.496587997	0.223855938	-0.190616914	0.040384148
BLSA	2020	-0.094120315	0.20955186	0.305605408	-0.103680603	-0.28620292	0.141188906	-0.12063083	0.245352635	-0.034265793	-0.1386438	-0.10473538	0.209000447	0.017521273	0.067254459	0.081743542	-0.194007602	-0.023889033	-0.074010146	0.070582475	-0.088840797	-0.010643945	-0.1442632	0.104215734	-0.680488411	-0.002748581
BLSA	2037	-0.462856131	-0.193353106	0.047646254	0.083683369	-0.188975356	-0.025866713	-0.301696222	0.157199677	-0.016556778	0.007884338	0.138456071	-0.303740825	-0.013927019	-0.049633742	-0.079978017	0.294124638	-0.002721957	-0.09498857	-0.111414934	-0.008097057	0.00403858	-0.541446421	0.030052299	-0.342493051	0.060221334
BLSA	2066	0.280461341	0.243056951	-0.047109315	-0.011484892	-0.096867129	-0.017438426	0.03860301	-0.088307692	0.080884254	-0.148276312	-0.090827288	0.111268858	-0.017625235	-0.040979917	-0.118958428	-0.043404362	0.326715519	0.1158603	-0.1161447	0.01073359	-0.066383022	-0.040818468	0.089833868	0.234502432	-0.082731979
BLSA	2069	-0.44905036	-0.263286765	0.123907675	0.215227384	0.059555875	-0.163745164	-0.205004263	0.124271511	0.235465545	-0.227020838	0.179992389	-0.431996592	0.177332953	0.084774362	-0.026903335	0.700115416	0.028375284	0.091761602	0.226260326	-0.01997065	0.172592816	-0.3500543	0.206308768	-0.287256596	0.349707588
BLSA	2093	0.648094384	0.099181188	-0.201935989	-0.119161959	0.511126182	-0.095673151	0.027178522	-0.045257952	-0.29245385	0.092160329	-0.074649464	0.418386842	0.036968038	-0.119657224	-0.213505527	0.041874637	0.057561006	-0.032683253	-0.079375616	0.179166576	-0.215721598	0.535383526	-0.110367149	0.528861696	0.072413246
BLSA	2102	0.10894755	0.341238281	6.05E-05	-0.020445958	-1.820409179	0.496957534	-0.296153619	0.189480921	0.236622017	-0.094194359	0.217835276	0.066250415	-0.010477051	0.286540652	0.36818388	-0.275013754	-0.503070947	0.345322681	-0.106048466	0.190690083	0.20032931	-1.114812716	0.04747263	-0.84181676	0.635801905
JHU	384	-0.08076179	0.234729747	-0.106970044	-0.004187265	-0.019696694	-0.328686025	0.238607721	-0.147743914	0.102061459	-0.270766853	0.070176974	-0.132504887	0.038921945	-0.119762903	-0.157492717	0.071095417	0.471709291	-0.016115437	-0.033375979	-0.372006786	-0.14050986	0.32639795	0.153890381	0.012999603	-0.199325748
JHU	705	0.367353374	-0.010019028	0.296527462	-0.143064109	0.265344688	-0.194490284	0.171599125	-0.323067475	0.068043571	0.256832564	-0.073209331	0.15588641	-0.054425394	0.019516594	-0.381288401	-0.061165665	-0.028540359	0.144502036	-0.156280387	-0.12208329	-0.222564198	0.009009201	0.095709594	0.52942519	-0.213628073
JHU	710	0.111593756	0.10004743	0.077423578	0.149005199	-0.001442601	0.030389355	-0.141720133	-0.027751805	0.214748723	-0.250987605	0.176619001	-0.03313233	0.21039173	0.122390427	0.164991929	0.034691184	0.148661166	-0.137607962	-0.092549673	-0.019596194	0.072125898	0.235609212	-0.138228577	-0.234807003	-0.131357529
JHU	712	0.587150851	0.094794478	-0.200343038	0.097928972	0.155245446	0.096534156	0.172256626	0.160896188	0.114424216	0.022090458	0.105008994	0.334967982	0.153730183	0.058388046	-0.026361287	0.15686664	0.191530188	-0.172355655	-0.023508495	0.195985244	0.137844508	0.307790248	-0.005180306	0.236557759	0.182864325
JHU	713	-0.481065834	-0.125662722	-0.019621571	0.224312519	-0.858381178	0.80575756	-0.328462033	0.316755105	-0.687857957	-0.015802843	-0.181981285	-0.102559903	-0.100436954	-0.267431734	0.333659276	-0.83766698	-0.805830085	-0.289729492	-0.142053255	0.036889044	0.168991437	-0.38913548	-0.332899479	-0.399985617	0.158316145
JHU	719	-0.28828239	-0.120975704	0.051126423	0.144572565	0.150112085	-0.424077576	0.249137843	-0.026918261	0.198482046	-0.242665454	0.127830222	-0.193094049	0.248343814	0.072384213	0.047967238	0.161037004	0.261345025	0.366013676	0.60976889	-0.127356213	-0.000286802	-0.083758831	0.165906608	-0.205493407	-0.310770092
JHU	993	-0.286874818	-0.504187119	-0.172844938	-0.33356384	0.219394631	0.506579146	-0.290808512	0.085653537	-0.232070807	0.631619802	-0.266891294	-0.022699017	-0.677175682	-0.020707247	0.012701001	0.274714907	-0.269563676	-0.109643887	-0.247793693	0.043508671	0.085948466	-0.170921977	0.068790942	-0.44871882	0.332006962
JHU	994	0.139421402	0.108887782	0.116318534	-0.183245607	0.16298599	-0.232795398	-0.002225333	-0.227777346	0.042054299	-0.045212099	-0.089014979	0.062053628	0.008784017	0.035694184	-0.120371039	0.18120004	-0.103017153	0.041541357	0.001033315	0.274936368	-0.214124541	-0.163042759	0.003886412	0.696134395	-0.013239597
JHU	995	-0.068534551	0.222385136	-0.041616407	0.048241567	-0.073562367	-0.259210933	-0.068385304	0.18995397	0.18011445	-0.085107968	0.131461698	-0.068917834	0.17186634	0.09952842	0.126193999	0.019227454	0.133705603	0.173395363	0.084759277	0.089723156	0.112575091	-0.071947563	-0.011875575	-0.1861121	0.195133607
UMARY	142	0.474081443	0.157975984	-0.264721067	0.12303222	-0.072029686	0.149524439	0.277909142	-0.008955554	0.105725858	0.402992636	0.063280051	0.235761595	0.01203118	0.042266261	0.071724317	-0.308583481	0.068587048	-0.00596342	-0.237748382	-0.157018029	0.017280614	0.396369368	0.104163309	0.046300194	0.200290607
UMARY	602	-0.24958367	-0.033297605	0.114309218	0.068710004	-0.327464781	-0.047073263	0.352314337	0.108483448	0.143705113	-0.21708943	-0.088878748	-0.12179784	0.034036698	0.033356971	-0.076360895	0.340662267	0.085625073	-0.147440909	-0.020815587	-0.119036352	-0.021705857	-0.176027618	-0.033832041	-0.451265876	0.017257848
UMARY	604	-0.140310776	-0.124437946	0.226199651	0.013799453	0.123892031	-0.036986504	-0.297294407	0.003517155	0.01650666	-0.202599958	-0.012088489	-0.096956327	0.047962823	0.047563337	0.074842091	-0.014429982	-0.118556153	0.183568862	0.325744675	0.13881224	0.006745493	-0.202455677	-0.167501007	0.196517356	-0.03505345
UMARY	813	-0.450109717	-0.107008268	-0.115704231	0.035608442	0.044429913	-0.077158226	0.142250561	0.000158815	0.05668989	0.078102909	-0.004123966	-0.115276089	0.093966271	-0.033355193	0.061469844	0.074374371	0.256441145	-0.057157789	0.024766646	0.000491578	0.011029062	0.016267009	0.131714185	-0.181893427	-0.058650795
UMARY	819	-0.087802306	-0.053771991	0.091041845	-0.028478034	0.064371525	0.007734646	-0.139818031	-0.04502559	-0.037856432	0.386671682	-0.024992448	-0.1026013	-0.048191248	-0.014697873	0.051472091	-0.203636739	0.109155287	0.093316311	-0.302752013	0.074769308	0.085168272	-0.125631431	-0.042514937	0.195799417	0.090433716
UMARY	871	-0.357017551	-0.028572129	-0.00187576	0.003316932	0.394158958	-0.158103889	0.168614717	-0.008992667	-0.013029059	0.206297138	-0.007669868	-0.006663228	0.047985217	0.008522735	0.018500794	-0.043917286	0.18003687	-0.038150842	0.072896467	-0.086471829	-0.003394649	0.112092682	-0.004511287	-0.194880454	-0.227335056
UMARY	879	-0.203961579	-0.107509883	-0.056178272	-0.060923443	-0.084107966	-0.028373807	0.028165131	-0.013988215	-0.037324352	0.113227466	-0.087340536	0.081264066	-0.043531886	-0.092216915	-0.016492257	-0.031865425	0.034346385	0.192489879	0.046389623	0.066043709	-0.078266502	-0.016075828	-0.066090186	0.120946168	0.011902663
UMARY	880	0.609082589	0.157006853	-0.450820102	0.170378066	0.323228161	0.141938374	0.303879654	0.152601178	0.202710122	0.473508836	0.195728481	0.099469257	0.221201615	0.143510392	0.122398863	0.057443368	0.065420767	-0.083660377	-0.127667395	-0.084025312	0.155237223	0.257223069	0.055555453	0.065601587	0.620056998
UMARY	914	0.143959363	-0.072877605	0.002784722	-0.008209809	0.371274998	0.12780917	-0.264088062	-0.104980409	-0.028125762	0.088541198	-0.026469454	0.083193345	-0.009827148	-0.022035115	0.051879887	0.104106033	-0.150855769	-0.017810114	-0.102680148	0.083440417	0.001336139	0.194866989	-0.112754927	0.62501184	0.080346239
UMARY	933	-0.295673396	0.105173874	0.058131637	-0.049710789	-0.043389248	-0.277589171	0.171068331	-0.036414637	0.152062582	-0.386750521	-0.080225485	-0.359323144	-0.00220126	-0.012626739	-0.160879048	0.358067614	0.197547103	-0.078960355	0.00975684	-0.115615868	-0.056646192	-0.066822085	0.059348159	-0.381363101	-0.027943361
UMARY	1028	0.023650073	-0.140003386	0.099345086	-0.182034821	0.457079087	-0.097445609	0.280223018	0.030717037	-0.188855295	0.275806523	-0.152572349	-0.011219232	-0.129215297	-0.142449544	-0.332172907	-0.114399083	-0.201372241	-0.055637485	0.181098216	-0.140843972	-0.185088868	0.022415737	0.138252572	0.305078625	-0.194449255
UMARY	1037	-0.197583782	0.027611617	0.007633225	-0.064931685	-0.218774473	0.132967745	-0.133769629	-0.040339943	-0.170038344	-0.568462054	-0.007163202	-0.3351304	-0.041107882	-0.045920536	-0.08185892	-0.066567631	-0.081547379	0.15915308	0.081998359	-0.176902312	-0.057700545	-0.191584322	0.080983885	-0.082979468	-0.097702795
UMARY	1064	0.886035086	-0.02661597	-0.289531263	0.044474605	0.708085123	-0.095248654	-0.224118856	0.086604471	0.046689335	-0.107192402	-0.089475404	-0.137606054	0.086244558	0.089791629	-0.098223152	0.505103148	0.278809891	0.340526214	0.162731412	0.0941216	-0.013508104	0.329213964	-0.021491866	0.103546925	0.31748338
UMARY	1065	0.636150735	-0.24306387	-0.324515356	-0.077326706	-0.156877186	-0.072151605	0.257019539	0.063089919	-0.029267189	-0.210259456	0.053589035	0.266185074	-0.064130146	0.233902695	-0.16229014	0.297199805	0.258447736	0.310639741	0.009327897	0.045163919	0.070927987	-0.170216145	-0.025515717	0.248311632	0.117297669
UMARY	1076	0.120190562	0.044383002	-0.062130408	0.013320104	-0.010490774	0.058761633	-0.100336792	0.013760242	0.046709104	-0.027171113	0.072610658	-0.093839197	0.041612652	0.03877195	0.085690164	0.021967443	-0.128797819	-0.080175777	0.010134096	0.119245029	0.04893171	-0.140877165	0.045281356	-0.099581372	0.015465101
UMARY	1078	-0.318168661	-0.112506013	-0.165760331	-0.153815918	0.513575897	0.047411335	0.085559422	-0.127080374	-0.203360223	-0.249656273	0.069055531	0.376949701	-0.184136449	0.121465996	-0.100047193	0.259075365	0.497474097	0.104455192	-0.011127436	0.227557974	-0.17247245	0.517313664	0.155040881	-0.3602178	-0.073461963
UMARY	1079	-0.212284199	-0.040890005	-0.1104023	-0.132889819	-0.014308593	-0.076493157	0.020137025	-0.188716827	-0.155242594	0.241327493	-0.197550077	-0.128308247	-0.117674539	-0.187519335	-0.154046002	-0.037261625	0.055099902	-0.032714666	-0.029330189	0.005351641	-0.138245922	-0.062832268	0.094374993	0.278334792	-0.113046774
UMARY	1104	-0.351269288	0.049563871	0.120903356	-0.009470785	-0.149776944	-0.014860844	0.134644779	0.025235104	-0.021182519	0.05132208	-0.057315612	-0.009200211	-0.003638895	-0.021011643	-0.06726785	-0.059894114	0.103002536	-0.038975845	0.045338088	0.00114099	0.005776042	-0.047033842	0.040089716	-0.267807372	-0.114023036
UMARY	1105	-0.231873883	-0.071561709	0.086704874	-0.044940154	-0.396804042	0.1876713	-0.353017795	0.087535894	0.051710908	-0.130292076	0.012006225	0.341429197	0.076356636	0.013745709	0.160827187	-0.252250866	-0.271528843	-0.084452282	0.034091719	0.064920889	0.144031934	-0.156577052	0.011293939	0.542808474	0.041046889
UMARY	1114	-0.355086459	0.042033711	0.054905598	0.170490118	-0.015257146	-0.227089796	-0.140005445	0.141883066	0.10566578	-0.294524419	0.120563037	0.004608734	0.14261293	0.089102573	0.11021764	0.158346252	0.406728157	-0.193862	0.329184465	-0.053163454	0.041628033	-0.146055249	0.052074072	-0.336306478	-0.026737427
UMARY	1133	-0.80031031	0.427746427	0.327565595	0.242735865	-0.702814283	-0.015669352	0.27335783	0.107607373	0.289863197	-0.838221367	0.256085725	-0.464565379	0.249116822	0.157962007	0.108068449	0.397593124	0.145807832	0.212623063	0.214763991	-0.139839558	0.074860688	-0.349727639	0.198756786	-0.535749815	0.328981029
UMARY	1134	-0.112052445	-0.222475274	-0.090153037	-0.040185709	0.028418346	0.016589567	0.037131813	0.028135475	0.032242098	0.16340591	0.022710593	-0.033226334	0.066681165	-0.048296768	0.150052743	-0.009474043	0.11088628	-0.041706113	-0.010262152	-0.239744656	0.067218556	-0.039490071	0.085942996	0.072235027	-0.095093677
UMARY	1136	0.223231309	0.292564969	-0.088557365	-0.004880081	0.360674359	0.000568234	-0.060512865	-0.079292058	-0.083098863	0.065870131	-0.029791762	-0.034128099	-0.035389007	-0.008655177	-0.026922577	0.065614147	-0.2773488	0.071313166	-0.087688199	0.029553603	-0.111523775	-0.087361606	0.017369184	0.537917404	-0.031496818
UMARY	1158	0.116907828	0.194594	0.347390875	0.023999602	0.001337777	0.129391653	-0.045789012	0.04955396	-0.011063444	0.22639142	0.041862574	0.026953629	-0.039299182	-0.018691891	0.029775014	-0.197932261	-0.107524435	0.002109568	-0.061664374	-0.015987304	0.076574811	-0.043859829	-0.107815326	-0.070677898	-0.057241713
UMARY	1170	0.258941593	-0.042021769	0.132060005	-0.00657409	-0.087490266	0.104053767	0.06664468	0.067142172	-0.014644276	-0.01718404	0.041697263	0.039838038	-0.000707829	-0.04814975	0.055596317	-0.05439718	-0.121514707	0.073490175	-0.078862984	-0.317696929	0.042999999	0.068135914	-0.007548623	0.02597301	-0.129948566
UMARY	1206	0.663877994	0.032510936	-0.055343219	0.021191054	0.030565905	0.180060629	-0.040984266	0.096718781	0.066295709	0.384767619	-0.059958523	0.08632474	-0.002702279	-0.054814352	0.023179829	-0.051437687	0.228368081	0.162151995	-0.215825127	-0.167037191	0.015776865	0.347585533	0.012379012	-0.211170318	0.290126065
UMARY	1209	-0.475711172	-0.252599906	0.129712808	-0.014223595	-0.363073125	0.007816021	-0.024191897	-0.002822907	-0.084951061	0.059768024	0.041052939	-0.009112494	-0.126790533	0.054955794	-0.016594038	-0.149081757	0.001993166	0.009398942	-0.048206292	0.022096029	0.042308771	-0.039917036	-0.069507253	-0.546695141	-0.366111696
UMARY	1226	0.345747986	0.114948056	-0.04051639	0.033049821	0.585239495	-0.000620736	-0.256342021	0.091463064	0.075528877	-0.384348061	-0.010556155	0.179781623	0.116996317	0.040971064	0.09811077	-0.062244321	0.116252567	-0.217796054	-0.023116966	0.194729638	0.105879453	0.640349557	0.097379463	-0.024319437	0.048214022
UMARY	1230	-0.042208525	0.037872853	0.07172569	0.021461422	-0.107261516	-0.078912193	-0.198115451	0.009056896	0.055985617	-0.471609511	-0.009029481	-0.171112354	0.021665819	0.0040678	0.006133055	0.039162674	-0.113088385	-0.015735643	0.183918744	-0.109876021	-0.001248286	-0.25640423	-0.149054745	-0.167539252	-0.241355574
UMARY	1260	-0.343749015	-0.161316716	0.059813363	0.193433679	0.043307823	0.271124783	-0.304337947	0.122670205	0.175345335	0.126047223	0.130502851	0.160454365	0.099328683	0.206715602	0.158637564	-0.194718018	-0.07223978	0.027333648	0.108634709	-0.009551706	0.10803271	-0.095208148	0.053932929	-0.051313386	-0.131668493
UMARY	1326	-0.319942685	-0.198129957	-0.159215399	-0.002060267	-0.477855313	0.022294871	-0.004371078	0.026959002	-0.000351204	-0.067128121	-0.029572782	-0.115022536	-0.101883332	-0.056554657	0.122146171	0.015068249	0.169459411	-0.111526847	0.198313484	-0.218681535	0.003237471	-0.194195778	0.084500988	-0.35102946	-0.038990772
UMARY	1454	0.47293763	-0.097481303	0.204105532	-0.033836349	-0.087000414	0.009467617	-0.004411802	0.042455128	-0.050043097	0.234219865	0.028696707	-0.144553024	0.030976911	0.007746406	-0.062990063	0.02704642	0.15244386	0.226990723	0.11250534	-0.110209697	-0.031350554	0.136473403	0.123770605	-0.178033623	0.055954285
UMARY	1465	0.645505402	1.065414852	0.045074394	-0.057166763	0.232149713	0.095846087	0.049144689	-0.023867918	-0.048844476	0.125670444	-0.027268235	0.101636815	-0.057334215	-0.066433288	-0.017406767	-0.244880442	-0.206128711	-0.231712686	-0.21323275	-0.247783338	-0.013614454	0.222687853	-0.089070167	0.464524793	0.205394277
UMARY	1486	-0.266474831	-0.12093205	-0.194588207	-0.086305189	-0.077877905	-0.104050467	0.127198434	-0.065692609	-0.109929778	0.258888867	0.052526801	-0.048095513	-0.108544228	-0.075829456	-0.152916299	-0.058768321	-0.078826959	-0.205863855	-0.062307995	0.001025853	-0.024536483	-0.029623924	-0.254264248	0.204061752	0.049149955
UMARY	1498	-0.035871854	-0.128122596	-0.011435678	-0.070675614	-0.006082248	-0.035785584	0.107409105	-0.015507545	-0.05679769	0.38906018	-0.064173031	0.031564072	-0.079804736	-0.117285257	-0.030019201	-0.157526108	-0.143645437	0.054499795	-0.10646398	-0.041595228	-0.058231401	-0.069109203	-0.050596935	0.107393732	0.071442739
UMARY	1502	-0.509380359	0.028497569	-0.045551171	-0.045915902	-0.187451887	-0.21638911	0.138753095	-0.130214778	0.005672435	-0.21618332	-0.141765149	-0.338381132	-0.117710298	-0.053128266	-0.107156401	-0.075674857	0.144782098	-0.050530681	0.186130958	-0.159956032	-0.075216488	0.160245301	-0.004915284	-0.12121149	-0.205108045
UMARY	1535	0.225095714	0.467635274	0.264945022	0.022285322	0.110675169	0.2329503	-0.06822525	-0.113792702	0.049535485	0.025226026	0.010240627	-0.230517162	0.051550422	-0.00531471	-0.016594178	-0.039947185	-0.045459292	0.22413364	-0.050928759	-0.089620112	-0.045291118	-0.172806714	0.002518631	-0.117002158	0.112188092
UMARY	1540	0.236948536	0.080161007	0.50844593	-0.085336227	0.664496559	-0.203277192	0.111551345	-0.048107534	-0.063952628	0.302933927	-0.052922615	0.356212934	-0.055886305	-0.109005869	-0.009061808	-0.144079623	-0.14671344	0.01019603	-0.174281405	0.060287445	-0.09881697	0.277790509	-0.221888309	-0.053634896	-0.144407649
UMARY	1541	-0.105138262	-0.133699161	0.149619186	0.118525137	-0.120881355	-0.073664405	-0.055457042	0.03658472	0.016927909	0.072010687	0.070669463	-0.195036499	0.093467947	0.063896038	0.090655608	0.154233112	-0.111825889	0.128570744	0.04070499	0.149851025	0.130131075	-0.069470399	-0.015709149	-0.034001531	-0.060030548
UMARY	1544	-0.205460174	-0.2244764	0.032331074	-0.094060242	-0.097661944	-0.037976531	-0.017421249	-0.095439225	0.042858798	0.13711213	-0.007572226	-0.007777217	-0.045241065	-0.13495729	-0.080835119	-0.087079332	-0.221181395	-0.027833294	0.00780439	-0.056124309	-0.078023336	-0.208533364	0.03866398	0.214610717	-0.131723856
UMARY	1545	-0.271212253	-0.135803184	0.148172352	0.231366387	-0.140305665	0.02651058	0.045513449	-0.033589565	0.027065164	-0.266711464	0.134231362	-0.081341236	0.101656101	0.131548867	0.012790438	0.089320921	-0.248462935	0.221629278	0.391675354	-0.037974121	-0.030970049	-0.386090928	0.105470065	0.565699019	-0.204156128
UMARY	1568	0.11003583	0.058543438	-0.245824211	0.043016917	0.399792383	-0.142475898	0.216726116	-0.029594821	-0.018569106	-0.183693343	0.018126184	0.000212713	-0.016592764	0.025144934	-0.115801016	0.045050536	0.153907831	0.187486132	0.228985806	-0.048656144	-0.097953939	0.399616972	-0.043215606	-0.176216052	-0.134158412
UMARY	1570	-0.091615362	-0.087808265	0.144532201	0.043496184	0.283427786	-0.085958356	0.051214651	-3.69E-05	0.03743779	0.387846013	-0.010975052	0.049682756	0.063334868	-0.01379403	0.072399142	-0.064879444	0.11967783	0.136006519	-0.100745532	-0.025354719	0.014076461	0.17088477	0.005150564	-0.024417223	0.033274705
UMARY	1571	-0.332166747	-0.182663656	0.029727196	0.205512349	0.181370515	-0.339690275	-0.013764669	0.01452856	0.127508714	-0.299300229	0.068303495	0.020655894	0.131398378	0.191217927	-0.007765324	0.147420452	-0.163365222	0.035442768	0.398102546	0.009540961	-0.039945755	-0.186068313	0.139550266	0.31604336	0.05473107
UMARY	1578	-0.254893526	-0.121484891	0.05526963	0.010813083	0.404370266	-0.083801498	-0.034353633	-0.225614863	0.022218254	-0.075933679	-0.0478205	-0.202761711	-0.006045488	-0.019941707	-0.142285613	-0.112969993	-0.098921892	0.059792569	0.040236801	-0.185477683	-0.121051789	-0.167605073	0.156788454	0.444193545	-0.014570575
UMARY	1583	0.755105194	-0.122993033	0.039058214	0.152948904	-0.389429145	0.294746872	-0.225846288	0.054794253	0.011654443	0.401463838	0.109448224	-0.015521369	0.14574177	0.024037714	0.112121011	-0.300422159	0.075874736	0.109224205	0.02073716	1.757636271	0.10018469	-0.058265652	-0.248843151	-0.487306231	0.591917692
UMARY	1584	-0.30147004	-0.296567786	-0.295508399	0.025552491	-0.195337566	-0.053849847	0.226510068	0.061462937	0.032630022	-0.001516898	0.059141118	0.142211585	0.110423326	0.051730662	-0.072201801	0.202972985	0.061522045	-0.047189801	0.024931833	0.130560666	-0.004993612	0.107561951	0.245219091	0.314279516	-0.173375546
UMARY	1611	0.436717057	0.414705217	-0.085997231	-0.071907559	0.380698048	-0.114920514	-0.302473917	-0.068102501	-0.029320486	-0.116535732	-0.153564592	0.027942511	-0.079227247	-0.103835963	-0.283769005	0.506038744	-0.106609834	-0.125528247	-0.135550895	-0.119624538	-0.147099254	0.126593755	-5.73E-05	0.543538805	0.110280395
UMARY	1612	0.213806715	-0.019450127	-0.159714804	0.154957037	-0.487327257	0.12352786	0.308702051	-0.003976216	0.011888067	-0.428411459	0.042468049	-0.105036114	0.162108363	0.091446619	0.156724443	0.199063745	0.226540615	-0.052136217	-0.105686659	0.101043521	0.042969199	-0.034867847	0.134644953	-0.463018597	0.081083664
UMARY	1613	0.67455921	-0.008550022	-0.398955009	-0.00642119	0.167031503	0.263778002	-0.018901432	0.075228422	0.00937072	0.286504958	0.079380544	-0.032244056	0.043354156	0.130650209	-0.014225443	0.096120187	0.362586345	-0.244874221	-0.111661965	0.042624982	0.126184623	0.171304296	0.005752542	-0.738305893	0.291831031
UMARY	1614	0.558218013	0.530592034	-0.018735298	0.098523918	0.379525467	0.135023243	-0.059591104	0.081629048	0.075632338	0.147429236	0.136816501	0.012839078	0.068344233	0.013522654	0.046895536	0.095580127	-0.018620972	0.065353521	-0.0646416	-0.060239678	0.019364758	0.194405151	-0.149928814	0.397270066	0.14026242
UMARY	1648	0.051275831	-0.074577922	0.170345599	-0.029998966	0.471674023	-0.012277822	0.18504021	0.042101691	0.00321117	0.044342215	0.016601051	0.349323061	0.005569384	-0.013836153	0.034972289	-0.096181831	-0.186898463	0.092562923	-0.115830917	0.087593975	0.011874685	0.28024064	-0.148081411	0.415612285	-0.140639304
UMARY	1652	0.867220005	0.150490223	-0.334765643	0.061022603	0.045864788	0.130168255	-0.135885491	0.016416401	-0.015412366	0.407493407	0.056473877	-0.077564009	0.16421042	0.016592398	-0.036331437	-0.125386576	0.499172914	-0.194994862	-0.109170595	0.025564032	0.080379978	0.300793871	0.079354928	-0.740323587	0.353847931
UMARY	1668	-0.117733201	0.117382912	-0.100681201	0.129622287	-0.2931331	-0.002780542	0.035260555	0.236704803	0.077694671	-0.003610963	0.091218951	-0.260460988	0.130706147	0.142312586	0.131885638	-0.17188351	0.063429281	-0.018863657	-0.045495655	-0.113582571	0.141124343	-0.02149961	0.032238216	-0.219542214	0.141174861
UMARY	1710	0.283446187	0.569030554	-0.188309429	-0.013940814	0.027296285	0.23158083	-0.01062828	0.002294563	0.006632913	-0.280991703	0.003856505	0.162264311	-0.047738625	-0.107483141	-0.081567355	0.101830143	-0.306887073	-0.219085635	-0.141020784	0.053016602	-0.028809262	-0.253601465	-0.181895022	0.43005037	0.25470238
UMARY	1712	-0.064759894	-0.054886849	0.045548335	0.101651794	-0.250355535	0.093420084	-0.073071049	0.052476381	0.135165143	0.25951556	0.043147842	-0.059935142	0.082887768	-0.010085783	0.054663038	-0.06669179	-0.198309731	-0.188040315	-0.072894607	0.00961971	0.127953138	-0.22276347	0.031974843	-0.023994217	0.075593382
UMARY	1713	-0.066859575	-0.129806545	-0.105176324	-0.032394219	-0.304048683	-0.050538782	-0.016059802	-0.025568338	0.064905207	0.062735381	-0.101593006	0.122215733	0.065562147	-0.020127642	0.044489472	0.061551726	-0.058155417	0.059808062	0.148943827	0.162266131	0.013715434	-0.199709845	-0.171597197	-0.016673408	0.066217558
UMARY	1715	0.065179682	-0.121445924	-0.191228814	0.008336725	-0.026392415	0.011188126	-0.117256813	-0.051151929	0.02829438	-0.241636862	-0.025715588	0.194201631	-0.015736537	-0.059080518	0.033554961	-0.092887862	-0.066936874	-0.235037161	0.14626174	0.247186347	-0.024902412	0.20310576	0.113154969	0.049902927	0.083534338
UMARY	1792	-0.114870458	-0.209467305	0.130722625	-0.017131477	0.404537282	-0.031473937	0.215743661	-0.050024004	0.046772907	0.333467983	-0.093253316	-0.114765514	-0.008824601	-0.050458854	0.066152139	-0.067013865	-0.144243903	0.200502589	-0.028796701	0.073128853	-0.090165818	-0.021243341	0.009027603	0.342316519	0.006954815
UMARY	1795	0.220445506	-0.040567432	0.074940006	-0.025744755	-0.135392911	0.055173834	-0.01197321	-0.006555476	-0.038970763	0.042506559	-0.025655754	-0.102583567	-0.036381281	-0.007629215	0.017635211	-0.069004013	-0.074159218	0.197677243	0.043766254	0.021902222	0.015368548	-0.026681956	0.136625827	0.182399863	-0.099661821
UMARY	1797	0.242847823	0.02612039	-0.073671855	0.009562838	-0.078360724	0.018645891	-0.18757583	-0.043660358	-0.147501492	0.078644117	-0.040956596	-0.063076779	-0.034715971	-0.011139695	-0.072611495	-0.143762167	-0.319434644	-0.25911442	-0.177133459	-0.062331904	0.023567517	0.039454122	-0.126109754	0.304437252	-0.038677685
UMARY	1825	-0.173741603	0.069180406	-0.026968039	-0.072086877	-0.056571372	0.094929622	-0.090906569	-0.064700495	-0.08156488	-0.047732303	-0.024614514	-0.088695727	-0.052103643	0.018028511	-0.039544445	-0.116809776	-0.098872409	-0.117961372	-0.075681552	-0.204989603	-0.056710139	-0.113329605	-0.116176723	-0.142594295	-0.2606
UMARY	1827	0.180875446	0.03872856	-0.000189317	0.085403575	0.486579987	-0.042655931	-0.208358481	-0.089452917	0.011073902	0.296539946	0.045731165	-0.056365739	0.004877258	-0.0634139	-0.059639565	0.150130595	-0.139238464	0.356250146	-0.023448177	0.043495028	-0.110548478	-0.24104392	0.193146428	0.851782091	-0.122529387
UMARY	1830	0.477045047	-0.081602488	-0.142068787	0.215877149	-0.127175639	0.171688284	-0.058310227	0.19695443	0.160893931	-0.131060176	0.096592251	0.090874636	0.167359983	0.148327789	0.148860895	-0.070021707	-0.033525763	0.309620778	0.172257376	0.074283872	0.097228736	-0.033302125	-0.071609259	-0.232302306	0.166267563
UMARY	1846	-0.129480589	-0.182224887	0.473536842	-0.111442438	0.446565262	0.015797661	-0.081544747	-0.027970132	-0.054861712	0.445845142	-0.092147033	0.172960193	-0.065968497	-0.076440483	0.030015682	-0.265738532	-0.160875633	0.078945835	-0.000465473	0.000678345	-0.09541542	0.111800428	-0.086116977	0.155663812	-0.2153785
UMARY	1847	-0.04270107	-0.093930519	-0.126222747	0.029282811	0.138865264	0.044014521	-0.113354935	0.117999547	0.009413032	0.153383159	0.011891046	0.257138062	0.059122382	0.044209406	-0.020380446	0.0879343	-0.402579711	0.038355339	-0.095325882	-0.014028821	0.02741818	-0.271245354	-0.024277166	1.023389039	0.309481515
UMARY	1849	0.42898034	-0.130295578	0.096769426	-0.027432693	-0.042274136	-0.205514007	0.16535305	-0.144152631	-0.11734544	-0.295664698	0.01174494	0.140029423	0.032071462	0.065081588	0.001414744	-0.033890166	0.071984478	0.455376727	0.272180383	-0.075421232	-0.074230879	-0.128324038	-0.178117837	0.299151642	0.017846753
UMARY	1862	0.193354527	-0.230519566	0.147399153	0.088360535	0.407304426	0.015487844	-0.077538857	0.034918094	0.109033414	0.064830125	0.090896554	0.041321458	0.135253891	0.045035827	0.206949033	-0.046718066	-0.385534631	0.173044346	-0.005885848	0.003661037	0.060506859	-0.167691238	-0.121828401	0.109195349	-0.025609198
UMARY	1865	-0.050960937	-0.086933611	0.052836133	0.062369387	-0.08813093	0.117869977	0.047822287	0.092366202	0.002981715	0.162005748	-0.014626097	0.262897693	0.057871038	-0.037576761	0.002659461	-0.141083676	-0.019475072	0.139545055	-0.083370833	0.006652402	0.019439597	0.171836443	-0.089276371	-0.192654436	-0.046324561
UMARY	1866	0.387596608	0.062358447	-0.54280359	-0.152811997	-0.009247905	-0.017153478	0.109270088	-0.11314439	-0.082296515	-0.157957808	-0.101234982	0.282189481	-0.183290517	-0.126550031	-0.076461733	-0.106727986	-0.13830829	-0.039409276	-0.107350035	-0.03320576	-0.101131905	0.069404523	-0.04004712	0.357685243	0.018727833
UMARY	1867	-0.047215183	-0.176428792	0.176049245	-0.119471826	0.380141985	0.01543368	0.125077788	-0.076849503	-0.109738875	0.145990156	-0.08291774	0.141986388	-0.018404367	-0.041941931	-0.000374086	0.032411206	0.060534498	0.081204175	-0.168032881	0.012850242	-0.061571615	0.257725388	-0.027193883	0.024680707	-0.069513206
UMARY	1902	-0.201743824	-0.123901987	-0.051475709	0.000582921	0.203068431	0.046901937	0.037997667	0.108151004	0.034499056	0.340330698	0.021150825	0.000267906	0.05427852	-0.007753365	0.04049813	-0.171919659	-0.150349551	0.127684688	-0.03835699	0.089255108	0.020676076	0.123697173	-0.137252968	0.039419807	-0.097472801
UMARY	1903	-0.301234288	-0.018047806	-0.173712964	0.08575175	-0.260965537	-0.078928329	-0.078303979	0.159384819	0.158486312	-0.201315395	0.103371085	0.097983414	0.083517898	0.062461233	0.024550843	0.117563409	0.079901998	-0.189014262	-0.092158541	-0.006232728	0.003118977	-0.072724208	-0.047921433	0.426457171	0.011946825
UMARY	1907	-0.072236323	0.625378564	0.266029884	-0.202975719	0.403578716	-0.226080405	0.055439552	-0.141101154	-0.077473137	-0.250059068	-0.042255675	-0.04626532	-0.097777641	-0.074583109	-0.149257148	0.041268866	0.045128272	-0.007674378	-0.306786415	-0.304928077	-0.161428703	0.164409479	0.105207011	-0.018519906	-0.461105234
UMARY	1917	0.356984573	-0.140369985	-0.352180537	-0.027076664	0.102963635	0.332502916	-0.220401408	-0.073391823	-0.05842546	0.109435732	0.003624574	0.353228037	-0.021131957	0.020181962	-0.070030276	-0.036004979	-0.199391625	-0.123160395	-0.178340178	0.062144561	-0.051644219	-0.012484492	-0.020626906	0.829120755	0.180337312
UMARY	1935	-0.408415985	-0.017950487	0.253061077	-0.03822445	0.140454619	-0.046877508	0.333346501	-0.061342554	-0.082574859	-0.177153919	-0.108785919	-0.227279072	-0.103082327	-0.134211643	-0.120528147	-0.12646902	0.083938073	0.037889474	-0.096819911	-0.148790737	-0.144724168	-0.027068984	0.050919993	-0.333915195	-0.168949089
UMARY	1936	-0.241472697	0.180668864	0.080293075	0.063675208	0.21714044	-0.141228646	0.113404056	-0.041332504	0.110956896	-0.168956585	-0.003618813	0.063888339	0.038397399	0.035356823	-0.049145142	0.179400162	0.047139687	0.198046451	0.002890337	0.111043852	-0.027950205	-0.223471336	-0.001716147	0.41349379	0.019753371
UMARY	1939	-1.107088974	-0.845578306	0.567242177	-0.757288548	-1.563472282	-0.125956403	-1.052919151	0.124190212	-0.472384444	0.609081461	-0.490065408	0.149096354	-0.708784307	-0.342034503	0.578699938	-0.285692183	-0.239462439	-0.191840484	-0.107226397	0.333443216	0.451724902	-0.261609763	-0.294702794	-1.625626889	-0.380724638
UMARY	1940	0.669202754	-0.1962384	-0.09140105	0.068145679	0.506581099	-0.100940526	0.211032586	-0.095630707	0.086370915	0.164784442	0.069148203	0.213962398	0.036506983	0.007172486	-0.089399004	0.144102126	-0.271561673	-0.03092175	0.01937152	0.223045573	-0.006677355	0.168281784	-0.234922792	1.097561944	0.034103136
UMARY	4263	0.378512196	0.035446051	-0.469313199	0.008940558	-0.164064631	0.418741969	-0.036573395	0.062600268	-0.025670099	0.069864327	-0.004772302	0.112651695	-0.034958386	0.080772172	0.025783022	-0.185134342	0.426416259	-0.139265016	-0.174378983	-0.128875381	0.065407538	0.11011482	0.094976157	-0.66068303	0.053348967
UMARY	4540	-0.600301372	0.138310046	-0.118697314	-0.163344997	-0.423059545	-0.086686856	0.144659304	-0.088289269	-0.099554896	-0.645056184	-0.064225506	-0.090271049	-0.174056916	-0.051067613	-0.034478633	-0.205213879	0.170760754	-0.359947601	0.259528904	-0.217544524	-0.049090726	0.143091219	0.02712888	-0.722937678	-0.228061224
UMARY	4542	-0.445746015	-0.219858337	-0.035754987	0.073676455	-0.290822418	-0.104221043	0.236342432	-0.061573556	0.008765615	-0.002293011	0.050852887	-0.445555624	0.09682892	0.030372637	0.028384797	0.124633196	0.179705344	0.171412107	0.026640294	-0.026045678	0.014913689	-0.137752885	0.154882499	-0.409971141	-0.116057955
UMARY	4543	-0.227958111	-0.269684622	-0.107542217	-0.041386637	-0.268937089	-0.009535803	-0.021299848	-0.03176428	-0.108968932	-0.149591819	-0.033399054	-0.149003571	-0.067712614	-0.116548511	-0.004661586	-0.072415144	0.081716097	-0.063427047	-0.058497406	-0.049308895	-0.087202698	0.107945912	0.128452764	-0.072319532	-0.231872465
UMARY	4549	-0.238820347	-0.071089309	-0.007333701	-0.02713144	-0.009466367	0.098086415	0.258118708	-0.059527025	-0.077524736	0.34505931	0.010454735	-0.070159192	0.042559961	-0.025352947	0.037742456	-0.00371117	0.034969315	0.048506459	-0.024361121	-0.109320341	0.010331071	-0.123571764	-0.161336257	0.01417467	-0.121457967
UMARY	4590	0.220832711	-0.286241904	-0.161015247	-0.068135271	0.237079742	-0.10989105	-0.244285261	0.028625857	-0.026404162	0.126165954	0.020251505	0.139785955	-0.193369976	0.085635537	-0.052069367	0.187115819	-0.249489942	0.217452168	-0.135916152	-0.149783432	0.02503562	-0.158705006	0.280482087	0.386413925	-0.049090515
UMARY	4593	0.090711127	0.081903095	-0.132727602	0.025317841	0.158505934	-0.040311769	0.107538415	0.071958781	0.068440499	0.05488715	0.096849077	-0.071669302	0.003472004	-0.071476911	0.022009367	0.0421158	-0.020426648	-0.098605483	-0.041559392	-0.167597323	-0.067383198	0.114234062	0.068010891	-0.012329732	0.011995266
UMARY	4598	0.048167793	0.007646425	-0.209016513	-0.029350276	-0.007425861	0.063165349	-0.122151932	-0.03470222	0.029145844	0.037331685	-0.047928469	0.055473417	-0.029402126	-0.082183183	-0.021865205	-0.034121161	0.143620551	0.025843503	-0.0389067	-0.168621394	-0.069418168	0.176830827	0.072738124	0.152576002	-0.022376921
UMARY	4636	-0.09005565	-0.052214973	-0.00218552	-0.025786076	-0.140871377	-0.009776741	-0.14135202	-0.149716721	-0.026098476	-0.100019714	-0.116296104	-0.166656988	-0.099994605	-0.11060265	-0.076303673	0.117852031	0.115686494	0.222384702	0.006657919	-0.095340781	-0.041677978	-0.073645869	0.117717461	-0.024710606	-0.128903343
UMARY	4640	0.049473476	-0.209233158	-0.035631043	-0.096956371	0.223738993	-0.243254311	0.009521978	-0.174888892	-0.008411531	-0.127996163	-0.092469124	0.061434111	-0.046902834	0.019384529	-0.114507799	0.039778492	0.371749206	0.027789168	-0.225046629	-0.014437225	-0.195721428	-0.028918052	-0.121216231	0.05986217	0.079526039
UMARY	4725	-0.336867542	-0.032290438	-0.050111365	-0.107713199	-0.0170642	-0.069042052	0.118742655	0.005073194	-0.050532159	-0.04730146	-0.149490174	0.121739789	-0.208437039	-0.065467151	-0.112794521	-0.036436053	-0.03122982	-0.055588893	0.305076504	-0.259638603	-0.088261687	0.118646036	0.04145502	-0.051935379	0.002040087
UMARY	4726	-0.176478164	-0.049280396	0.079695499	0.067367561	-0.132792606	0.01668376	0.120798053	0.028990931	0.022705887	-0.112752191	0.090805432	-0.243393646	-0.013592869	-0.02584817	-0.016544239	0.00996736	-0.095429408	0.097269177	0.006537515	-0.186271466	0.113774856	-0.239070595	0.190504062	0.174875466	-0.093590327
UMARY	4727	-0.574215639	0.426609405	0.235900391	0.137538449	-0.69906699	-0.027194118	0.001657013	0.049520653	0.049635349	-0.510239874	0.046738884	-0.318941386	0.117491317	0.047460608	0.081860652	0.121022536	0.147231155	-0.103055063	0.487127168	-0.231847517	0.097439572	-0.243981797	0.138561023	-0.678048129	-0.056932287
UMARY	4729	0.079919649	0.058960518	0.197610852	-0.032763338	0.103313228	0.172317149	-0.05511977	-0.030120565	-0.087042956	-0.072702122	-0.097300657	0.02927009	-0.097282507	0.056327327	0.052948012	-0.125672256	-0.044840313	0.058001321	-0.1585884	-0.167582669	0.036797155	0.258180769	-0.261878429	-0.811777428	-0.194049465
UMARY	4782	-0.372734083	0.077617153	-0.014365369	-0.162170905	-0.408496544	-0.138576206	0.228250866	-0.164973873	-0.145049351	0.1784005	-0.171479205	-0.147598786	-0.153890169	-0.084662861	-0.203193739	0.05796198	0.089423872	-0.098530658	0.016564687	-0.074879601	-0.197494546	-0.210223825	0.020104281	-0.360316657	-0.21450949
UMARY	4786	0.035378091	0.192198255	0.037384612	0.077505076	-0.189744501	0.051986005	-0.095224963	0.043661273	-0.019212678	0.140926178	0.036043551	-0.074849898	0.015252406	-0.004912112	0.038529192	-0.008882886	0.19347158	0.101615324	-0.118286407	-0.172029967	0.070225376	-0.067976942	0.186580347	-0.621314532	0.157233586
UMARY	4788	-0.497048386	0.053625517	1.766418735	-0.174474814	-0.89794367	-0.389275124	0.003301733	-0.089529219	-0.07965592	-0.57166795	-0.112763995	-0.088632336	-0.294310881	0.014866397	-0.209195515	0.049081606	0.088865416	-0.833212941	-0.132288566	0.344396285	0.183213202	-0.05798121	-0.240231744	-0.832962221	0.181060192
UMARY	4789	-0.862466372	1.200086887	-0.556643693	0.178265726	-1.41282115	0.039130684	-0.147600779	-0.042286143	0.107078794	-1.295754367	0.253577695	-0.137395626	0.053985486	0.008247648	0.123317936	0.450941524	0.205428605	-1.042899833	0.054407002	-0.302385286	-0.016202033	-0.282525413	0.278158976	-1.243646202	0.044037691
UMARY	4841	0.769343759	0.200159141	0.027468008	-0.053092218	0.565455413	0.144368464	-0.200784256	-0.027730131	0.004669757	-0.077298524	-0.060013953	0.560368086	-0.015339455	-0.072818572	0.00210316	0.09149076	-0.128456366	-0.285210178	-0.202691819	-0.199310588	-0.029180494	0.171660677	-0.21408046	0.955735802	0.120546466
UMARY	4842	0.859297464	0.135266298	-0.260987369	-0.004175425	0.380596425	0.242541439	0.097281618	0.15619832	-0.09824768	0.033351975	0.001002431	0.203147806	-0.000656017	0.166281987	0.00663873	-0.11960249	0.172929999	0.11498336	-0.103666507	-0.262319537	0.012579431	0.529184422	-0.191371015	-0.245175501	0.063616315
UMARY	4903	-0.256670281	-0.065629862	-0.113833189	-0.005712093	-0.126864764	0.205536074	-0.048192111	-0.095113702	-0.02125493	0.051528312	0.000396649	0.000458218	-0.072854943	0.036714775	-0.161360859	0.177145066	-0.064818403	0.040485638	-0.123647052	-0.137723508	-0.099978337	-0.461055829	-0.111331931	0.001925534	-0.154950002
UMARY	4915	-0.056556205	0.104467672	-0.060687945	0.092187133	0.316762897	-0.034494544	0.17055594	0.135930926	0.113908381	-0.019557282	0.132023918	0.244118808	0.178094449	0.054931372	0.141372464	-0.059271051	-0.001975727	-0.307413977	0.070336498	-0.048160921	0.085430615	0.478824147	-0.090696469	0.035080259	-0.150638883
UMARY	4916	0.235095505	-0.070334546	0.10609376	-0.074025649	0.32786349	0.048610722	-0.161676024	0.01970085	-0.03211284	0.269211772	0.009753277	0.227307556	0.014528536	-0.024966871	-0.048437264	-0.079800879	-0.307699909	-0.277060149	-0.07368045	-0.136054406	-0.0701981	0.23103804	0.034728237	0.771654582	-0.018131692
UMARY	4924	0.343473347	-0.091359575	-0.129800232	0.118539574	-0.961273843	0.134771828	-0.332148482	0.346587138	0.05957552	0.275197508	0.246314108	-0.186888918	0.269286225	0.152143168	0.287723591	-0.228347659	-0.368958338	0.530613466	0.008694829	-0.226728372	0.339315719	-0.565535384	0.229195561	-0.038239518	0.308275728
UMARY	5024	-0.721604994	-0.309447909	0.552442569	0.023773489	0.329660941	-0.309467671	-0.378787791	-0.008428543	-0.013435568	0.046345499	0.011728253	0.161149255	0.105473357	0.053385469	0.05997725	-0.078230186	-0.816437238	-0.26759988	-0.041671672	3.172149634	0.048421821	-0.341906007	0.042725683	0.691381909	0.058599131
UMARY	5028	0.220612296	-0.148879535	-0.161024998	-0.02996159	0.218168973	-0.01288941	-0.151553176	-0.070596195	-0.072015498	0.095383053	-0.014412146	-0.165881792	-0.006387749	-0.020467545	-0.060800369	-0.041808875	0.121055357	0.137675484	0.338450448	-0.040913666	-0.054252201	0.122693443	0.103215863	0.132708927	0.086564794
UMARY	5078	-0.247031019	-0.059585082	0.030459955	-0.097563278	0.051531648	-0.16794024	0.121255102	-0.103296225	-0.076544341	-0.036570455	-0.09342896	-0.169691792	-0.083728369	-0.137896626	-0.083317639	-0.059146655	0.204445284	0.067447782	0.133370887	-0.112655591	-0.092182482	0.045511682	-0.079841708	-0.049543828	-0.112192628
UMARY	5079	-0.180398357	-0.101397129	-0.149208166	0.005403387	-0.356441845	-0.084473722	0.119637044	-0.076734432	0.012591911	-0.445160475	-0.008128194	-0.075637047	0.038824638	-0.058939319	0.036106826	0.028355541	0.131077571	0.020407695	0.09972807	-0.23555867	0.038510773	-0.122177871	-0.002550903	-0.474119714	-0.156226519
UMARY	5081	0.146007357	0.060679032	-0.047169821	0.007849227	0.206338263	-0.075293358	0.074410346	-0.040675652	0.031449224	0.204780037	-0.022072564	-0.003926478	-0.069668109	-0.015505413	-0.019100996	-0.039295623	0.017858899	-0.001075579	-0.069985247	-0.142806727	-0.017531092	0.071692678	-0.060893536	0.253218227	-0.077999878
UMARY	5086	-0.090221939	-0.288274841	0.029246046	0.02158087	0.302373064	-0.098777082	0.391476342	0.063794909	0.088064807	0.232138316	0.097829419	-0.132035681	0.018238555	0.119494811	-0.000388155	0.133716559	0.041269559	-0.050664296	-0.016136389	-0.108676632	-0.016054956	-0.002911448	0.01293275	0.123770941	0.386915162
UMARY	5087	0.302006941	0.056418519	-0.093362282	0.120456031	-0.297372763	0.090811853	0.23840004	0.089944389	0.125881093	-0.063041869	0.115591856	-0.156370562	0.140914703	0.071190907	0.076664958	-0.054705259	0.402363768	0.255773133	0.182452734	-0.107348552	0.141251007	-0.033266711	0.091362167	-0.477581709	0.111407413
