FID	IID	1	2	3	4	5	6	7	8	9	10	11	12	13	14	15	16	17	18	19	20	21	22	23	24	25
BLSA	745	0.015415664	0.798562746	-0.173567447	0.329828221	0.038125028	-1.999301995	0.445142926	-0.099279208	-0.498707984	0.938542755	0.303241117	-0.704718999	0.412572853	0.147434141	-0.130038638	0.100000935	0.558348789	0.24557128	-1.058525612	0.847550759	0.076402433	0.342040197	-0.66582059	1.165881697	0.542513777
BLSA	827	0.181309419	0.015181623	-0.038333813	0.293616567	-0.296966343	-0.992784113	0.186539677	0.174572877	-0.335856786	-0.213680161	0.203070492	-0.11982171	-0.444997617	-0.091975206	-0.2555243	-0.574280543	0.374263068	-0.068647334	-0.486497483	0.525374455	0.260961038	-0.065489652	0.040302739	0.024595171	0.143097388
BLSA	1556	-0.402934216	-0.323183016	-0.056791787	0.038569045	-0.13277113	-0.61665689	-0.028860681	-0.120721683	0.050357889	-0.377162707	-0.050586479	-0.161021667	-0.207442172	0.178892319	-0.023311527	0.189006635	0.000983551	0.06508839	-0.014510344	-0.48541577	-0.145520844	0.098526047	0.495926584	-0.08498892	0.147416602
BLSA	1579	-0.086342854	0.355529105	-0.147032802	-0.261372222	-0.325598247	0.428561467	-0.126347346	-0.302903172	-0.097926697	0.617364937	-0.2669804	0.000716067	0.274022792	-0.234289776	-0.097912133	-0.219153896	-0.344520456	-0.18330628	0.254761652	-0.254375786	-0.133164906	-0.246617837	0.47874047	0.328093959	-0.366931173
BLSA	1595	0.434208296	0.560171279	-0.074228878	-0.169567853	NA	-0.676720286	-1.220120848	0.687615561	0.789509058	0.015859503	-0.11108349	-0.401348004	0.79496081	0.331727453	-0.790736163	1.037512726	0.655840664	-0.331370785	-0.343357362	0.751206318	0.20066956	0.162080589	-0.618414529	0.396266736	0.239157843
BLSA	1603	0.21446188	-0.24746423	0.214111578	-0.156776447	0.078620382	0.7944738	-0.043042071	0.381563205	0.200208679	0.056011429	-0.088846813	0.281783334	0.065023306	0.058246612	0.046529467	0.10510048	-0.156068646	0.047855477	0.016115847	-0.088865776	0.046584634	-0.042240026	-0.31556335	-0.457751641	-0.117301323
BLSA	1640	-0.110601053	-0.56204819	0.005554959	0.020001646	0.175120653	-0.130946693	0.082092181	-0.145515574	-0.008303491	-0.43688246	-0.031186699	-0.234751418	-0.133017505	-0.019324028	0.161891918	0.113126406	-0.038661688	0.183072268	0.195720875	-0.295462764	0.232320204	0.10387098	0.526482101	-0.204303821	0.14277621
BLSA	1775	-0.310197864	0.331341053	-0.021264076	0.075459666	-0.135384969	0.077644173	-0.458648417	0.198139766	-0.123389302	-0.283208899	0.037756736	0.334333055	-0.380599169	-0.055349241	-0.297911336	-0.576088554	0.174908595	-0.070901143	-0.085239635	0.185855488	-0.158305026	0.082095676	-0.346913687	-0.318301713	-0.274532249
BLSA	1802	-0.059587092	0.016527002	0.153665705	-0.096551849	0.205016629	0.70559825	0.257533629	-0.068605304	0.044005992	-0.096294754	0.003251851	0.49884493	0.405253859	-0.022805002	0.144133363	-0.222373998	-0.005502445	-0.018788399	0.259308477	-0.085261659	-0.286127203	-0.143631192	-0.165891336	-0.228283092	-0.15439882
BLSA	1805	0.135360758	-0.136319761	0.164391346	-0.264050985	-0.025177343	1.232390745	-0.199917354	0.19859866	0.393395749	0.402843699	-0.137285265	0.339386077	0.019211436	0.065358607	-0.032010523	0.039071586	-0.184081916	-0.03897612	0.252343855	-0.012851541	-0.469802219	-0.146206287	-0.303349062	-0.477457879	-0.340421455
BLSA	1838	-0.276604531	0.265620887	0.011047773	0.038242491	-0.048753051	-0.262846249	0.169235828	-0.132600812	-0.24703102	0.179554099	0.180294635	-0.0137729	0.393280027	0.050456535	0.055901682	-0.344733723	0.014527921	-0.061168274	-0.274879855	-0.238537235	-0.455914177	-0.142990553	-0.072041208	0.276267686	-0.187471676
BLSA	1839	-0.056616014	0.104348258	0.100444539	-0.137734559	0.185128881	0.707440644	0.272726153	0.104718685	-0.046411184	0.599219077	-0.08860728	0.134845679	0.392722163	-0.006306109	0.261138459	-0.158891775	-0.195752594	0.179385751	-0.021214507	-0.057148675	-0.346553704	0.090708501	-0.073911073	0.205946958	-0.179311654
BLSA	1840	0.082719759	0.06562244	0.107803352	-0.019885229	0.028113165	0.477355085	0.058627212	-0.098912836	-0.116896489	0.464245986	-0.196644333	0.179637236	-0.115382761	-0.00565527	-0.017893328	-0.019341973	-0.172376955	-0.054804905	0.00070313	0.021820492	0.165828524	0.007169122	-0.003204079	-0.072819219	0.224449845
BLSA	1883	0.227673181	0.131955919	-0.153293223	-0.042569736	-0.003059344	0.191967167	-0.134734224	-0.224483184	-0.028187385	0.312887936	-0.036437338	0.230444053	0.088007996	-0.139907589	-0.072964206	0.008044087	-0.077024475	-0.127440348	-0.102109595	-0.051853164	0.060785236	-0.107195084	-0.223747476	0.337619545	-0.059347323
BLSA	1889	0.027446383	-0.05066407	-0.02372714	-0.022276349	0.007450447	0.722230343	0.121059558	-0.10746646	0.023677949	0.052645694	-0.045320933	0.322503829	0.06802284	-0.138135267	0.143101599	0.045865856	-0.287943203	0.036700933	0.15233826	-0.100662319	0.039005117	-0.036054392	-0.428235959	-0.217959086	-0.163961787
BLSA	1924	-0.243807444	0.081681264	0.016402577	-0.105243596	0.062453399	0.217892774	-0.012845342	0.025261604	-0.267225981	1.063762988	-0.148185891	0.027026156	0.291044911	-0.082288642	0.059650559	0.023578352	-0.112652935	-0.139822663	-0.285865617	-0.04214063	-0.136284649	-0.041958147	0.319317178	0.501607528	-0.084371429
BLSA	1961	0.296553952	-0.543023449	0.200974744	-0.075652233	0.176399438	0.624276294	0.221459081	0.03846162	0.204042029	-1.004023961	0.069567987	0.362785355	0.253610221	0.217707137	0.285499873	0.262152767	-0.005489345	0.120967173	0.230238928	-0.29317418	0.204651627	-0.012103784	-0.306589406	-0.583198683	-0.023026925
BLSA	2000	0.052598838	-0.374469335	-0.133657394	0.019223963	0.073772943	0.930808686	-0.001951922	0.078674498	0.155352183	-0.55769	0.048195538	-0.292206893	-0.468288558	-0.048411793	0.103360457	-0.127074849	-0.179721102	0.255447138	0.605955877	-0.10611299	0.11780427	-0.045698204	0.010743998	-0.408833746	-0.115939378
BLSA	2020	-0.212988904	0.161046659	-0.048965567	0.128350874	-0.150097591	-0.704852895	0.028169867	-0.18007647	-0.158062183	0.213418417	0.118354179	-0.3200737	-0.373737748	-0.060195702	-0.070853658	0.116318945	0.039177658	-0.13820423	-0.204047576	0.186745781	0.13557754	-0.006698517	0.359582572	0.284148506	0.020850783
BLSA	2037	0.095329885	-0.346670261	0.024207748	0.000679279	-0.062518227	-0.092782623	0.18684026	-0.163355879	-0.114341339	-0.236172001	0.009553322	-0.072738447	-0.746638313	-0.052142681	0.123879233	-0.022765264	-0.132440228	-0.195056892	0.489046511	-0.328771908	0.146493337	0.037510664	0.18708126	-0.094847305	0.019995706
BLSA	2066	0.023717806	-0.110042018	-0.040147821	-0.104495846	-0.022479445	0.141127167	-0.01875098	-0.092599256	-0.110922354	-0.146540451	-0.098428019	0.215942251	0.05559083	-0.015210758	0.147670685	0.010768737	-0.202264691	0.027694631	0.116442102	-0.093848534	0.22553451	-0.017880965	-0.076105212	-0.172783383	-0.032600404
BLSA	2069	-0.020942925	-0.462115627	0.196184253	0.07507848	0.154644838	-0.62266691	0.310526731	-0.020115615	-0.01953567	-0.446462636	0.073941177	-0.273973104	-0.587989668	-0.032473613	0.375976939	0.039179876	0.035792604	0.236107431	0.311868876	-0.266306698	0.027950133	0.2071543	0.75499498	-0.339177156	0.118058581
BLSA	2093	0.009699455	0.231115701	-0.278953944	-0.082879195	-0.09856704	0.74569936	-0.107760649	-0.188047818	0.019348522	0.516332331	-0.06159869	0.007647555	0.009134316	-0.021846763	-0.196485366	-0.022678101	-0.379707171	0.046087592	0.214428698	0.051422386	-0.136558737	-0.075214268	-0.24140367	0.342456337	-0.146552938
BLSA	2102	-0.015872379	0.037296021	-0.004824685	0.520005865	0.116526925	-1.897907303	0.013026731	0.057076798	0.292899815	-1.634570819	0.313964596	-0.341468737	-0.064364849	-0.023505367	0.076906946	0.197655288	0.620365	-0.015490692	-0.223025503	0.230813951	0.327663301	-0.001177167	0.668018755	-0.202178478	0.647851798
JHU	384	0.285947009	-0.17942801	-0.183055876	-0.076140404	0.099934791	0.349929403	-0.066995902	0.055330374	0.141190105	0.461328752	-0.11888897	0.11299178	-0.147843661	-0.097524362	0.110130156	0.026256161	-0.003901417	-0.041189221	0.073977259	-0.020425342	-0.157074418	0.106348108	-0.094053387	-0.072154207	-0.059639603
JHU	705	0.083188949	-0.136233785	0.185731109	-0.249959495	0.027697124	1.031948066	-0.160307774	0.233770773	0.098002217	-0.16988228	0.06141534	-0.212936066	0.142989504	-0.037876098	-0.054080234	-0.107664913	-0.088823229	0.128761527	0.189432458	0.084339374	-0.158932843	-0.000466904	-0.545885345	-0.287173556	-0.178187879
JHU	710	0.272324951	0.219812528	-0.092599371	0.022010206	0.220372096	0.059762743	0.0021145	0.026671768	0.060222349	0.059268562	-0.050793347	0.133326867	-0.135646368	0.140326486	0.068137982	0.227749171	-0.094335121	0.066977254	0.129434641	0.052294641	0.12975675	0.186701914	-0.11050721	-0.117432973	0.108343051
JHU	712	0.013575147	0.482821739	-0.167026973	0.029725254	0.087778937	-0.370844184	0.082243681	-0.028823909	0.09825063	0.638413719	-0.033111746	-0.461531469	0.552702712	-0.037390867	0.163241951	0.17053863	-0.100728303	0.102153455	-0.378428355	0.158718849	0.081285921	0.22829052	-0.18966254	0.718684198	0.129128276
JHU	713	-0.419313944	0.368874266	-0.085046319	0.230237574	-0.507364492	-0.797540462	0.183779698	-0.358181598	-0.553706012	-0.516782264	0.284951786	0.287589219	-0.043182882	-0.010808129	-0.327827959	-0.173773498	0.019462586	-0.154810962	-0.241098773	0.326464905	0.09961032	-0.524730632	-0.046251088	0.271957956	0.15750494
JHU	719	0.146475116	-0.378519951	0.410394471	-0.186628239	0.146404197	0.808643076	0.121543739	0.059402565	0.061092147	-0.345081853	-0.076476757	0.131856479	-0.095915098	0.172714209	0.17689542	0.103103702	-0.207242136	0.172551177	0.334609737	-0.295878341	-0.020003791	0.180607264	0.113611659	-0.265981085	0.03393469
JHU	993	-0.627870346	0.005420861	-0.127224832	0.451855032	-0.162901341	-1.2574925	-0.214591941	-0.002621534	-0.022331616	0.047842017	0.124450937	-0.23751008	0.365586502	-0.289055827	-0.028113262	-0.279309252	0.475917946	-0.244472464	-0.317184464	0.112219963	-0.104044628	-0.492459268	0.559497052	0.162080106	-0.323340876
JHU	994	0.078186734	-0.25845649	-0.002949595	-0.153219164	-0.002775371	0.821667836	-0.014829387	0.081932444	-0.020194911	-0.203416384	-0.068069321	0.344479183	-0.062279734	-0.05088575	-0.116823014	-0.14829755	-0.123473054	-0.074925799	0.207758396	-0.259020088	-0.153710792	0.040409976	-0.075088052	-0.34237299	0.043068739
JHU	995	0.167486383	-0.124291158	0.061777386	-0.067880765	0.090854059	-0.646073978	0.067043385	-0.067480882	0.137475091	0.028309731	-0.123477923	-0.098265913	-0.576410975	0.210500337	0.008438962	0.181397549	0.123122728	0.044955033	0.001499102	-0.158713961	0.283113482	0.275299022	0.38833891	-0.067607448	0.089188663
UMARY	142	-0.005890436	0.392876896	-0.086211137	0.054050547	-0.08294706	-0.959651699	-0.027050126	-0.004919779	-0.17713817	0.340908008	-0.063846959	0.018125034	0.088461659	0.012583875	-0.069667461	0.009564586	0.057150431	-0.074422945	-0.310978558	0.11724556	0.018078263	-0.005348596	-0.190697599	0.416525304	0.140586143
UMARY	602	0.072501806	0.030564222	0.088386599	0.074451259	0.055324683	-0.094346774	0.139734878	-0.085373009	-0.164438302	-0.222760291	0.046664243	0.004687293	-0.13783799	-0.001042483	0.141591744	0.011717672	-0.060311705	0.161076594	-0.240967247	-0.047314291	-0.09291166	0.083544306	0.217376484	0.067374589	0.004492262
UMARY	604	0.030686242	-0.106261936	0.021538841	-0.039350817	-0.00221588	0.143566059	-0.023897805	-0.001122534	0.0642918	-0.208165573	0.046489019	-0.323202368	0.101798861	0.076611517	0.038192524	0.034046649	0.018806316	0.112700551	0.145227671	-0.048127894	-0.116127155	-0.059944623	0.014053139	-0.116878168	-0.088778181
UMARY	813	0.014512093	-0.007192187	0.086222243	0.053668575	0.041499414	0.530464612	0.004412165	-0.030956154	0.255435222	-0.033356305	0.086142873	0.311134993	0.100927382	-0.013835951	0.008189448	0.093927618	-0.02152879	-0.012564064	-0.06895433	0.081145524	-0.021169237	0.098795851	0.074395238	0.134688887	-0.083606525
UMARY	819	0.015313185	0.070890533	-0.114053814	0.066283621	-0.073097252	0.417494679	-0.033705256	0.073300209	0.126459304	-0.131745289	0.025824866	0.237002586	-0.035304618	0.081090523	-0.032495598	-0.015512548	0.060695737	0.03975781	0.141965929	0.082884448	0.020755153	-0.009246349	-0.05585449	-0.058500306	-0.058697393
UMARY	871	0.038506353	0.135666919	0.076486623	0.036913544	-0.015247101	0.29949547	0.032989485	0.058001005	0.155588136	0.213464207	0.002674026	0.136769813	-0.038385342	-0.013512723	-0.045396636	-0.013599288	0.091360858	-0.046769461	0.098637885	-0.073057005	-0.003232477	-0.007146633	-0.166416402	-0.060251593	-0.161212552
UMARY	879	0.045613397	-0.080026565	0.096554287	0.010552992	-0.069493532	0.592872701	-0.081776807	-0.083348686	0.023718327	-0.110738326	-0.028835628	0.260889182	0.114190197	-0.091183419	-0.09784346	-0.046315183	0.072442172	-0.040227646	0.100968136	-0.010822658	-0.016419058	-0.098304473	0.011302219	-0.098260255	-0.076056059
UMARY	880	0.022911648	0.144895652	-0.177362973	0.014244826	0.138473246	-0.613028198	0.158189623	-0.083726287	0.055357727	0.151734393	0.010896798	-0.163969612	0.105566998	0.028336995	0.170397875	0.102243383	0.029107874	0.115728529	-0.42782215	-0.139139703	0.162676984	0.214298458	-0.371189414	0.634866075	0.092405284
UMARY	914	-0.024635679	-0.041598281	0.048221219	0.023354276	0.019628073	-0.073314928	0.02361966	0.1101864	-0.154529801	0.239309317	-0.016508214	-0.061665003	0.159186029	0.002625651	0.01424474	-0.009105837	-0.010384924	0.055892746	-0.038073907	0.084114541	-0.171018853	0.013869594	-0.148713542	0.140958124	0.045100341
UMARY	933	-0.108166742	-0.078823244	-0.12488124	-0.07995308	0.039966331	-0.038306703	0.139298741	-0.123356456	-0.012666535	-0.103585453	-0.0364187	-0.019043339	-0.4366831	-0.079484357	0.170674451	-0.11791342	-0.182838169	-0.000645594	0.068486383	-0.225704055	-0.057503802	-0.025940671	0.214845701	-0.052466309	-0.058472591
UMARY	1028	-0.161331224	-0.105699925	0.259690032	-0.156959481	-0.137400451	0.370088363	-0.187956471	0.131878519	-0.179415836	0.161547636	-0.072301103	-0.470284941	0.285693001	-0.087343911	-0.134471198	-0.149900193	-0.206576841	-0.144481815	0.025924838	0.186730583	-0.08849576	-0.121654438	0.056670694	0.067457727	-0.151008822
UMARY	1037	0.003809373	-0.161152647	0.004136005	0.014800735	-0.122259269	0.124184026	-0.072223752	-0.040170139	0.041099789	-0.249500026	-0.029514966	0.020020413	-0.097791997	-0.067518291	-0.032473596	-0.126277592	-0.108004945	-0.059141232	-0.093222782	0.051058128	0.016271374	-0.061693906	0.034541766	-0.186411771	-0.260245193
UMARY	1064	0.045276088	0.119465895	0.171833326	-0.053152595	0.123594938	0.183538531	0.194115185	-0.150986089	0.015333909	0.691311402	-0.014925805	-0.019109835	-0.250010889	-0.021870412	0.248781209	-0.068485332	-0.058556482	0.008770326	0.013659687	-0.057011427	0.089927329	0.133704168	0.055570023	0.278512572	-0.059935306
UMARY	1065	0.200326606	-0.153566802	0.083523965	0.081243733	0.048249193	0.417309444	0.254598512	-0.152222143	-0.012129227	-0.399105351	0.006134852	-0.096509486	0.163723627	-0.079814615	0.21962478	-0.157912355	-0.006130659	0.059756643	-0.008871129	-0.380214087	-0.021892056	-0.068159572	0.007772948	-0.1059047	0.019533898
UMARY	1076	-0.011848381	-0.08029103	0.012157328	0.170529837	0.001923765	-0.178944297	0.10545061	0.007051476	0.055153211	-0.032166272	0.071985034	0.095722986	0.087007889	0.049510404	-0.01602337	0.019929862	0.101197077	0.023873526	-0.154726662	0.005017585	-0.065628434	0.111813112	0.273387235	-0.06052041	0.05876388
UMARY	1078	0.034024678	-0.147116198	-0.033824008	-0.196637709	0.005063444	0.15357344	0.016450358	0.191113488	-0.122451202	0.529867047	-0.131377829	0.210481502	-0.82922395	-0.264072097	-0.069394017	-0.129597062	-0.24427052	-0.063672496	0.240550116	0.078351331	0.201450962	-0.009197997	0.011567976	-0.186318407	-0.329842188
UMARY	1079	0.057887162	-0.146126194	0.112681539	-0.066715103	-0.097378279	0.381572381	-0.208612285	0.006800246	0.050218265	-0.118651291	-0.09462162	0.021809938	-0.006916467	-0.089278426	-0.132214294	-0.071625262	-0.077206307	-0.127001792	0.12482406	0.011221345	0.097574379	-0.177665209	-0.077248465	-0.034201901	-0.131538893
UMARY	1104	-0.021532251	-0.090312072	-0.002195494	-0.044367502	0.030095039	0.22291031	-0.045587446	-0.051592144	0.023759731	-0.025637061	-0.007198906	-0.164062187	0.370887988	0.023736883	-0.084620029	-0.004712296	0.030780338	0.018344167	0.023919093	0.020778352	-0.109203676	-0.002539137	-0.000393779	-0.037085512	0.013632767
UMARY	1105	-0.110394237	0.063501208	0.014089982	0.063423307	-0.025092422	-0.364225803	-0.079299498	0.064346935	-0.104190684	-0.001716969	0.058663207	-0.359015302	0.062311078	0.116748775	-0.038420558	0.136612014	0.034784848	0.021736261	0.396827236	0.089881356	0.020423622	-0.018280935	0.03286897	-0.256930924	0.223602708
UMARY	1114	-0.005726404	-0.031593632	0.180658776	0.055344738	0.135125565	-0.056644675	0.111335275	-0.127807567	0.207195617	-0.057225406	0.011050943	0.040695351	0.044657255	0.127778831	0.075549067	0.107586854	0.009578987	0.05174985	0.151703535	-0.031202984	-0.016998908	0.10642147	0.141417781	-0.006127585	0.080530587
UMARY	1133	-0.020152757	0.108004923	0.134103299	0.036169822	0.263573191	-0.769613657	0.251968793	-0.020769999	0.241174141	-0.662486225	0.025700807	0.126444148	-0.665925199	0.107686888	0.218137247	0.085795645	-0.028293643	0.17677799	-0.086130534	-0.132251309	-0.008244972	0.23023654	0.464507925	-0.219031108	0.037820358
UMARY	1134	0.025242082	-0.016848692	0.071750731	0.01974973	-0.01294367	0.007091926	-0.020052619	0.04331742	0.226233544	-0.145022856	-0.032945532	-0.155879836	-0.158813709	0.091144624	-0.054889614	-0.012661839	0.046161931	0.090568677	0.208221446	0.0406606	-0.091773262	-0.01748741	0.027810643	-0.160144782	0.049916612
UMARY	1136	0.000530783	-0.114376575	-0.022928311	-0.141870507	-0.072771162	0.324422457	-0.050865935	0.098543668	-0.100495722	0.017647916	-0.065005174	-0.062240009	-0.000421947	-0.019315777	0.010793622	-0.079286186	-0.103853258	-0.023994908	0.198919259	-0.071319952	-0.25897943	-0.155798148	0.080547918	-0.068642683	0.124457264
UMARY	1158	0.015890209	0.152483906	-0.137634911	-0.032687578	-0.049040063	-0.490324778	-0.035255219	0.001174133	-0.135642359	-0.087012753	0.003991649	0.252097868	0.213080513	-0.032898896	0.03760369	0.014800466	0.035639788	-0.000729132	-0.305850694	0.045802568	-0.028046078	-0.011954473	-0.064540027	0.085176883	0.038796178
UMARY	1170	-0.068892412	0.095726441	-0.077322746	-0.024344519	0.024981683	-0.617848427	0.01018434	-0.079773712	-0.084207514	0.007268702	-0.032373606	0.014341072	-0.071570963	-0.014679484	-0.030654496	0.061278312	-0.014264631	-0.028762545	-0.174428553	0.043760329	-0.032613805	0.034071036	-0.243620998	0.189768713	0.027634867
UMARY	1206	0.024907043	0.301496061	-0.165979102	-0.010716034	0.030878781	-0.232007289	-0.037634011	-0.275537799	0.022588978	0.473906502	-0.029151719	0.092803639	0.07621994	-0.054579092	-3.97E-05	0.04162158	-0.013629684	-0.022965169	-0.329658594	-0.018713766	-0.030447101	0.079877782	0.064190501	0.536305075	-0.077968892
UMARY	1209	-0.057622591	0.017716636	-0.153778974	0.051846628	-0.107136807	-0.254242376	-0.028755075	-0.084515397	0.06524789	-0.247193429	0.0570094	0.173016403	0.09666315	0.004682145	-0.021539291	-0.044993082	0.106332242	0.009238943	0.197284645	-0.014160122	-0.00946793	-0.007218672	-0.080996613	-0.115687339	-0.049381498
UMARY	1226	-0.038714018	0.192162665	0.089600431	-0.026238374	0.192089507	-0.347364218	-0.02670865	0.073972287	0.165535703	0.702354742	0.032305425	0.078808819	-0.754912751	0.207981653	0.012028719	0.085124675	0.037325185	0.012448943	0.161699614	0.160313071	0.032020839	0.068443856	-0.293846518	0.048398598	0.14416342
UMARY	1230	-0.008975548	0.042113588	0.019876885	0.058982624	-0.044880443	0.263649734	-0.005027433	-0.051499201	0.087069619	-0.104756194	0.026346322	0.037575131	0.057938772	-0.061637532	-0.012397234	-0.055495498	0.152223486	0.020672537	0.066110426	0.211001432	-0.139230099	-0.002960796	0.065258162	-0.135971519	0.011132521
UMARY	1260	0.214767053	0.071102383	-0.125101896	0.143734284	0.147207422	-0.149755348	0.055266104	0.126778934	0.115437461	-0.303554195	0.165897077	0.023214417	0.078420585	0.075307239	0.085516967	0.189986281	0.175350441	0.132444081	0.00617114	0.117619887	0.040396371	0.097363136	-0.010430397	-0.080921892	0.201293132
UMARY	1326	-0.033655698	-0.120243567	0.127814051	0.041392348	0.007771602	0.206614925	-0.057432634	0.034256587	0.126191768	-0.425491551	0.105814966	0.059031645	0.425042447	0.056972589	-0.011445866	0.026382295	0.066604948	-0.039370626	-0.170765495	0.091448302	-0.123143722	-0.058793329	-0.001982598	-0.165453398	-0.03942705
UMARY	1454	-0.005058479	0.198411271	0.152014714	-0.025598689	0.031608834	-0.291241989	0.012045062	-0.155819437	-0.029200371	0.17813483	-0.014879257	-0.067355755	0.155258616	-0.005010735	-0.035199766	0.020471309	-0.029493315	0.005406321	-0.198823709	-0.125103211	0.1156041	0.085187065	0.080046655	0.436682675	-0.075532176
UMARY	1465	-0.046769376	0.023269757	-0.132654618	-0.105373042	-0.032264094	-0.782602243	-0.126599943	0.01880571	-0.053540772	0.226705915	-0.07633609	0.10769659	0.144273835	0.011179077	-0.17078701	-0.013365641	0.124076841	-0.090789745	0.097355836	-0.046432884	-0.038777405	-0.046032886	-0.217152697	0.150901354	-0.017592978
UMARY	1486	-0.074470746	-0.18590653	0.016955245	0.130607338	-0.147265313	0.252850595	-0.131552902	-0.060712994	-0.025138348	-0.05438057	-0.080576802	-0.103779121	0.297895478	-0.057299618	-0.157153164	-0.078942387	-0.067654096	-0.091849756	-0.039177794	0.049626755	0.093692455	-0.128906971	-0.065321662	-0.003528169	-0.079280588
UMARY	1498	-0.02383167	-0.035739371	-0.06070008	-0.010916843	-0.13081482	0.164262722	-0.040859578	0.083383904	0.034635574	-0.069028351	-0.029083674	-0.16861042	0.152998614	-0.067957118	-0.043283186	-0.005803819	-0.031549284	0.046435581	-0.044612677	-0.100761874	-0.080557262	-0.120228369	-0.069478039	-0.026127998	-0.084052204
UMARY	1502	-0.064228849	-0.12145223	0.010227299	-0.152594455	0.068765281	0.309456052	-0.094714567	0.050434911	0.160173077	-0.156768875	-0.073522877	0.166222563	0.270759803	-0.072824627	-0.167878839	-0.142836447	-0.134303204	-0.086307908	-0.11157744	-0.056762225	-0.011938941	-0.19308128	0.244035116	-0.132822822	-0.089024293
UMARY	1535	0.024391842	-0.132087867	-0.221545726	-0.077415286	0.015603162	-0.029028864	-0.023380532	0.064913692	0.006281751	0.03923088	0.072507098	0.058726387	-0.020873881	0.041770467	-0.007054963	0.049343303	-0.040614291	-0.06217635	-0.191462273	-0.013844384	0.144922205	-0.08428897	0.370076067	-0.072799133	0.006636253
UMARY	1540	0.1521883	-0.157520739	0.179873748	-0.137000133	-0.173411307	0.325852563	-0.212639741	0.259189222	0.008921897	0.833756806	-0.032896386	-0.026511457	-0.74204747	0.005924753	-0.033206111	0.031245487	-0.046209855	0.025618254	-0.035314299	0.229940635	-0.093835047	-0.059111628	-0.09815796	-0.24616752	-0.106330855
UMARY	1541	-0.000456436	-0.059675986	-0.004786985	0.029154851	0.040563714	-0.216679097	0.042474649	0.000455285	-0.171284247	0.015908786	0.066387447	-0.251437826	0.020270672	0.054640009	0.074585538	0.116854185	0.090383965	0.092115054	-0.000964888	-0.009366173	-0.080374041	0.096574067	-0.05498665	-0.148053539	0.10620553
UMARY	1544	0.041067065	0.249647762	0.053424424	-0.080887139	-0.04212034	0.421237336	-0.049724307	-0.027935266	-0.003128113	-0.338566992	-0.120169044	-0.184824773	0.433863821	-0.124053784	-0.095633089	-0.011163557	-0.081766784	0.044494703	0.228104838	-0.10346453	-0.148967336	-0.10694506	0.171324121	-0.063260259	-0.037747247
UMARY	1545	-0.093303625	-0.282415476	-0.013919331	0.074360282	0.122802618	0.327351062	0.122079622	0.20451805	0.073168961	-0.481258357	0.017673588	-0.289726285	-0.019870019	-0.049251431	0.117699831	0.045784019	-0.0552219	-0.012998857	0.323626249	0.017412855	-0.056504014	0.110108714	0.070052665	-0.374420898	-0.014873256
UMARY	1568	-0.073844753	-0.013558954	0.082692102	0.072813875	0.083754658	-0.669936035	0.051015472	-0.236409609	-0.015266349	0.450692614	-0.111296658	0.045569398	-0.064283266	-0.001401243	0.008144805	-0.023396529	-0.078127934	-0.121386967	-0.27570184	-0.125743655	-0.021151499	-0.027865619	-0.040659886	0.109231077	-0.039768208
UMARY	1570	-0.002608508	0.135062627	0.013750824	-0.026795101	0.053262999	0.098836868	-0.05969684	-0.000911105	0.030362633	0.271825107	0.052990042	-0.055468312	0.14388859	0.022566862	0.024589824	0.115120428	0.045149299	0.018984719	0.018176897	0.004663486	-0.026806849	0.004191654	0.084415677	0.124288694	0.022844926
UMARY	1571	0.100708187	-0.316604495	0.2313478	0.090721322	0.205356014	0.463366502	0.121322344	-0.008559702	0.103919267	-0.262076681	0.02380736	-0.350718726	0.385029495	0.087793055	0.035210245	0.071571709	-0.099672843	0.037986631	0.198009349	-0.059216693	-0.109396262	0.114036706	0.096317457	-0.161769829	0.011878561
UMARY	1578	0.073418565	-0.274538166	0.05929876	-0.050562056	0.001257369	0.789695502	-0.099995987	0.144031887	0.036858581	-0.176274409	-0.094274688	-0.228605101	-0.005009133	-0.068385474	0.014419781	-0.058121551	-0.124388762	-0.006729498	0.189335627	-0.064791247	-0.2736544	-0.08484569	0.060896761	-0.49072853	-0.10972458
UMARY	1583	-0.052533188	-0.001616278	-0.023363969	0.094304643	0.010235411	-0.942706503	-0.001643531	-0.233476332	0.004273831	0.131922634	-0.005053412	-0.295724035	-0.323445188	-0.098929422	0.028431788	0.156448356	0.101482982	0.008472463	-0.323805859	-0.100397327	0.169521651	0.082197904	0.465050506	0.521540173	0.140445993
UMARY	1584	-0.030394427	-0.079349702	0.023408182	0.06039534	0.06515936	0.117661034	0.129634618	-0.089094433	0.1439595	0.038588582	-0.074327363	-0.019681259	0.0464574	0.043695449	0.055994656	0.147522307	-0.086391228	0.054718678	0.220742126	-0.407177037	-0.086514692	0.087068887	-0.044513245	-0.21824952	-0.067862734
UMARY	1611	0.062379317	-0.200860445	-0.014354588	-0.072900533	-0.045335065	0.857361423	0.044087464	-0.115520969	-0.118247977	0.301124008	-0.041587283	0.015768825	0.071035354	-0.099773359	0.106623778	-0.173023145	-0.253859709	0.056755147	0.092701042	-0.14348842	-0.045251632	-0.059791684	-0.074393371	-0.112931357	0.033840227
UMARY	1612	0.00666525	0.008077396	-0.116580266	0.014196874	0.048660511	-0.529611036	0.13809806	-0.182700676	-0.204908845	-0.57763919	0.149800467	0.159416258	-0.141812169	0.028917097	0.138723437	0.031948849	0.013784375	0.038153762	-0.161338863	-0.197823906	0.088577013	-0.043450489	-0.356577531	0.115746156	0.00016109
UMARY	1613	-0.03549431	0.157958476	-0.051688201	0.036303542	-0.046688017	-0.296976428	0.068735631	-0.184700704	0.047682015	0.910307501	-0.062241377	-0.552492576	-0.128940607	-0.010250433	0.008427348	0.054287032	0.095456383	0.014272894	-0.101244303	0.125711661	-0.094851647	0.025658211	0.20013334	0.563404105	-0.129798432
UMARY	1614	0.09345811	0.173456681	-0.071938143	0.027566429	0.097678767	-0.241407177	0.114677299	0.187152252	0.061188612	0.315851772	0.044410727	0.106826774	-0.049373838	0.069111992	0.097485978	0.061040549	-0.006015801	0.168293039	-0.083986639	-0.019119338	-0.001295425	0.073581129	-0.056969264	0.164220568	0.114754739
UMARY	1648	0.010234646	0.072803722	0.0338681	-0.056443994	0.022009826	-0.004892509	0.05162637	0.053764701	-0.089901459	0.159095182	-0.073905965	0.037314491	-0.044764725	0.02901215	0.029885901	0.008540919	-0.005223754	0.03571803	-0.124328573	0.13268262	-0.055631945	0.022963837	-0.256997862	-0.038452851	-0.035750553
UMARY	1652	0.068294725	0.384211353	-0.074802161	-0.066734718	0.003306384	-0.224026033	0.133272101	-0.244973091	-0.037819844	0.751320047	-0.021393835	-0.239395373	-0.168520258	0.022357282	0.043033779	0.074188997	0.11745055	-0.02018912	-0.318509293	0.062609818	0.234845503	0.104093713	0.057058242	0.585558638	-0.022514559
UMARY	1668	0.028587947	0.058362875	0.093338679	0.007676293	0.205929943	-0.513520142	0.0658474	0.061401049	-0.102328739	-0.145682949	0.037479938	0.025142787	0.002906978	0.08649057	0.040888665	0.123841084	0.094138185	0.021831855	-0.270333047	0.052722956	-0.030599737	0.066131927	-0.08074299	-0.042662982	0.141700513
UMARY	1710	-0.053377743	-0.159109443	-0.099596463	0.00052769	-0.155464063	-0.080673282	-0.020065413	0.019398256	-0.087912533	-0.271194638	-0.087281268	0.04153279	0.05270289	-0.161522566	-0.006429562	-0.080727347	-0.012685607	0.081450597	0.187182682	0.118616553	0.000708092	-0.05257414	-0.028431713	-0.050060267	0.29806974
UMARY	1712	0.006133541	0.129605523	-0.081383296	0.081414856	0.153681165	-0.249778101	0.067770351	0.040053646	0.038847277	-0.201215005	0.042624621	-0.084318799	0.140202343	0.030908839	0.013865259	0.203196269	0.109074974	0.051277874	-0.02514683	-0.071671745	0.026991479	0.091760236	0.051035443	0.131476782	0.181448931
UMARY	1713	-0.011128069	-0.138995811	-0.029802397	-0.054104248	-0.013959422	-0.129241143	-0.004959267	-0.086900686	-0.090882057	-0.215892811	-0.00161202	0.066047603	0.211431269	0.126594791	0.035654069	-0.040587612	-0.021074141	0.003670457	-0.101475345	-0.196181646	0.143005667	-0.032583514	-0.011613871	0.067261193	0.031902336
UMARY	1715	-0.004229027	0.198989383	0.093807318	-0.018042486	-0.103602366	-0.078820558	-0.120136516	0.165966724	0.033064552	0.164292376	0.03280705	-0.033295085	-0.086763775	0.015709106	0.015289354	0.038671303	0.095433035	-0.084243726	0.200731003	0.066105136	-0.175931388	-0.013877575	-0.119097189	-0.002304682	0.077433153
UMARY	1792	0.075672998	-0.15434768	0.05824187	-0.005034452	-0.03610029	0.493248198	0.068760406	0.168221238	-0.016534024	0.00628626	0.041234467	-0.216595173	0.39369203	0.163303649	0.058343945	-0.040003801	-0.036874266	0.103551364	0.058983804	0.043109194	0.01115994	0.0632621	-0.086462663	-0.001807512	-0.071321687
UMARY	1795	-0.005899181	-0.034497824	-0.064939216	-0.035521663	0.017945965	0.056101063	0.040297758	-0.036365996	-0.126126509	-0.150237051	-0.026454136	0.142773279	-0.126048644	0.104151842	0.023417939	-0.013082914	-0.062498519	-0.04705081	0.095846761	-0.067383574	0.174770059	0.023737922	0.021426358	-0.081910718	0.005185344
UMARY	1797	0.007275842	0.067069477	-0.080116768	0.143052603	-0.156974283	-0.038656643	-0.051263717	0.122341942	-0.253724041	-0.04377992	0.13372319	-0.246203226	0.19047308	-0.141216223	-0.089568181	-0.005526646	0.119582151	-0.067665837	0.113121857	0.335076526	0.170448025	-0.048496649	-0.182122217	-0.020819132	-0.076395809
UMARY	1825	-0.124639889	-0.109844876	-0.058531152	-0.06335343	-0.104083854	0.360506573	-0.108656605	-0.014529403	-0.022274296	0.04812561	0.016561085	0.051480481	-0.002313691	-0.09718087	-0.109549794	-0.090549555	-0.028685312	-0.029607483	-0.184507614	-0.005126171	0.043466252	-0.0414473	-0.051782496	-0.192373901	-0.024880168
UMARY	1827	0.078536378	-0.137336034	0.023032636	-0.062634758	0.014977194	0.837094551	0.034750966	0.161573419	0.01789646	0.07885071	-0.065135196	-0.303971771	-0.004189373	0.093783302	0.059143086	0.059514516	-0.093505517	0.041082816	0.386214883	-0.159699793	0.04598255	0.053193579	0.085262861	-0.236343765	0.148093285
UMARY	1830	0.056223283	0.194933885	0.002643289	0.107392178	0.099578632	-0.894888487	0.167744599	-0.083456742	0.121749911	0.171374126	0.081626976	-0.398578143	-0.381063845	0.14124793	0.116513605	0.193147866	0.134454015	0.075527575	-0.325838343	-0.076467556	0.228750975	0.158083271	0.219322213	0.337987822	0.049874944
UMARY	1846	-0.084775102	0.028612919	-0.160664164	-0.005556923	0.080250572	-0.311846014	-0.106998764	0.053177923	-0.088413761	0.269810961	0.014917929	0.27438363	-0.001714433	-0.001563543	-0.196708631	0.036975018	0.051090061	-0.067931938	-0.083396466	0.234529202	-0.098420732	-0.061729477	-0.003150588	0.120970491	-0.014360742
UMARY	1847	-0.087583514	0.062499197	-0.01330744	0.080600561	0.103724497	0.027798755	0.01090709	-0.022916806	-0.034090803	-0.288801775	-0.014597911	-0.445575246	0.206227196	0.036108879	0.065799821	-0.007705155	0.011593752	0.114966531	0.339365013	-0.281753725	-0.142993808	0.034165176	-0.026347606	-0.061275444	0.072445309
UMARY	1849	-0.017907874	-0.18754238	0.092627587	0.070248602	-0.040954597	-0.032594361	-0.076867576	0.201185595	0.154730941	0.17735064	0.021003198	0.113300114	-0.083751607	0.135017678	-0.150632197	-0.128345097	-0.12839023	-0.140118674	-0.194525304	-0.001167474	-0.200360156	-0.025036377	0.35251704	0.083309234	-0.133791833
UMARY	1862	0.105885401	-0.05852569	-0.007704813	-0.053148812	0.161555434	0.439727109	0.083288784	0.063274742	0.120406065	0.132729107	0.088954315	-0.086928062	0.084616074	-0.056520866	0.092947481	0.102583693	-0.023356516	0.12205531	0.07134577	-0.083628302	0.107206422	0.074564536	0.148918556	-0.095947806	0.025276428
UMARY	1865	0.04560875	0.172817703	0.097363765	-0.017661025	-0.048092777	-0.116093865	-0.034227234	0.048585339	0.012946074	0.138980302	-0.007592934	-0.01636005	0.243021054	0.025865831	0.013736823	0.071688451	0.015757135	-0.02512361	-0.065949229	-0.030140831	0.08697325	0.016096356	-0.330753265	0.177964956	-0.016499178
UMARY	1866	-0.060695332	0.039971182	0.002728193	-0.197584227	-0.054556518	-0.079884774	-0.162028497	0.022858495	-0.103651202	0.062010825	-0.119377525	0.168968093	-0.107912186	-0.076640873	-0.140680857	-0.144880401	-0.154389325	-0.109739763	-0.065089319	-0.184176397	0.08070874	-0.132318675	-0.154970577	0.094443189	-0.082289468
UMARY	1867	0.07924869	0.178420973	0.03644963	-0.019799495	-0.063740404	0.552135204	-0.045936064	0.155434046	0.03307195	0.212641433	-0.048153753	0.301890504	-0.057674632	-0.002746306	-0.046334154	0.011939333	-0.059865679	0.024520855	-0.01800533	0.087797986	-0.108339806	-0.055741235	-0.36693608	0.132235098	-0.23874392
UMARY	1902	0.152972266	0.202008148	-0.053975161	-0.051603	-0.044902499	0.392215197	-0.047322098	0.068742498	0.02745301	0.262866436	0.018650754	0.310073362	0.182936554	0.000128542	-0.008956422	-0.006178775	0.088097736	0.02587806	0.174467813	0.215636398	0.006259289	-0.010973207	-0.141983972	0.119227067	-0.010142792
UMARY	1903	0.124889865	-0.132514387	0.045440892	-0.006632308	0.220127958	-0.058645584	0.1022076	0.006422054	-0.027278415	-0.427924608	0.041028942	-0.017514178	0.229682631	0.028894761	0.117009943	0.09424765	0.008096442	0.163102801	-0.070083923	0.2122682	0.195156049	0.097934205	-0.062669182	-0.070837698	0.050642202
UMARY	1907	-0.083957098	-0.00090223	-0.218649972	-0.235861797	-0.119654375	0.436619861	-0.07186685	0.046431683	-0.112980808	0.191203713	-0.042022924	-0.004251209	-0.036323654	-0.143358167	-0.064248925	-0.057179099	-0.121362436	-0.082336252	-0.011774531	-0.248995392	0.136370811	-0.151133556	-0.32734479	-0.113687482	-0.209486977
UMARY	1917	0.066365789	0.121585902	-0.163404765	-0.082356782	0.036819748	0.282267799	-0.112713705	0.011761817	-0.083950251	-0.26268384	0.063524513	0.230485776	0.273319751	-0.056217487	-0.070590983	-0.084222627	-0.066049703	-0.095147017	0.096725938	-0.003129469	0.100242098	-0.013855958	-0.250785816	-0.139984602	-0.090285809
UMARY	1935	-0.044881578	-0.12820874	0.044633481	-0.121720082	-0.12613581	-0.213933469	-0.10069347	0.074722176	-0.128677114	-0.091549643	-0.140204328	-0.187470813	-0.295683879	-0.051019183	-0.080863856	-0.010735393	-0.08007574	-0.219523278	0.011229366	-0.09016282	0.013169057	-0.052430542	0.320485517	-0.171437929	-0.213969836
UMARY	1936	0.079778517	-0.369235144	-0.099084294	-0.075323657	0.017342291	0.864279998	0.149137587	-0.040730766	0.006717056	-0.268054065	-0.056427244	0.23112321	-0.005908184	0.081735054	0.038834173	0.077473882	-0.027011728	0.006962156	0.391794063	-0.232781631	0.045042391	0.033811739	-0.040880531	0.019534865	0.513755862
UMARY	1939	-0.469465044	0.742079904	-0.097008829	0.548707654	-0.702363188	-0.747275302	-0.545771444	0.033213615	0.161501314	-0.217303968	0.512587656	1.061935861	-0.162893955	0.074234332	-0.248901374	-0.480303648	0.644326513	-0.073550726	0.095953965	0.547154849	0.046074437	-0.102126757	-0.35303996	0.279276757	-0.104416423
UMARY	1940	0.031227351	-0.002325844	0.103663998	-0.057200365	0.063613236	0.679602201	0.151247416	-0.056926737	-0.057687603	0.150924752	-0.085722074	0.172926086	0.519826917	0.103024075	0.18992165	-0.011348433	-0.051131381	0.065725161	0.16825167	-0.046917326	0.025218922	0.059290053	-0.232228489	0.120887328	-0.159134014
UMARY	4263	0.02333701	0.183561555	-0.088581877	0.03194419	0.060479475	-0.673444167	-0.014309217	0.018186822	-0.207360768	0.067136225	-0.08044	-0.023906866	-0.328517691	-0.033444171	-0.146851075	0.079467997	0.004791635	-0.063442349	-0.222095491	0.323415572	0.092722521	-0.019579983	-0.51459194	0.594778324	-0.052503199
UMARY	4540	-0.23325196	0.27141869	0.063841119	-0.071793726	-0.172104853	-0.068925093	-0.197367312	-0.053176675	-0.040749538	0.00872547	0.010684346	0.204681398	0.190513775	-0.101171975	-0.177819068	-0.072951066	0.0647119	-0.179854205	-0.45464677	0.268895618	-0.147363219	-0.119828866	-0.228038984	0.112659367	-0.031505607
UMARY	4542	0.288559746	0.003878013	-0.030123373	-0.035145645	0.15817769	0.689014465	0.086992895	-0.060320929	0.123413139	-0.555063095	0.016396164	0.108644224	-0.371600024	0.077943114	0.089946807	0.059776357	-0.026104	-0.025092354	0.17614393	-0.109587151	0.25814383	0.072059785	-0.214648706	-0.363355175	0.010047954
UMARY	4543	-0.038469776	-0.000152383	0.166981274	-0.075215332	-0.107087956	0.14110548	-0.083545248	-0.064080687	-0.030955486	-0.264682519	-0.079428212	0.155595912	0.093710623	-0.126760454	-0.044910149	-0.101669211	-0.009715056	-0.031398999	-0.189860536	-0.078995648	-0.08946431	-0.027793056	-0.085726075	-0.045782896	-0.044529326
UMARY	4549	0.132987171	-0.169133439	0.221263401	0.024932948	-0.055572992	0.726448805	0.050608945	0.309310673	0.063868978	-0.140446257	0.016166973	-0.25441834	0.341093122	0.080130445	0.028486895	-0.031465749	0.058861343	0.052639315	-0.101658589	-0.040771946	-0.030774732	0.082332164	-0.110308545	-0.231714252	-0.07544337
UMARY	4590	-0.252433259	-0.088379245	-0.081568185	0.087765388	0.043719509	-0.049913782	0.166612396	-0.090158467	-0.291675197	-0.047457241	0.046936106	-0.121460322	0.137698904	-0.055533686	0.114665846	-0.128026451	-0.18207557	0.091060722	0.498838587	-0.131722831	0.036752098	-0.146947519	0.262913664	-0.070120305	-0.13123582
UMARY	4593	-0.005697926	0.002156412	0.0531525	-0.05761512	0.060639498	-0.290356884	0.00559987	-0.030016191	0.027475079	0.141998692	-0.171291425	0.148204977	-0.24678911	0.115712841	-0.068539764	0.061695234	0.027501716	-0.055672394	-0.210073354	-0.1088303	0.099200656	0.038846219	-0.047546272	0.080727261	0.063800842
UMARY	4598	0.037561698	0.018875117	0.112821812	-0.078809232	-0.061692483	0.405937332	-0.103093956	0.060211553	-0.000450017	0.034749734	-0.124525086	-0.018453142	-0.056196903	0.00373895	-0.006062689	-0.074827109	-0.103914171	-0.044985887	0.190164252	-0.006268485	0.094651915	-0.002940275	-0.305915509	0.106667124	-0.053449345
UMARY	4636	0.011414776	-0.17999614	0.048766379	-0.100640881	-0.059976463	0.464385237	-0.031924441	-0.001327422	0.033639737	0.015185163	-0.097867192	0.065539745	-0.079881825	-0.033102742	-0.065979103	-0.0282996	-0.141656494	-0.051604144	0.050953831	-0.077110883	-0.006338065	-0.089135796	-0.073452606	-0.313427336	-0.050609935
UMARY	4640	0.019056368	0.00842473	-0.022134071	-0.072700442	-0.089108081	0.170921741	-0.02985048	0.034783653	-0.0345395	0.013754191	-0.044068841	0.56518104	-0.257178657	-0.100296633	-0.058863212	-0.123520847	-0.058919284	-0.184270175	-0.301896078	-0.189771081	-0.047611473	-0.076223968	0.224947742	0.17683992	-0.14086233
UMARY	4725	-0.044236226	0.012533102	0.029330473	-0.02229741	-0.034570015	0.553219422	-0.093292107	0.04062622	0.069023717	-0.082181612	0.078000857	0.018571976	0.290023731	-0.056692396	-0.149768126	-0.050110065	0.13247804	-0.055778633	-0.092870312	0.057204814	-0.077978221	-0.02558428	-0.126330312	0.046273151	-0.032754855
UMARY	4726	-0.00028951	-0.307818833	0.06700871	-0.043950719	0.063918286	0.251684079	0.053239268	0.076895759	-0.005909415	-0.445606743	0.039713897	-0.182645617	0.152549107	0.030917008	0.08354846	0.035211237	-0.024982453	0.059049054	0.219920163	-0.083797731	0.105414919	0.072566264	0.192956171	-0.304559569	-0.018645768
UMARY	4727	-0.096495131	-0.208020681	0.068736334	-0.076521116	0.061836976	-0.423778945	0.079612155	0.038825888	0.17326539	-0.411316881	-0.087959013	-0.284487142	-0.201277313	0.097740808	0.14886012	0.012843281	-0.10297	0.04487402	-0.081651802	-0.162703419	-0.077455179	0.106413671	0.294109308	-0.450850644	0.046129816
UMARY	4729	-0.03125387	0.176230583	-0.230382011	0.111727148	-0.179024824	-0.620429104	0.015448191	-0.235563477	0.007685251	0.226750087	0.043889959	0.328511717	0.106439031	-0.060154315	-0.105867653	-0.006555847	0.20048148	-0.095633934	-0.206300909	0.203751357	-0.119437234	-0.103485009	-0.23189024	0.277501593	0.027594898
UMARY	4782	-0.032303677	-0.24325314	-0.02708333	0.047359694	-0.114487958	0.283518221	-0.07829605	-0.057163396	0.107653651	-0.552382004	-0.021106392	0.050124266	0.204756189	-0.108473774	-0.129982683	-0.045402826	0.058612705	-0.12823265	0.065698954	-0.13270587	-0.01931041	-0.162570158	0.149962034	-0.207217174	-0.139363737
UMARY	4786	-0.056471191	-0.165059776	-0.009590747	0.02030756	0.078875737	-0.269469135	0.030056761	0.060753243	0.06845395	-0.098283623	0.061290801	0.301192388	-0.524987463	0.093810932	0.070364659	0.039953851	-0.076987474	0.071931962	0.023876904	-0.063000355	0.018004899	0.013777615	0.186570156	-0.353735287	0.097876151
UMARY	4788	-0.308715633	-0.377088927	-0.180521106	0.144711241	-0.010537529	-1.119308989	-0.263329346	-0.134210465	-0.086198243	-0.284106607	0.008922752	0.251340838	-0.410204631	-0.114835129	-0.191652292	-0.210969303	0.124109324	-0.255641455	-0.034117615	0.422241191	-0.106395403	-0.110717781	0.890777412	-0.395091541	0.345170229
UMARY	4789	0.209861411	-0.257009455	-0.032547608	0.06598288	0.076160354	-0.774326964	0.254995507	0.058054001	-0.079236302	-0.436266956	0.030369003	0.31578801	-0.445044681	-0.013076645	0.111089323	0.194940688	0.088368568	0.02137617	-0.09459259	0.002474434	0.052638456	0.056023778	0.65451747	-1.146728337	0.856822738
UMARY	4841	-0.022025269	0.315915165	-0.095710254	-0.119653434	-0.068360529	0.268268765	-0.054222777	0.071295847	-0.205792597	0.701038225	0.018359059	-0.375676513	0.237410866	0.064871269	-0.085091927	0.004661189	-0.056167503	0.050991197	0.034045383	0.049260159	-0.112621716	0.00850053	-0.299651196	0.357161868	-0.068393509
UMARY	4842	-0.077752594	0.492154101	-0.12821352	0.157441283	0.019433673	-1.212349813	0.018818937	-0.131982856	0.038116002	0.727622539	0.093745364	-0.219250313	0.055880344	0.039303601	-0.01387376	0.00306798	0.406089437	-0.071919664	-0.448287584	0.332968376	-0.0854332	0.0036668	-0.120565153	0.511986268	-0.034906086
UMARY	4903	0.021665853	0.148058096	0.084013425	0.062616297	-0.013181231	0.321059089	-0.033632749	0.122196256	0.057496724	-0.425367543	0.119118513	-0.127492328	0.143179276	-0.07178887	0.095580633	-0.09853437	0.056237913	0.039856093	-0.069127558	0.133627115	0.043146931	0.007294418	-0.175303732	-0.301999308	-0.096451421
UMARY	4915	0.061609925	0.098565729	0.009567075	0.096579312	0.094581383	-0.18471576	0.102798027	0.012688599	-0.055381456	0.469064422	0.038854778	-0.064537541	0.102634462	-0.017036392	0.01261949	0.121910236	0.060687427	0.101414462	-0.041273103	0.139078852	0.014680757	0.058489583	-0.427358599	0.266214166	0.098018499
UMARY	4916	-0.08612851	0.143567822	-0.174651216	-0.042376853	0.003741877	0.521086504	-0.029682845	0.074767051	-0.172080721	0.311798582	-0.026221669	-0.193934156	0.214560034	-0.078591607	0.047900192	-0.018509706	-0.011567893	0.075527749	0.28315262	0.272858071	-0.010578378	-0.008373599	-0.244768874	0.191131519	0.050151782
UMARY	4924	0.002849561	0.05637657	-0.095213159	0.217413377	-0.119572415	-1.116622112	0.142545909	-0.086642743	-0.053034091	-0.781828518	0.242338233	-0.362546975	-0.191762343	0.152505552	0.070731834	0.112501181	0.271035327	-0.084958295	0.214657615	0.003747141	0.493098566	0.185464562	0.096369045	-0.466655069	0.2639002
UMARY	5024	-0.058177856	-0.048222925	-0.123948696	-0.05710832	0.100653535	0.218645291	0.030009451	-0.019782885	-0.05164044	0.386282765	0.096754635	-0.059469017	-0.279204319	-0.097400664	0.02487677	0.108813641	-0.070239282	0.016548852	0.439869099	0.058181894	-0.257808424	-0.013802395	0.653174367	-0.047443855	0.048647572
UMARY	5028	-0.051356616	-0.191275264	-0.004903718	0.008744774	-0.024236254	-0.117763102	0.02647483	-0.1552365	0.163717001	0.040423023	-0.082856431	-0.031832261	0.01197015	-0.00240102	-0.077012599	-0.005050956	0.024995295	0.004895777	0.090971882	-0.024618458	0.012980699	0.046397749	0.142415247	0.206609077	-0.196438386
UMARY	5078	-0.001465877	-0.033614789	0.113362905	-0.16299913	-0.068337607	0.468067878	-0.105455386	-0.017056283	0.038970973	0.113777119	-0.05486137	0.145513864	0.144086056	-0.039161074	-0.015331561	-0.137852637	-0.178310403	0.004105018	0.164307065	-0.136254699	-0.198727855	-0.108180322	-0.032206838	0.008592581	-0.056743428
UMARY	5079	-0.026429169	-0.032172313	0.09508383	0.005464645	-0.00517782	-0.001953194	-0.037165741	-0.080708716	0.018658621	-0.249005835	-0.018531019	0.152776719	-0.160160749	0.085269678	0.019440472	0.016062565	-0.068973239	0.032720551	0.152300565	-0.125730719	-0.104732613	-0.022928656	0.406978701	-0.089804913	0.000704081
UMARY	5081	0.037241878	-0.141688159	0.017145404	-0.002080072	0.050011783	0.655594698	-0.035328638	-0.081634335	0.023650282	0.028605195	-0.090268115	0.102986286	0.273012954	-0.140576253	-0.051410147	-0.071413977	-0.223979309	0.086065307	-0.06588373	-0.057649175	0.037739091	-0.030143299	-0.065042602	0.038642324	-0.0408073
UMARY	5086	0.358341098	-0.090723978	0.042644596	0.095743115	0.102792868	0.085022496	0.055053918	0.040338626	-0.009222764	-0.154812684	-0.05363714	0.159562192	-0.078257044	0.031302385	0.087108234	-0.010500077	0.004798883	0.070157829	-0.30672134	0.007893405	0.274258063	0.048964315	-0.10101191	0.122556432	-0.110174551
UMARY	5087	0.013621327	0.019311586	0.117072343	-0.001253978	0.157375735	-0.474420878	0.075143025	-0.001690793	0.078491424	-0.209150589	-0.025220619	-0.088007425	-0.008022355	0.085476046	0.07549502	0.157912502	-0.088870502	0.063920937	0.023213224	-0.198863009	0.108855824	0.085514185	0.194689862	0.210440823	0.101238082
