FID	IID	1	2	3	4	5	6	7	8	9	10	11	12	13	14	15	16	17	18	19	20	21	22	23	24	25
BLSA	745	0.468823374	1.264889891	0.092542045	-0.501159144	0.352973434	-0.348490448	0.555045971	0.203981794	0.543244012	0.605826288	-0.180814118	0.566796747	0.265771286	0.353715466	0.437843962	-0.600515853	0.076336764	0.416034395	0.018330416	0.142826767	-1.064780072	-0.432062751	0.599170292	-0.102966176	-0.051755007
BLSA	827	0.379084204	0.219394073	-0.080089577	-0.175831415	0.275123921	-0.623627422	0.560037122	0.308263751	0.110905611	0.44513152	0.636628759	0.61903823	1.423625716	0.060790018	0.004306546	-0.622006083	-0.106843721	-0.22949561	-0.097112931	-0.255867138	-0.032778264	0.400509799	0.376539041	0.309392394	-0.114172731
BLSA	1556	-0.223276925	-0.343963325	-0.062987318	0.152781587	0.058273297	-0.027275133	-0.099021132	-0.091040962	0.101625472	-0.084772972	-0.189804591	0.087407232	0.13816384	-0.137577472	0.147031809	0.160660367	0.196932442	0.172888915	-0.049388478	-0.0635609	0.02080965	0.446531939	0.111441552	-0.157094654	0.412300224
BLSA	1579	-0.439530082	0.188069369	-0.161417982	-0.218319446	-0.235243407	0.065175982	-0.35018362	-0.317331914	-0.094337971	-0.328192122	0.545507804	0.173154518	0.254549207	0.159040471	-0.245821836	-0.109666441	-0.162115763	-0.34487514	0.062326259	0.241312822	1.115014583	-0.105077294	-0.187840222	-0.109150827	-0.263867683
BLSA	1595	0.482887662	0.401235437	0.587322245	0.326471976	0.812913861	0.248279955	0.362079839	0.402504485	0.581302315	0.981621949	-0.724423538	-0.022744843	-0.708390908	-0.229497387	-2.99041197	0.341206869	-0.591718847	0.052422435	-0.12102274	0.484891267	-1.16444759	-0.424971559	0.154082269	0.255391348	0.273534977
BLSA	1603	-0.231456511	0.16260375	-0.031668521	0.028658407	-0.100781372	0.354892243	-0.166667468	0.240951252	-0.166450197	-0.230548985	-0.370868441	-0.646663566	-1.330625361	-0.227686309	0.156990172	0.2135419	0.131613218	-0.364600186	-0.069750313	0.155968707	-0.048517209	-0.264133459	-0.087809447	-0.060225169	0.115491449
BLSA	1640	0.180091901	-0.194730004	-0.043245894	0.089134231	0.133329841	0.104235961	-0.08974862	-0.03944042	0.072845139	0.074893593	-0.269645451	0.383132684	0.911638145	-0.108822819	0.149268197	0.247398798	0.065050683	0.160044897	0.016779825	-0.180384809	0.28076526	0.283245184	0.080150522	0.052808212	0.019865244
BLSA	1775	0.114913246	-0.379732391	0.012066864	-0.077328777	-0.121138242	-0.502554336	0.212797112	-0.057734972	-0.104881553	0.164988898	0.53251451	0.382363441	-0.17933066	-0.039847826	-0.054564544	-0.087719729	-0.468667355	0.319294871	-0.128859024	0.090350831	0.154101187	0.114440183	0.009008726	-0.12554418	-0.179617802
BLSA	1802	-0.221089357	0.097947928	-0.03762774	0.069947285	-0.144224843	0.165897605	-0.192450331	0.024249157	-0.122771524	-0.347846463	0.13724731	-0.562248878	-0.572200292	-0.17824222	0.499198664	0.131323362	0.004571713	-0.138605076	0.140995583	-0.167643865	0.153840126	-0.239282618	-0.118871052	-0.166984944	-0.323159709
BLSA	1805	-0.282662633	-0.055410263	-0.14212824	0.07124	-0.243324929	0.339834831	-0.193459353	0.175035859	-0.151702284	-0.25337816	0.343527125	-0.747550064	-1.041255189	-0.116496634	0.085430901	0.395632653	-0.075330076	-0.484644051	0.068477165	0.638197804	-0.007812021	-0.293090346	-0.17777649	-0.069384552	-0.034052423
BLSA	1838	-0.103020382	0.192845189	-0.030616872	-0.168794453	0.172062905	-0.01630435	0.044342313	0.049018106	-0.1225108	0.056748879	0.911366684	0.320364978	-0.171392656	0.166968618	0.221162395	0.003010237	0.236076936	0.241590682	0.130491011	0.121679894	0.681549883	-0.283795074	-0.061020608	-0.043147129	0.055158152
BLSA	1839	-0.075331137	0.121729147	-0.053397481	0.19268834	-0.29674307	-0.035730302	-0.191962155	0.038139219	0.034357626	-0.33247518	0.579569327	0.726718859	-0.701565798	0.036940911	0.426210249	-0.223601706	0.19350439	0.11894138	0.143807883	0.077503475	-0.56912639	-0.051625403	-0.053595267	-0.029635293	-0.180723083
BLSA	1840	-0.098137009	-0.037544484	-0.180750074	-0.01303405	-0.20474738	-0.222162404	-0.126382596	-0.15931911	-0.261669765	-0.153862969	-0.265566889	-0.512473613	-0.343683839	0.085036905	0.339756954	-0.016598803	-0.045036846	0.297714173	-0.082041749	-0.041168391	0.658538107	0.130442732	-0.081163809	-0.007108879	-0.219699455
BLSA	1883	0.009687048	0.234646039	-0.130327405	-0.108510702	-0.196714954	-0.215651905	-0.138627588	-0.209811159	-0.105327467	-0.218970772	-0.105692113	0.305673738	-0.149500646	0.172570106	0.192806344	-0.115829215	-0.233446986	-0.222550616	0.014174451	-0.35368125	0.323518019	-0.15624215	-0.11967743	-0.17368513	-0.109391734
BLSA	1889	-0.063173174	-0.041947774	-0.111403866	-0.148243921	-0.124835156	0.178946232	-0.243055412	-0.123220952	-0.182729372	-0.22367715	-0.186205803	-0.449646073	-0.653298235	0.011832778	0.37338009	0.065903165	0.137976287	-0.338482185	0.051033475	0.171855139	-0.001923505	-0.096196636	-0.150595744	-0.00094893	0.045308921
BLSA	1924	0.009827048	-0.013550365	0.084808617	0.013850658	-0.032614432	-0.163561614	-0.007125349	0.057337893	-0.193709009	-0.005436026	0.537648115	-0.404760657	0.219707014	0.313114061	-0.291959788	-0.200608746	-0.041446932	-0.390365139	0.220804833	-0.234749285	0.340921051	0.026350178	-0.081625497	0.090248543	0.003853461
BLSA	1961	-0.058753376	-0.683666726	-0.043040819	0.132477451	-0.020720384	0.164971263	-0.001930743	0.079033112	0.013641349	-0.140407721	-0.209681659	0.369409907	-1.059184677	-0.065388413	0.198408165	0.180746618	0.247836354	-0.327777371	0.270015655	-0.030481166	0.651025554	-0.007506222	0.039462797	0.093979898	0.108651751
BLSA	2000	-0.243379575	-0.355942622	-0.013778234	-0.092494653	-0.107059235	0.412159309	-0.038833833	-0.008692025	-0.016638575	-0.156759802	-0.481223985	-0.643787835	0.498474378	0.047958824	0.505668332	0.233422219	-0.029935384	0.175744863	-0.144618385	0.051665104	0.116253526	0.003491167	-0.111902298	-0.029316662	0.021147455
BLSA	2020	0.133226228	0.186626268	0.119590025	-0.129919259	-0.027171163	0.003406808	0.182531457	-0.199175166	0.019039061	0.178514184	-0.419092921	0.299130921	1.286881419	0.282597912	-0.183101949	-0.010740004	-0.051748833	0.246385056	0.112590548	-0.244564831	-0.301680047	0.24591441	0.051209974	-0.094129874	0.028871715
BLSA	2037	-0.05416492	-0.208910495	-0.054683935	0.123702723	0.032408293	0.095694344	-0.120153038	0.035601036	0.015943561	-0.105697234	-0.506559851	-0.124421143	1.166408195	-0.137475156	-0.106985007	0.162570118	0.065507232	0.402783159	-0.02594005	-0.081397636	-0.245641491	0.070555645	-0.147572992	-0.025435696	0.12506227
BLSA	2066	0.054090313	-0.107031394	-0.06434266	0.030090502	-0.229899987	-0.007397548	-0.125452279	-0.175148564	-0.083194834	-0.125377561	-0.090650703	-0.434241534	-0.767551919	-0.074604906	0.050654259	-0.020599523	-0.020249016	-0.46950031	-0.032250585	-0.161464103	0.39217478	-0.102074982	-0.014764591	-0.107984119	-0.120233184
BLSA	2069	-0.031567894	-0.567994481	0.058408957	0.064848764	0.013021802	0.139459154	0.006794594	0.144233219	0.047612252	-0.018273663	0.197848462	0.266808818	0.720438941	-0.244774088	0.413338278	0.073849115	0.309917866	0.092946293	-0.066658083	0.3803556	-0.276728294	0.127298374	0.018317962	0.245251873	0.231058453
BLSA	2093	-0.184978437	0.583637988	-0.163169821	0.149800954	-0.192570427	-0.044369814	-0.194778822	-0.302676186	-0.1232983	-0.200436395	0.046601772	0.043251383	0.310699864	0.130395309	-0.202765442	-0.248193525	0.025403239	-0.165166853	-0.137875281	-0.368916638	-0.078389996	0.103424879	-0.231874544	-0.159900307	-0.000634138
BLSA	2102	0.477890391	-0.663200754	0.449937687	0.187942942	0.427681626	-0.065828413	0.35620393	-0.074757454	0.188705253	0.418387865	-0.468229805	0.005286751	0.481622177	-0.260548149	-0.12584478	0.046814206	0.135812636	0.779271415	-0.294309485	-0.372727397	-1.096686847	0.503854003	0.186706853	0.415570254	0.157002879
JHU	384	0.184692472	0.08518165	0.23497955	0.002266315	-0.154526211	-0.503035679	-0.197764802	0.123626425	-0.011113332	-0.186744408	-0.00135613	-0.330019809	-0.694373406	-0.001273973	0.040151977	-0.190761031	-0.055496043	-0.355744915	0.450805075	0.295691715	-0.054571004	0.04882281	-0.11423427	-0.050235987	-0.144413618
JHU	705	-0.249929848	0.401635345	-0.100658626	-0.208946953	-0.203491918	0.157270092	-0.197431446	0.037192128	0.056674745	-0.021336146	-0.107755227	-0.602934403	-0.919312091	-0.099207642	-0.034058908	-0.14843701	-0.036248924	0.50111931	0.009059068	0.602311394	-0.408104841	-0.249148372	-0.03599824	-0.022318817	-0.225787774
JHU	710	0.045428023	0.103765648	0.052669527	0.134758079	0.109211571	-0.351283604	0.064769443	0.055225093	0.167408805	0.044187999	0.165888648	-0.341919896	-0.251468854	0.187078954	-0.077710051	-0.46202398	0.050921891	-0.074919365	0.059753045	0.412178886	-0.092152658	0.080737672	0.123748771	0.091186301	0.045275385
JHU	712	0.009967043	0.593954577	0.006826542	0.117329025	0.053849278	-0.204185032	0.068440824	0.073041811	0.022334729	0.059454031	0.862413496	0.524537852	-0.142280938	0.249939043	-0.001047364	-0.235180037	0.016865106	0.278019917	0.313790883	-0.350543855	0.311810116	0.036668324	0.082913476	0.014726443	-0.055071602
JHU	713	0.380067908	-0.101355622	0.046452408	-0.230086787	0.087808654	-0.074142914	0.404435898	-0.398634596	-0.437230525	0.128182421	-0.156856124	-0.261380772	1.424847888	-0.22386084	-0.104320098	0.234044344	-0.315585107	-0.646612705	-0.392382031	-0.309156473	-1.338289049	-0.116891086	0.067551958	-0.21119039	0.138172953
JHU	719	-0.168906119	-0.16271909	-0.027495391	0.235394803	-0.034285109	0.704241462	-0.244038305	0.13630741	0.198075987	-0.075956395	-0.17270912	-0.389928198	-0.811721154	-0.061192958	0.257160216	0.439093251	0.092913742	-0.117264991	0.057543013	0.750831479	0.244851408	-0.216621985	0.058089257	-0.076383479	-0.038134382
JHU	993	-0.066470773	-0.489192192	-0.107639994	-0.1686231	0.038292382	-0.451399087	0.265302873	-0.059973807	0.007870747	0.211136254	-0.447401054	1.251148512	1.573945435	-0.169410771	-0.00706191	-0.14682057	0.261244604	-0.408897068	-0.224755671	-0.262552908	0.959446218	0.354336744	-0.222072416	0.169223443	0.224706293
JHU	994	-0.134500471	-0.154053953	-0.143223308	-0.023763054	-0.090532658	0.666613072	-0.151717564	0.016393612	-0.073456809	-0.241803444	-0.014730739	-0.027417959	-0.32549994	-0.121354085	0.108186376	0.345622537	-0.042353597	0.379139932	-0.198020635	-0.643320994	0.208756871	0.056103949	-0.072480511	-0.043619401	-0.080742709
JHU	995	-0.000348234	-0.277216363	0.038089292	0.14167167	0.19367401	0.055921689	-0.011996922	0.016821923	0.069435653	0.082879689	-0.12749375	0.177914673	0.145863059	0.239282272	-0.181300238	0.164462496	0.027738329	0.445159886	-0.075792747	-0.495439244	0.168252939	0.005991944	0.112481976	0.128611887	0.135995453
UMARY	142	0.122965325	0.248278468	-0.00899647	0.01980478	0.082562412	-0.1663918	0.054832329	-0.065915646	-0.06934923	0.197842986	0.793955069	0.081571737	0.310405347	0.137210777	-0.364205475	-0.188334408	-0.052427566	0.34567636	0.098343491	-0.447318573	-0.288603057	0.131955197	0.002379257	0.006329183	-0.062485507
UMARY	602	-0.110644485	-0.084382944	0.003500256	-0.033424379	-0.058311869	-0.066704172	-0.054027542	-0.040852508	0.02029687	-0.126910399	0.081334406	0.998700297	0.18137906	0.13821674	0.391779213	-0.022797308	0.118189371	0.33602099	0.122286415	0.35717368	0.060425656	-0.081150604	-0.017242375	-0.096040093	-0.055146301
UMARY	604	0.050893485	-0.094811794	0.054550596	0.030725247	-0.037438993	0.347321462	-0.041570922	0.081320679	0.086845566	0.035901839	0.162546409	-0.044957429	-0.182682128	-0.098368268	0.018109088	0.110170527	-0.029177017	0.244514386	0.000479301	0.081585818	0.41111133	-0.178305681	0.051974743	0.082499237	0.019439623
UMARY	813	-0.003671147	-0.00996259	0.027772429	0.013971034	0.068809132	-0.380115109	-0.01663664	0.060511245	0.066510244	0.077551767	-0.134958766	-0.135605539	-0.134276294	-0.094634263	-0.021848616	-0.007082712	0.020881602	-0.512226396	0.017466008	0.086137623	0.137115219	-0.07280643	-0.004888669	0.056277026	0.039223442
UMARY	819	0.073727349	-0.05967462	0.066866396	0.020145037	0.092642692	-0.05062306	0.014073652	-0.051811644	-0.041978172	0.025508846	0.31207928	-0.081586435	-0.165620904	-0.042640306	-0.058307534	0.203926305	-0.101485052	-0.169946005	0.071492606	-0.265572217	-0.153751765	0.080749482	-0.013122001	0.008542605	0.052247974
UMARY	871	-0.065273706	0.173960895	0.023137228	0.001715546	0.075582672	-0.436578269	0.02199888	0.022018082	0.029379886	0.01901879	-0.00432666	-0.240441625	-0.327330854	-0.085681723	0.032877313	0.00747581	0.067911591	-0.415675062	0.083164059	0.96864501	-0.232438959	-0.13832734	-0.014664205	-0.007157713	0.036155608
UMARY	879	-0.067525865	-0.016299925	0.002120142	-0.050093038	0.021771141	-0.090059536	-0.000987296	0.062464445	0.024110332	-0.017984756	-0.300583395	-0.084638429	-0.098613864	-0.043692388	-0.065826688	0.219885496	-0.05043705	-0.182668653	-0.086236302	-0.310231751	0.340685709	0.006592894	-0.074403784	-0.122179587	-0.025347108
UMARY	880	0.271625863	0.291975748	0.139434289	0.147479702	0.102778246	-0.543510041	0.039945479	0.11733532	0.151812883	0.124824024	-0.471309274	-0.078334833	-0.185991277	0.258038916	-0.072911859	-0.301802244	0.221701222	0.183732445	0.308733291	-0.203784309	-0.329320627	0.098232883	0.218274959	0.200201545	0.151504432
UMARY	914	-0.075610945	0.227098909	0.031540928	-0.006746409	0.018823042	-0.038646742	-0.084728155	0.30557966	-0.072027318	0.02206964	-0.005766465	0.049968831	-0.28706493	0.07473849	0.063567842	-0.100417454	-0.057721963	0.300103501	-0.157662462	-0.509757629	-0.616648154	-0.094749674	0.02105856	-0.040113771	0.035416463
UMARY	933	-0.098088059	-0.218894462	-0.063497816	-0.024374228	-0.178186754	-0.067830136	-0.109527728	-0.136826663	-0.101420307	-0.210168756	0.043966966	-0.244188561	0.189546565	0.027900364	0.306086728	0.04190468	0.046814504	-0.38549449	-0.016967996	0.286313328	0.173928702	-0.010162673	-0.030348218	-0.033776034	-0.042763009
UMARY	1028	-0.05989283	0.025452295	-0.111943013	-0.100823716	-0.203534674	0.190699289	-0.009540697	-0.115345119	-0.242189936	-0.126986939	0.092006658	-0.250881424	0.001923552	-0.072007288	-0.105933993	0.097170066	-0.137644337	0.027655253	0.16313602	-0.17483192	-0.02016589	-0.146374598	-0.170720013	-0.160717415	-0.20145644
UMARY	1037	-0.167868701	-0.198222781	-0.10537136	-0.101624689	-0.110162647	0.442843654	-0.077621673	-0.219745634	-0.086112128	-0.193728737	-0.204227617	0.168994631	-0.187063535	0.016757664	0.074394742	0.16948235	-0.094643992	0.072370026	-0.192721336	0.585076739	-0.403428724	-0.208111731	-0.023265374	-0.034919045	-0.14769454
UMARY	1064	0.015615045	0.113051776	-0.020892914	0.042668153	-0.152919357	-0.202685036	-0.078941175	-0.07694505	-0.069086903	-0.077236512	-0.133407901	-0.198163665	-0.24839132	0.325137214	0.33362887	-0.022512362	0.114447696	0.046915121	0.05659322	-0.303908017	0.146736021	-0.003408732	0.002640725	-0.035430563	0.00838144
UMARY	1065	-0.004162093	-0.15828346	-0.022039476	0.054983568	0.040278266	-0.210650871	0.042077368	-0.026961436	-0.048438794	-0.220286366	-0.292071031	-0.206167754	-0.012983792	0.06279584	0.444848614	-0.242211804	0.26688297	0.190549905	0.174050817	-0.243610255	0.475358815	-0.195476932	0.006857368	0.107118083	-0.020406095
UMARY	1076	0.052153242	-0.362785408	0.037924736	0.075349009	0.079828842	0.349426445	0.065894838	-0.046117286	0.005748941	0.012468147	0.352252506	0.209010007	-0.009456689	-0.061284265	-0.063107876	-0.002572598	0.051682974	0.388173743	0.092147722	-0.084298538	-0.157679091	0.015973351	0.032555519	0.056766298	0.033339422
UMARY	1078	-0.132879307	0.69763511	-0.289643735	0.047968035	-0.179966051	-0.510503668	-0.228240931	-0.1955411	-0.165883784	-0.185031527	0.265918059	-0.651346765	-0.016560534	-0.098254019	0.325005734	-0.252769783	-0.030680877	-0.523039676	-0.22088805	-0.234214045	1.431430506	0.454261144	-0.009047456	-0.163107888	-0.193769116
UMARY	1079	-0.099315368	-0.022664901	0.06788192	-0.175001777	-0.118045826	0.152485816	-0.122680995	-0.106111332	-0.131091219	-0.067333004	-0.09850429	-0.015263057	-0.185910723	-0.204754873	-0.041648508	0.228791409	-0.166949578	-0.053345813	-0.057845396	-0.446012497	-0.031458282	0.013201533	-0.105785299	-0.068087101	-0.144177357
UMARY	1104	-0.026802918	-0.012126539	0.042158708	-0.007671382	-0.01123676	-0.115070605	0.021529228	0.043340141	0.044896001	-0.049658351	-0.272976983	-0.139349122	0.061010629	-0.100009783	-0.088828757	-0.018181878	-0.067796143	-0.061846923	0.093086919	0.315009869	0.173827548	-0.015166291	-0.028153278	-0.035779343	-0.014396912
UMARY	1105	0.074199818	0.121684411	0.069274926	0.061809163	0.117916884	0.62738424	0.091895503	0.064557972	0.08214435	0.123764913	0.498621285	0.144204657	0.088187536	-0.082177556	-0.302208654	0.16681345	-0.007073666	0.015182553	-0.208333058	0.054719621	-0.437726922	-0.050467775	0.12706771	0.036499952	0.11953529
UMARY	1114	0.051848855	0.142737273	0.023729406	0.110780805	0.052193275	-0.014814997	-0.083904463	0.010484458	0.133623825	0.017487899	-0.127156808	0.117341666	-0.207710384	0.024018574	0.057760653	0.064098079	0.101644715	-0.579862306	-0.112739186	0.62425178	0.280699065	0.102969535	0.099693184	0.004933751	0.046336981
UMARY	1133	0.024517544	-0.01673636	0.017000274	0.23504799	0.081992917	-0.257769505	0.056485293	0.02138812	0.186861295	0.050264081	0.287598033	-0.31561112	0.097855955	0.168067963	0.323184242	0.150041059	0.248717197	-0.44368054	0.0254325	0.314672895	-0.795805477	-0.326497247	0.163029062	0.152079464	0.095836286
UMARY	1134	0.0351662	-0.041476465	0.08027441	0.045289092	0.123417354	-0.00998618	0.050336693	0.048512623	0.099908196	0.025537707	0.243621055	-0.284184357	-0.327460431	-0.029596996	-0.037022828	0.130195579	0.034996895	-0.12359859	-0.03581164	0.280744497	-0.140469714	-0.0873252	0.045305322	-0.041021607	0.026256029
UMARY	1136	-0.014733892	-0.130480134	-0.060000738	-0.04018801	-0.090192202	0.388814585	-0.110840777	-0.051767628	-0.072096648	-0.092445637	-0.142458352	0.20102995	-0.211121119	-0.081268815	0.060051271	0.317392308	-0.075535381	0.303915005	-0.015587246	-0.086829082	-0.246886632	0.020249354	-0.019509155	-0.006594713	-0.026796261
UMARY	1158	0.04591991	-0.017626978	0.025702737	0.060084674	0.035287264	0.130287453	0.065351542	-0.108563993	-0.027129174	0.047999667	0.159232205	0.390859126	0.223701466	0.104343389	-0.182743857	-0.019821405	-0.030944894	0.190360394	0.087575286	0.254352947	-0.72924517	0.072538257	0.084722127	0.083104164	0.007774218
UMARY	1170	0.043077837	-0.037670086	-0.03719837	-0.009580445	0.047127466	-0.054067113	0.077467881	-0.046476905	-0.002686015	0.049630696	-0.236862565	-0.050289809	0.126762012	0.129700526	-0.05797354	-0.113870891	0.021176543	-0.274148021	0.093729011	0.283993565	0.099016474	0.109295657	0.057216267	0.072542899	0.018670675
UMARY	1206	-0.017847396	0.176682802	-0.000500102	0.030694665	0.074104317	-0.311289942	0.002669359	-0.061080366	-0.087498071	-0.019094503	-0.056117562	-0.133982995	0.27665561	0.356746549	-0.111315716	-0.202896366	0.006237742	-0.123670822	0.038487804	-0.479658107	-0.001774937	-0.028827435	0.081594132	-0.013663636	-0.021358193
UMARY	1209	0.05221074	-0.131131168	-0.008575625	0.016104718	0.134658249	-0.318907283	0.139637592	-0.006904066	0.048597229	0.015585226	0.117556874	-0.13712982	0.122171701	-0.20554163	-0.238174456	0.024312736	0.008222667	-0.125187106	-0.023847657	0.383123559	0.210898352	0.098167942	0.085608892	0.079611262	0.033622498
UMARY	1226	0.048509777	0.543494622	0.047600972	0.031415201	0.065351841	-0.001397777	-0.03915188	0.073524997	0.031771092	0.088634762	0.141975068	0.091799184	0.068428485	-0.010507939	-0.046607369	0.10468041	0.029784684	-0.690679646	-0.398353417	-0.012073651	0.451759198	0.146323173	0.035724432	-0.018091968	0.068422921
UMARY	1230	0.011914754	-0.199600626	0.053342217	-0.012372815	-0.046746125	0.172865232	0.022254417	0.052237513	0.065620141	0.086193221	-0.117137343	-0.189809943	-0.030408383	-0.036046599	0.144699883	-0.134515849	-9.56E-05	-0.020674257	-0.139097219	0.704425092	-0.327247996	-0.142435113	0.00417974	0.069729079	0.024523968
UMARY	1260	0.204416454	0.152257307	0.172702781	0.096824819	0.211501965	0.000628928	0.133662192	0.119912199	0.181173295	0.127310334	0.13249618	0.139425289	-0.389667562	-0.247123088	-0.160909101	-0.070820551	0.109948265	-0.044008192	0.024697251	0.087487704	-0.428620814	-0.146408263	0.12043492	0.143708945	0.166947233
UMARY	1326	0.173445793	-0.357804637	0.041386095	0.013559363	0.043644146	-0.186683193	0.02628791	0.110035054	0.075516844	0.067573707	-0.194494927	0.291255771	-0.219077477	-0.083238832	0.070259795	0.013878396	0.022115194	-0.155223731	0.037868699	-0.145429307	0.005702101	-0.12557929	-0.014780649	0.035747583	0.062433011
UMARY	1454	-0.072593322	0.112456936	-0.068667601	0.098528595	0.055422794	0.03116044	-0.006919831	-0.065648694	-0.015208984	-0.042949362	-0.188982921	-0.043021683	0.156429697	0.326586322	-0.084548819	0.031209078	0.071059645	-0.143616999	0.189586515	-0.07804785	0.034355977	-0.020207698	-0.027913458	0.027165307	-0.013950907
UMARY	1465	0.028459232	0.279967255	-0.055335118	0.005723933	0.047878196	0.049905293	0.115443276	-0.041204556	-0.059193803	0.032854638	-0.008127017	0.167859953	0.257405639	0.047116718	-0.210405075	0.030998178	-0.098064187	-0.181451091	-0.060174771	-0.498847049	-0.246858323	0.15885051	-0.038349288	-0.075418911	-0.020827015
UMARY	1486	0.204354471	-0.149244914	0.042526604	-0.071176222	-0.113754772	0.014610137	-0.055438039	0.073385423	-0.043315941	-0.099037209	-0.224478667	-0.092195156	0.083332632	-0.051236026	-0.080938711	-0.028858132	-0.148585155	0.178697762	-0.022277145	-0.177041805	-0.099842124	-0.103495195	-0.127282831	-0.007999506	-0.045985717
UMARY	1498	-0.132617289	0.049013196	-0.067887943	-0.04847522	0.049641673	0.05622256	0.021705854	0.091663733	-0.039302337	0.009184009	-0.069192507	-0.095504785	-0.169232984	-0.134877603	-0.093783091	-0.122880079	-0.016441065	0.274569265	0.013781192	-0.257356158	0.036479915	0.02079008	-0.101743049	-0.07836426	0.03760046
UMARY	1502	-0.079856291	-0.233396897	-0.049705629	-0.098973154	-0.090114304	0.093482725	-0.144787213	-0.047347168	-0.063668181	-0.066630958	0.022831058	0.820098677	-0.003892062	-0.004067946	0.041752633	0.153825974	-0.090409127	0.009259963	-0.016627977	-0.068186648	0.12767405	-0.139501933	-0.028814479	-0.156899749	-0.06477097
UMARY	1535	0.013503971	-0.322800179	-0.031772402	0.069878762	0.032151725	0.447074898	-0.01600693	-0.111971174	-0.005483318	-0.09198428	0.097290783	0.017681354	0.157966113	0.05230945	-0.20507286	0.084059374	-0.020695894	0.369330356	0.044496237	0.13785594	-0.290940891	0.112613501	0.026032761	-0.062564278	0.071314197
UMARY	1540	-0.090260982	0.478381907	-0.14746921	-0.086206504	0.032220669	-0.153603957	-0.150581437	0.261896689	0.079893658	0.00106269	-0.341900069	-0.123074423	0.054986198	-0.001978138	-0.077255454	0.037387247	-0.180850073	-0.624652463	-0.174805091	0.684334498	-0.143307208	0.098414839	-0.000419198	-0.056055157	-0.050739937
UMARY	1541	0.055862445	-0.076374214	0.077643411	0.077891948	0.120094058	0.370185385	0.058656565	0.029644612	0.049399609	0.089081764	0.106476184	-0.051228023	0.041881904	-0.040703651	0.010517984	-0.08367751	0.021882509	0.114003817	-0.013749333	0.011864311	-0.223671773	-0.095767733	0.131602568	0.082441366	0.155396763
UMARY	1544	-0.062587705	0.098142443	-0.053068194	0.030606239	-0.04706633	0.303539484	-0.083877416	0.003874528	-0.051365705	-0.021859379	-0.074941385	0.083786209	-0.009865555	0.039213243	-0.138314141	0.041836424	-0.055047616	0.010202265	0.057162061	0.161193586	-0.025689108	-0.103095455	-0.086704604	-0.138438188	-0.140148375
UMARY	1545	0.010155134	-0.356445383	0.099116915	0.262031932	-0.005017768	0.805162453	0.016160222	-0.034045533	0.089138993	-0.023678393	0.380173363	-0.088860308	0.085898326	-0.094179208	0.2777492	0.479048891	0.060274004	0.268952001	0.028847457	0.440890371	-0.179701435	-0.245771547	0.158885236	0.108377913	0.086655338
UMARY	1568	-0.101092744	0.16146503	-0.118032105	0.041323677	-0.014890001	0.397079331	0.018959546	-0.142341744	0.003407671	-0.081657505	0.081556725	0.177255921	0.170751533	0.262561062	0.037676512	0.107846579	0.042776038	0.022120719	-0.132847229	0.030083084	0.076032894	-0.143348922	-0.011983654	0.065187455	-0.023656872
UMARY	1570	-0.034995634	0.091175246	0.032023671	0.012463221	0.035615516	-0.408931576	0.053312083	0.170600016	0.047675845	0.097071628	0.096375246	-0.05932271	-0.125013901	-0.024577318	-0.085247465	-0.013562959	0.012046124	-0.127064542	-0.003577769	0.164009194	-0.072221444	-0.102112263	-0.0059309	-0.038503933	0.043222017
UMARY	1571	0.029256077	-0.107379569	0.064524674	0.086992321	-0.07666632	0.651381681	-0.026884155	0.2540111	0.071615998	-0.034918351	0.128275953	-0.04791957	0.144723574	-0.022897321	0.228640869	0.410184257	0.124675269	-0.124311693	-0.034231632	0.380151132	0.043252323	-0.311688574	0.006489092	-0.115817914	-0.01423169
UMARY	1578	-0.05466817	-0.097773168	-0.09037337	0.022858722	-0.16871489	0.610765696	-0.14869488	0.099039239	-0.029224931	-0.084649569	0.195291864	-0.489718017	-0.255118532	-0.119237227	0.039714735	0.245936297	-0.074432039	0.216669455	-0.116930403	0.468959234	-0.012825841	-0.156449129	-0.072560709	-0.092639232	-0.026560191
UMARY	1583	0.058046813	-0.012515809	0.098648453	0.096977488	0.144015462	0.08961415	0.038819277	-0.075099254	0.031789803	0.095519136	-0.379738128	0.248935992	0.308730076	0.164440421	-0.137164156	-0.222535964	0.102184987	0.556233899	0.2352841	-0.296606422	-0.247814653	0.224165052	0.141303024	0.059007847	0.212173404
UMARY	1584	-0.123120434	0.163344996	-0.097238993	0.093928047	-0.108746239	-0.040202158	-0.035458109	-0.034965716	0.031902924	-0.013362211	0.213317139	-0.32016633	0.100666957	-0.157523638	0.171491942	-0.004651503	0.106707402	-0.313712829	-0.052028918	0.02656752	0.556338069	0.074308021	-0.010223008	-0.060983391	0.014675132
UMARY	1611	-0.258086472	-0.034349159	-0.163223924	-0.182299795	-0.299112031	0.04423394	-0.178764014	-0.056188797	-0.174734755	-0.195368207	0.18493222	-0.092967422	-0.151842027	0.117619473	0.465988093	-0.051155556	-0.030613224	0.072020747	-0.023538693	-0.45385968	0.321067454	0.09643197	-0.200218993	-0.124110757	-0.095885586
UMARY	1612	0.069388817	-0.160450004	-0.02620933	0.174321934	-0.143906909	-0.640533132	0.066801505	0.082715005	0.040504069	0.072673694	-0.316859337	-0.096705918	-0.630599753	-0.075281773	0.284927985	-0.254030673	0.094722648	-0.29870834	0.057944079	-0.133321302	0.407660163	0.38539374	0.041803327	0.114007475	0.014251855
UMARY	1613	0.061838044	0.39945928	0.02694884	0.028623245	-0.065159179	-1.14413662	0.110099773	-0.042358749	0.108302468	-0.050920683	-0.470298125	-0.263023029	-0.028908552	0.096323733	0.095154311	-0.57966073	0.078633161	0.191183733	0.047218282	-0.153209526	0.027543149	-0.096732281	0.04624036	0.065229218	0.028824851
UMARY	1614	0.032624016	0.140783663	-0.010746144	0.033682054	-0.05869329	-0.20658974	-0.040891902	0.01714678	0.035527557	-0.118639343	0.050470902	-0.413560936	-0.351615131	-0.00838125	0.02926745	-0.350622387	0.168219082	0.30134786	0.14714058	-0.219690076	-0.920145826	-0.17813524	0.068016293	0.111250206	-0.036619304
UMARY	1648	0.054351361	0.359572342	-0.020516137	0.044452336	-0.003629439	-0.011473254	0.100678517	0.083924777	0.10638577	0.030537295	-0.198575705	-0.384274424	-0.337080992	-0.076081971	0.167803387	-0.159295016	0.094705348	0.187896537	0.007079896	0.097459305	-0.123079305	-0.048680236	-0.021249259	0.028792624	-0.049111724
UMARY	1652	0.130148924	0.245534341	-0.050582888	0.072704343	-0.092454533	-0.994834516	0.157631477	-0.090244496	-0.060041093	0.102081332	-0.362193692	0.156213108	0.078447626	0.258241018	0.00121411	-0.357697781	0.072818164	-0.081784977	0.283345109	-0.398036094	0.133410413	0.19544472	0.059467619	0.076250901	0.032200306
UMARY	1668	0.0161091	-0.256302966	0.028028141	0.126846431	0.132661212	-0.150893963	0.083711165	0.00717983	0.085977666	0.114137283	-0.040891676	0.208339776	-0.077520573	0.107469277	-0.10999276	-0.235192678	0.066112515	-0.241361382	0.171497076	-0.028637644	-0.621197602	-0.010825115	0.066279111	0.018223381	0.089319587
UMARY	1710	-0.03928537	0.141642092	-0.059155633	-0.164943134	0.032503066	0.137478529	-0.023118132	-0.184002885	-0.099465601	-0.001413158	0.230388123	-0.026339678	-0.12407879	0.021601999	-0.086435771	-0.126566068	-0.003385603	0.324003817	-0.228395945	-0.244120687	-0.194855916	-0.003428547	0.114907887	-0.119410439	-2.25E-05
UMARY	1712	0.018252653	-0.275164197	0.006713668	0.040628387	0.102192179	-0.006405722	0.08191624	0.028178623	0.149193663	0.135457604	0.255812047	0.198390231	0.100540061	-0.063241424	-0.065925642	0.079819904	0.035903396	0.000373171	0.094190485	0.461658425	-0.217122827	0.037061761	0.043088239	0.043527205	0.124959431
UMARY	1713	-0.129561641	-0.131920858	-0.040735741	-0.111878494	-0.071702572	-0.044554604	-0.035145892	0.029871028	0.034210781	-0.01763806	-0.14392907	0.177495936	0.111354623	0.056251144	0.006344432	0.055338833	-0.03615863	0.490567678	0.190311876	-0.53376818	0.254711532	0.200126741	-0.010504581	-0.075653752	-0.057081796
UMARY	1715	-0.068937479	0.026474901	-0.021254906	-0.068811463	0.029321742	-0.197797596	-0.009130343	0.000163937	-0.019400922	0.121219543	-0.009219572	0.330602806	0.254820768	-0.044610845	-0.120353912	0.10628795	0.003925342	-0.037508122	-0.013235367	-0.304406615	0.174968737	0.032775712	-0.054083739	-0.044176615	0.071712881
UMARY	1792	-0.000593527	-0.050556247	0.048463287	0.036846931	0.069864903	0.453965654	0.031114714	0.155305074	-0.050815847	-0.026305241	0.010584442	0.012910481	-0.179648666	0.007163129	-0.006132254	0.136439636	5.99E-05	0.029860058	0.215204521	-0.048538271	-0.326341896	-0.174504312	-0.005658927	0.035288515	-0.032208384
UMARY	1795	-0.060634675	-0.00536139	-0.023133335	-0.041606399	-0.027836781	0.246908796	-0.066717069	-0.053581203	0.004618043	-0.018840867	0.155916346	0.391465832	-0.086802906	0.058451998	-0.055361371	0.100377812	-0.064212378	0.154068139	0.018975208	-0.247873073	-0.276750961	-0.022858073	0.053722992	-0.05850856	0.079353332
UMARY	1797	0.273838716	0.086640632	0.129713296	-0.104910544	-0.047796445	0.221529283	0.143808079	0.003010852	0.02596938	0.09812069	0.08404494	0.106244829	0.069639051	-0.02405369	-0.256516471	-0.173527599	-0.078124018	0.407501239	0.027155019	-0.399023971	-0.160262849	-0.067304292	-0.114196394	0.060997666	-0.024585018
UMARY	1825	-0.051306538	-0.243631684	-0.012387152	-0.044589715	-0.055522668	-0.053861986	0.065663493	-0.056952665	-0.042530255	-0.018061182	-0.019604142	-0.278306834	-0.23925121	-0.03281591	-0.005410287	-0.017598056	-0.062537862	0.326884309	-0.180527567	0.432330481	0.064387898	-0.046889145	-0.080487449	-0.07755585	-0.070987743
UMARY	1827	-0.156300337	-0.080809318	-0.038837047	0.03430876	-0.050062919	0.587135173	-0.019549467	0.166959849	0.095277307	-0.057026457	0.123764733	0.014328812	-0.3487018	-0.127965085	0.17791725	0.325872758	0.082796279	0.179877974	-0.041635963	0.024704954	-0.204888397	-0.15552671	-0.069046398	-0.011377939	0.030033218
UMARY	1830	0.082055293	0.084608826	0.090905933	0.137721439	0.241402618	-0.012113936	0.099992054	0.009379801	0.232885012	0.129861505	-0.304586204	0.089571798	0.019620497	0.207192792	-0.112613219	-0.168150079	0.129620351	0.041782461	0.088737311	-0.080145476	-0.247656308	0.011494266	0.097626484	0.094599078	0.149300095
UMARY	1846	-0.025970729	0.12109205	0.032233185	-0.032109595	0.088294709	0.175069636	0.064362388	-0.062706189	-0.01329266	0.092842402	-0.407317607	0.358066766	0.066024075	0.039338904	-0.239237688	0.021114532	-0.052437982	0.156774631	0.007217388	0.48592165	-0.098318495	-0.050290734	-0.063555273	-0.028593086	0.027909667
UMARY	1847	-0.111335592	-0.056461805	-0.084759524	0.053881789	-0.078239236	0.651340662	-0.025959803	-0.05373598	0.019751192	0.020542633	0.323984234	-0.067222118	0.53621549	-0.033798708	-0.011372498	0.143473035	-0.023852102	0.323905785	-0.140864797	-0.266353547	-0.147758619	-0.166456428	0.059363424	-0.058393334	-0.087120039
UMARY	1849	0.023541006	-0.0241273	0.003918572	-0.090933729	0.004919814	0.259347185	-0.176783576	-0.06194095	-0.021787138	0.009505401	-0.219143955	-0.212309129	0.013592877	0.109355318	0.055486057	0.394554277	-0.042620173	0.404146878	0.019296023	-0.261146368	0.963953021	0.084846554	0.015371163	-0.042685857	-0.061767638
UMARY	1862	0.010339625	-0.035533562	0.014226273	0.128415387	0.09963829	0.550528586	0.023506054	0.148292107	0.143632311	0.005520417	0.064198565	0.792176875	-0.108710108	0.143688328	0.002557821	0.04387108	-0.009089713	0.468432676	-0.062665207	0.27976193	-0.462522025	-0.167000257	0.051410464	-0.008725455	0.062262672
UMARY	1865	0.019919373	0.203103927	0.111780194	-0.003834176	0.029160319	-0.249504	0.03590557	-0.093549299	-0.02372515	0.01909663	-0.28118667	-0.042414229	-0.067696728	-0.051406847	-0.091058727	-0.182849896	-0.033980255	-0.229115581	0.177448576	0.397043953	0.475011745	-0.034727705	-0.029179817	-0.011920397	0.007498904
UMARY	1866	-0.111034308	0.010061841	-0.078000321	-0.129436818	-0.083373115	-0.125262984	-0.148695793	-0.151189049	-0.097306582	-0.129407322	-0.003789644	-0.079241267	-0.184902871	0.078245611	-0.172347902	0.007684907	-0.116783131	0.333297798	-0.156381697	-0.477402292	0.357886727	-0.04049783	-0.124038588	0.000552805	-0.130656851
UMARY	1867	-0.00554654	0.266551457	-0.050128212	-0.056387134	-0.052595097	-0.443619648	0.001017265	0.133513542	0.017816558	0.021272129	-0.076118387	-0.212413508	-0.403911593	-0.167409451	0.169761204	-0.028127998	-0.09358773	-0.039718829	-0.154648161	0.354873099	0.084390653	-0.216296014	-0.107356397	-0.115355261	-0.055551219
UMARY	1902	0.117246517	0.124679422	0.064650351	-0.051965627	0.053469734	-0.628085221	0.070414613	0.013536675	0.019077396	0.054564619	-0.060822071	-0.141352523	-0.301222159	-0.206359517	-0.118824535	-0.169679143	-0.022653117	-0.39564858	0.093482329	0.071950251	-0.024358549	-0.172594555	-0.01214547	0.022933653	0.029898344
UMARY	1903	0.043252229	-0.085841813	0.044178273	0.098974177	-0.004814659	-0.250582389	0.067523476	0.167783329	0.038384661	0.030372906	-0.088274891	-0.00432722	0.149673127	-0.208960354	0.03269876	-0.107257245	0.016387069	0.299151118	-0.085427628	-0.400350709	0.187528099	-0.125568075	0.019176136	0.014558433	0.033607137
UMARY	1907	-0.149381102	0.068915292	-0.11101291	-0.133606115	-0.088391413	-0.021416623	-0.186924611	-0.106895781	-0.077273861	-0.165887012	0.413346612	-0.452495791	-0.628189308	-0.056356723	-0.181763681	-0.083650875	-0.065554653	-0.809683441	-0.076257463	0.891863559	-0.541070641	0.065512441	-0.086926732	-0.139763609	-0.143184018
UMARY	1917	0.028940588	0.23024224	-0.083879188	-0.102754742	-0.063473746	0.38916567	0.006100774	-0.100802951	-0.135380604	-0.142676309	0.225620906	-0.010269076	-0.248195397	-0.016921456	-0.095049222	-0.042649678	-0.009029622	0.448068899	-0.139759226	-0.428060326	0.455836552	-0.07629324	-0.087777094	-0.035970179	-0.048248549
UMARY	1935	0.001738274	0.113247866	-0.080420683	-0.111463624	-0.202214875	0.158588647	-0.125045454	-0.181154618	-0.219556559	-0.099437246	-0.170206585	-0.048349942	0.32957947	-0.215564436	-0.18167258	0.149472149	-0.088386567	-0.407153417	-0.059892774	0.154019154	0.198510686	-0.090255814	-0.022690816	-0.033494624	-0.154342645
UMARY	1936	-0.20133593	-0.127248646	0.002076945	0.045159388	-0.02001753	-0.138817358	-0.060246825	0.055054279	0.040229805	-0.058765441	0.366939116	0.479055516	-0.179417836	-0.14630339	0.049238811	0.359454348	0.147525397	0.016344084	0.035408894	-0.347302932	0.602265241	0.519519398	-0.100400902	-0.004845028	0.07079726
UMARY	1939	0.333494416	-0.89663451	0.722963717	-0.766571044	0.880620545	-0.293212468	0.234845829	0.002258173	-0.051876265	0.582676987	0.260968454	0.417179992	0.817170551	-0.016927996	-0.478989096	0.117363145	-0.622379203	-0.429228708	-0.028779363	-0.082550028	-0.338664483	0.36428759	-0.136560639	0.248075265	0.180758019
UMARY	1940	-0.126240593	0.313028072	-0.097359685	0.161126009	0.020611745	0.134827637	-0.070786141	0.26532592	0.014833789	-0.023772457	0.288624686	-0.083481762	-0.513208242	-0.061485367	0.066131347	-0.228032868	0.080647957	0.209283378	0.129434598	-0.077280183	-0.016758303	-0.224249775	-0.004483519	-0.043881423	-0.074231319
UMARY	4263	-0.014273951	0.316836867	-0.003493271	0.066287097	0.016488928	-0.250270857	0.059113372	0.0260064	-0.06354506	0.116209713	-0.762841741	-0.004269045	0.577891406	-0.051804037	-0.156482631	-0.286512788	0.060499659	0.356434109	-0.266636666	-0.287485118	-0.602305914	0.123054007	-0.036004523	0.043226085	-0.038325752
UMARY	4540	-0.024975186	0.008612177	-0.019954352	-0.141037971	0.025808383	-0.311782187	-0.024878529	-0.027603952	-0.078690573	0.053699256	-0.169432307	0.086978921	0.440581829	0.075159667	-0.159108796	-0.034542138	-0.159825573	-0.634442909	-0.241318736	0.155818876	-0.022550106	-0.188835897	-0.090667513	0.033878381	-0.067258588
UMARY	4542	-0.077631011	-0.125137847	-0.027327497	0.066534573	-0.097458627	-0.455383607	0.050398073	0.050353113	0.068329667	-0.024660924	-0.418077505	-0.311761216	-0.216659874	-0.015305182	0.109962396	0.011512707	0.067233099	-0.433282561	0.012793665	-0.187962599	0.432287611	-0.033153964	0.047446635	0.000206561	0.022090366
UMARY	4543	-0.052730377	-0.086492479	-0.003760596	-0.101781496	-0.040431673	0.033621743	-0.072051711	-0.02286202	-0.003850463	-0.01824082	-0.179928205	0.004583097	-0.071863017	-0.009517458	-0.052539533	0.066285839	-0.111190893	-0.085771731	-0.047554055	-0.446471913	0.904684046	0.091137172	-0.034227063	0.00041322	-0.069313747
UMARY	4549	-0.010020044	-0.116669194	0.034138042	0.002136529	0.000466393	0.0186714	0.072229453	0.207060553	0.003771424	0.092353709	-0.017803991	-0.483590997	-0.552017624	-0.162609543	0.08622164	0.027749503	0.020591424	0.196170503	0.151107499	0.15127324	0.000490976	-0.2476031	0.044883983	0.064585525	0.056836984
UMARY	4590	0.096771562	-0.10809155	-0.051099347	-0.027695262	-0.18872107	0.350764167	0.033670372	-0.209942461	-0.163387408	-0.16077301	0.149732171	-0.135186317	0.401407602	-0.136179508	0.469011958	-0.022527134	0.110243779	0.411809153	-0.062877855	-0.055393813	0.322341751	-0.088300886	-0.127427207	0.049602235	-0.108398226
UMARY	4593	-0.0792137	0.065734872	-0.053837992	-0.056340716	0.045450891	-0.190917743	0.080185793	-0.023270673	-0.007152012	-0.012719669	-0.123690316	-0.236934358	0.416279286	-0.016021509	-0.006615559	0.181283286	-0.057575437	0.007612403	0.044301953	-0.321574804	0.052425186	0.098994377	-0.017253321	0.040197765	-0.022005942
UMARY	4598	-0.032202527	-0.110152384	0.003184494	-0.032671008	-0.083116756	-0.193522023	-0.075510538	0.090271586	-0.013446116	-0.073918447	-0.051122641	-0.139874676	-0.156448312	-0.113255559	0.012513569	0.157528048	-0.059451025	-0.203283487	0.015777226	-0.290017433	0.261779544	-0.092169247	0.006588569	0.045940248	-0.054829496
UMARY	4636	0.019762163	-0.343744993	-0.027042401	-0.123976939	-0.162283537	0.225832255	-0.106059457	-0.011993075	-0.071107301	-0.053615145	-0.133414232	-0.234178639	-0.474635739	0.003523179	0.083828805	0.00688161	-0.064952188	-0.297552808	-0.071506478	0.067575802	0.180685892	-0.054147536	-0.058776449	-0.065333797	-0.045515327
UMARY	4640	-0.129111124	-0.204636459	-0.10476741	-0.046959868	-0.04931583	-0.320510949	-0.104078221	-0.047834299	-0.001643806	-0.105509429	0.018856369	-0.369946787	0.184831664	0.094593106	-0.150171449	0.093130227	0.008696794	-0.045367449	-0.104517918	-0.299428315	-0.143402077	0.00696488	-0.150251783	-0.034383498	-0.136101022
UMARY	4725	-0.061032796	-0.017784499	-0.024132127	-0.222352908	0.071332145	-0.139494025	-0.077935056	0.007281707	-0.051355216	-0.051651662	-0.304959744	0.0857075	0.245061933	-0.107681469	0.029268874	0.111687855	-0.049070093	-0.394464355	-0.042097696	0.139067771	0.366838171	-0.206628726	-0.157013841	-0.104912755	-0.060909005
UMARY	4726	0.061389792	-0.402691519	0.029641725	0.087164221	-0.047487167	0.561188433	-0.047196468	0.035156821	-0.013443415	0.047385874	0.200860585	-0.167150835	-0.178539045	-0.153195564	0.162845592	0.146161463	-0.000333124	0.290268222	0.174971827	0.32301311	0.137863329	0.03700613	-0.008545299	0.040114968	0.025351651
UMARY	4727	-0.03278844	-0.1645579	0.027109699	0.11496084	0.027405227	0.351261876	-0.084800856	-0.096740283	0.051606367	0.068537075	-0.128555731	-0.403936484	0.133746755	0.07187722	0.086956441	0.175314305	0.03854515	-0.176482452	-0.114417774	0.555835892	-0.379146925	0.040526764	0.081441719	-0.032480368	0.041626006
UMARY	4729	0.124485765	0.018442623	0.095280768	-0.104805622	0.125300924	-0.548611549	0.189858407	0.011613768	0.017252659	0.069604503	-0.313493133	0.022062191	0.760302976	0.243489664	-0.230180492	-0.307042184	0.099228787	-0.25114149	-0.12084063	0.733689906	-0.039554599	0.326157266	0.04158218	0.120583861	0.136901336
UMARY	4782	-0.085229684	-0.420974076	0.010165182	-0.23227549	-0.130979637	-0.231634566	-0.010255381	0.098225362	-0.057308891	-0.182753964	0.16858206	-0.288686438	0.168127298	-0.245387487	0.011866107	0.068622452	0.019616981	0.001346403	0.201025057	-0.139030532	0.518430217	0.044718958	-0.107291376	-0.034157591	-0.029999959
UMARY	4786	0.025391931	-0.107093321	-0.068370727	0.091872211	0.036924705	0.078052541	-0.068180966	-0.013183091	0.07170143	0.055574105	0.008613368	-0.539009467	-0.269129645	-0.174088348	-0.02210628	0.138690004	-0.034120713	-0.019856015	-0.115332609	0.342803973	-0.108593664	0.031473915	0.074397117	-0.001126836	0.046999433
UMARY	4788	0.052775874	-0.436077048	-0.016092668	-0.253160645	-0.208564587	-0.204966521	0.078403954	-0.184499274	-0.210159135	-0.020115397	-0.05346467	0.709591181	1.534031989	0.18960585	0.007934345	-0.11824447	-0.057995272	0.019833396	0.094024461	-0.339993162	0.541031096	1.127525924	0.040324327	-0.001108342	-0.095912575
UMARY	4789	0.004408491	-0.33249856	-0.014071592	0.187113136	0.024798006	0.436747535	-0.059748616	0.090427084	0.085777293	-0.044412494	0.573970505	0.246036535	0.569705985	0.109805413	0.261913907	-0.205047027	-0.03539663	-0.325446083	-0.166768214	0.061570715	-1.015775579	0.788176144	0.160683383	0.037612822	0.181079742
UMARY	4841	0.016528009	0.50779435	-0.087720734	-0.081572514	-0.023437264	0.296379669	-0.058181128	-0.021536589	-0.065194256	-0.00176097	0.119533676	-0.461692575	-0.214186749	0.130718129	-0.075230833	-0.13799805	-0.065540463	0.206197347	-0.151587861	-0.132241661	-0.098752744	-0.087345493	0.039827169	-0.112722744	-0.051115858
UMARY	4842	0.104651969	0.359694389	0.025388386	0.02958793	0.109722942	-0.344772652	0.158235889	-0.091425301	-0.016206524	-0.041347584	-0.445407615	-0.517520284	0.123000075	0.390610201	-0.238976177	-0.450943266	0.065041006	-0.051366663	0.083810965	-0.356693245	0.005283061	0.066294126	0.001023213	0.145344902	0.047968901
UMARY	4903	-0.024852698	-0.2360936	0.149786584	-0.031513807	0.002071672	0.279965458	-0.00584962	-0.05320976	-0.014636721	-0.08737693	0.032093166	-0.334486029	-0.705195722	-0.159252878	0.088942788	0.020603398	0.055605538	0.379032999	0.145485422	0.784158172	-0.131075045	-0.160135621	-0.044797025	0.09391046	0.003407552
UMARY	4915	0.037185641	0.560251204	0.023967794	0.054950946	0.048031001	-0.76058184	0.099487753	0.007902173	0.126771667	0.093908014	-0.348996049	-0.36518881	0.207228555	0.091597009	-0.074644828	-0.347578681	0.089797479	-0.336840347	0.007192578	0.0035914	0.034041714	-0.017669221	0.095804062	-0.026246756	-0.037647282
UMARY	4916	0.102072962	0.410470103	-0.03165368	0.012098275	-0.100082512	0.149384629	-0.054746099	0.001788658	0.026335364	-0.012289574	0.169804731	-0.288650891	-0.079903637	0.076529449	-0.004733952	-0.305862606	-0.087282651	0.147250301	0.007926404	-0.351856954	-0.342309362	-0.118903371	0.02385918	-0.035225725	-0.076856151
UMARY	4924	0.239024107	-0.200196802	0.237486728	0.172047564	0.175372317	0.379252378	0.328931983	-0.147328982	0.112019604	0.49032058	-0.337784865	0.679618748	0.690408154	-0.288102863	-0.003859015	0.288375349	0.003374367	0.692936957	0.183166385	-0.310550045	-0.026781579	0.333281939	0.157243575	0.185498112	0.19444526
UMARY	5024	0.078333911	-0.136798508	0.018969905	0.156953249	-0.006736477	0.876579091	-0.017027389	-0.009255577	-0.044413919	0.014896101	1.129826962	2.433576086	-0.235539551	-0.171610549	0.053423028	0.071384634	0.010334542	0.252791259	-0.215306253	-0.38699735	0.341151983	-0.08144156	0.022950868	-0.04786065	0.070114209
UMARY	5028	0.072798732	-0.186318856	-0.075430702	-0.013626329	-0.064827487	-0.138390667	-0.021606584	0.034596617	-0.051553793	-0.080663893	0.07847255	-0.392236848	0.354397868	0.020773244	-0.040272104	0.239750818	-0.014395736	0.132514692	0.085903288	-0.477630405	0.647085988	-0.057162531	-0.056639913	0.054099515	-0.066901262
UMARY	5078	-0.130158253	0.240862744	-0.148380104	-0.078034104	-0.191141359	-0.28715653	-0.04423606	-0.055269707	-0.136132733	-0.269561954	-0.143854482	-0.26781966	-0.373941134	-0.121077223	0.118421731	0.035097048	-0.150725438	-0.442388295	-0.066816801	0.251552296	-0.127971638	-0.043313034	-0.096400794	-0.08648764	-0.085558833
UMARY	5079	-0.105126647	0.021615238	-0.053217906	0.05049805	-0.04213262	-0.212651646	-0.024336935	-0.027113144	-0.014726606	-0.013062834	-0.034327507	-0.121458352	0.035108507	0.05684043	0.051398065	0.180653028	-0.020422838	-0.632434907	-0.065447397	0.73749963	-0.017242051	0.053273234	0.023524486	-0.05831645	0.020269799
UMARY	5081	-0.089135231	0.134343409	-0.036593087	0.059182944	0.047399454	0.153787674	-0.017646175	-0.030298542	0.039099678	0.028056644	0.374827428	-0.183941563	-0.100887576	0.137350339	-0.057433978	-0.009327162	0.032200383	0.116815562	-0.048516531	-0.288360947	0.021217038	-0.07183489	-0.010478978	-0.077363112	-0.067795481
UMARY	5086	0.014512936	-0.083688975	-0.015953462	0.06502255	0.061460155	-0.203899192	-0.004367544	0.057758623	0.038429332	-0.004493473	0.21230439	1.210628458	0.226802706	0.095410448	0.086295876	-0.090954905	0.146790245	0.371443268	0.204528291	-0.236923369	-0.064702543	-0.150503	-0.035379108	0.015777032	-0.013438203
UMARY	5087	0.021122858	-0.117894803	-0.000852564	0.122910605	0.067418683	0.120715454	0.028436222	0.012880666	0.095578733	0.0197091	-0.063929954	0.438914033	-0.11542587	0.082395785	0.014623847	0.074711603	0.077964664	0.085380046	0.205864302	-0.315355669	0.176464244	0.140149784	0.096887275	0.069364346	0.05927195
