FID	IID	1	2	3	4	5	6	7	8	9	10	11	12	13	14	15	16	17	18	19	20	21	22	23	24	25
BLSA	745	-0.875610607	0.37174525	0.353747873	-0.516714252	-0.015324362	0.337192856	0.560562242	0.035936524	-0.14215835	0.117352052	0.676736285	0.458263893	0.510405306	0.846452186	0.51956968	0.482539668	0.456003155	0.243248783	0.333730022	0.336529422	-0.330340684	-0.366219589	0.640021143	-0.766921496	-0.294308576
BLSA	827	-0.49607191	0.227752124	0.368853732	-0.488042162	0.480535536	0.453192496	0.630028632	-0.634664972	-0.410773571	-0.154087274	0.334597973	0.137377581	0.415034603	0.839645227	0.057955388	0.011995946	0.009611838	0.02574853	0.210047688	0.048910535	0.250119502	-0.372416379	0.261618395	-0.119662869	-0.053924897
BLSA	1556	0.270294702	-0.062313508	-0.330743419	0.669109193	0.197732822	-0.177728528	-0.190982123	0.63644416	0.278871264	-0.219386363	0.084681037	0.082011532	-0.053220448	-0.282281989	-1.005726957	0.117936524	-0.132967002	0.006402859	-0.196821115	0.176930341	0.119666632	0.143153414	-0.029459913	0.287488255	-0.016593448
BLSA	1579	-0.032932011	-0.138378305	0.014270879	0.301983568	-0.101851843	-0.124019238	-0.081367771	0.272511014	0.257290946	-0.170848576	-0.264532562	-0.258112156	0.667777315	-0.179978706	0.133073864	-0.204035565	-0.339129262	-0.099853048	-0.358141852	-0.394096045	-0.024975472	-0.064268873	-0.162568787	0.096660122	-0.202316276
BLSA	1595	-0.393774003	0.809101467	0.690911527	0.214704354	0.007747915	0.025660966	-0.055654819	-0.096286849	-0.227582698	0.276818634	0.224927136	-0.193735857	-0.658038342	-0.010963667	0.617658001	0.394927668	-0.270682904	0.772108266	1.134792105	-0.057125944	-0.763824404	0.319358794	0.146590993	-0.888881474	0.008874721
BLSA	1603	-0.057245154	-0.065477883	-0.258832747	-0.083831963	-0.12322354	-0.205318901	-0.126317597	0.124452818	-0.195361993	0.16423378	-0.166693041	-0.067893017	-0.672950219	-0.150012577	0.652129529	-0.264236438	-0.036376764	-0.145703358	-0.153973832	-0.060899944	-0.066888201	0.70588174	0.018128106	-0.301421822	0.074985425
BLSA	1640	0.040927763	-0.027068133	-0.161667801	0.24522253	-0.029196481	-0.015713468	-0.111489862	0.093821406	0.017011432	-0.194216588	0.099236777	0.056139017	0.136829602	-0.12617805	-0.685807315	0.093795872	0.11518086	-0.051774346	0.190522298	0.286443868	-0.054014271	-0.18903517	-0.087906758	0.117979481	0.478294629
BLSA	1775	0.438984927	0.25610409	0.346030756	-0.830511681	0.433957421	0.238308684	0.040026391	-0.730276708	-0.497304084	0.076575339	0.033782636	-0.204755891	-1.231541579	0.71802719	0.060286999	0.18743258	-0.074773204	-0.208003039	0.048859535	-0.301066775	0.004311215	-0.323228747	0.060601091	0.486024017	-0.303412796
BLSA	1802	0.069574679	-0.055369153	-0.359042625	-0.223699397	-0.019848624	-0.265055883	-0.23444453	0.249767692	0.09109466	0.102154689	-0.112140407	-0.086525812	-0.189319582	-0.447195679	-0.060756888	0.1385701	-0.036203988	-0.102193731	-0.271633614	-0.018011797	-0.085241694	0.242183932	0.086848177	-0.168535806	-0.139108878
BLSA	1805	0.144623846	-0.3503335	-0.12431327	-0.330136841	-0.392150274	-0.121956143	-0.156804253	0.394794611	0.150082361	0.373395878	-0.433681457	-0.198365326	-0.375812249	-0.300780782	0.438935207	-0.234588032	-0.089811918	0.072615863	-0.276299772	-0.143272556	0.009126124	0.943821026	0.285517296	-0.346269046	-0.156923125
BLSA	1838	-0.190299786	-0.120956117	0.252938004	-0.766844291	-0.084295944	-0.296091306	0.185266644	-0.099869548	0.346754332	0.145158817	-0.046637595	-0.098642702	0.301120963	0.063456515	-0.049744469	0.11853682	-0.02477251	0.015924028	-0.039754264	-0.017089922	-0.12315012	-0.062753359	-0.37011865	0.105612046	-0.253177315
BLSA	1839	0.020602036	-0.301220255	-0.024392106	-0.373678865	0.453599815	-0.500965571	-0.074591603	0.044165167	0.050982451	0.205332653	-0.209303829	0.06977915	0.082350459	-0.061471572	0.690852874	-0.141852769	-0.013628179	-0.140923486	-0.291337925	0.045729835	0.095998956	0.06618719	0.120938601	-0.342990243	-0.006689045
BLSA	1840	-0.03351998	-0.205422483	0.013011722	0.628198886	-0.220909195	2.929644014	-0.087158437	-0.177036915	-0.198805074	-0.195018354	-0.088115224	-0.004011199	0.050964887	-0.034732178	-0.085106149	-0.005608033	-0.040908277	-0.203943565	-0.104423443	-0.059994132	0.318009041	-0.056995627	-0.15042662	0.259993893	-0.024691345
BLSA	1883	-0.223447086	-0.140465542	-0.153330534	-0.209649512	0.138777905	-0.414386566	0.027786299	-0.246748136	0.262100054	0.125651101	-0.120566697	-0.099511739	0.00930997	-0.094976336	0.413640942	-0.210862674	0.019764446	-0.243704207	-0.148049321	-0.110297199	0.15371141	-0.219384679	0.103043391	0.072253847	-0.049359748
BLSA	1889	0.106097632	-0.130741966	-0.121805721	-0.123707737	-0.072560169	-0.413639151	-0.036584047	0.156555756	0.116886393	0.110116224	-0.196564892	-0.050933165	-0.330354306	-0.194879539	0.228340068	-0.197273693	0.107133594	-0.194060516	-0.148091287	-0.092934238	-0.0257184	-0.037858195	-0.142113159	0.279223805	0.020828671
BLSA	1924	-0.470721731	0.047242272	0.198590322	-0.288320788	0.588631758	0.038891121	-0.015622482	-0.047527922	0.582388271	0.213407511	-0.114539493	-0.154650602	0.608929111	-0.169727819	0.460817297	-0.069252351	-0.06363627	0.13870475	0.03308725	-0.0151164	-0.015224448	0.073239274	-0.341666764	-0.25811195	-0.074679219
BLSA	1961	-0.183529907	-0.112076216	-0.46240282	0.221712937	-0.227309421	-0.05947162	-0.089960324	-0.20676188	0.087099243	0.112605363	-0.112923435	0.159103531	-0.088170865	-0.384847313	0.088657452	-0.21103687	0.040550275	-0.06279354	-0.204127039	0.143358157	0.428640911	0.220155961	-0.407542739	0.332947852	0.191872094
BLSA	2000	0.772816002	-0.228308935	-0.089167419	0.116099529	-0.4494856	-0.519340869	-0.048479737	0.047912687	-0.109535229	-0.207484125	-0.020056332	0.0102185	-0.064228635	-0.054033381	-0.093253917	-0.197366133	-0.042049829	-0.151074882	-0.137503096	-0.071600966	-0.230493542	0.105138391	-0.390768923	0.172365998	0.03498557
BLSA	2020	-0.188194812	0.156304196	0.009952282	0.098498532	0.124208811	-0.255415678	0.112029486	0.124035463	-0.044319818	-0.107541287	0.122173094	0.08649293	0.146746205	0.503560142	-0.232011669	0.167086013	0.052502602	0.220213442	0.01522608	0.001501187	-0.05975403	-0.232241312	0.047842841	0.116790964	0.064509281
BLSA	2037	0.27655252	-0.053998084	-0.16889302	0.614185285	-0.463613429	-0.20978042	-0.004132796	0.142600849	-0.008877435	-0.243345995	0.030619797	0.02333687	0.533907152	-0.046510002	-0.708600523	-0.016675808	-0.054042688	0.097384351	-0.194392667	-0.018095763	0.174207656	-0.111928661	-0.226848004	0.224821002	-0.047114912
BLSA	2066	0.062551841	-0.108739132	-0.115914102	0.020810893	-0.046194747	-0.419555425	0.051183093	-0.034327331	0.081491625	-0.026913402	-0.100654676	-0.053937503	-0.330442789	-0.12765855	0.041587366	-0.179746521	0.114513332	-0.14390461	-0.114136575	-0.037696961	0.125913527	0.086879249	0.000261987	0.150969152	0.025860072
BLSA	2069	0.223370684	0.160379304	-0.141271341	0.438200577	-0.509308525	-0.146318499	-0.278398858	0.030052826	-0.237164391	-0.054801313	0.127660412	0.201418283	0.620077014	-0.098468994	-0.523434589	-0.016343248	0.257686878	0.139407872	0.091684767	0.191679261	0.224763122	0.018748582	0.315742882	0.075372432	0.388486361
BLSA	2093	0.113603837	-0.346890756	0.160251165	-0.039293357	0.112813242	-0.056293688	0.024962552	-0.124301695	0.062902192	-0.023801694	-0.247984902	-0.198461939	0.442661401	0.161941988	0.680989077	-0.238124877	0.000854769	-0.216927743	-0.232589069	-0.203016247	-0.138696183	-0.343496702	0.110267257	0.16438351	-0.006400713
BLSA	2102	0.605346517	0.419131266	0.103218664	0.705704562	0.217266929	0.178160817	-0.039856101	0.044750984	-0.313072583	-0.425357072	0.499979395	0.38539562	-0.532034974	-0.368386116	-1.640051267	0.47418182	0.045181048	0.233101326	0.813325126	0.369232282	0.013853353	-0.544920259	0.111998159	0.249908328	0.340003468
JHU	384	0.147514883	-0.14272545	-0.159133296	-0.157970274	-0.109405626	0.15708388	0.023339011	0.069273225	-0.07602165	0.220730299	-0.22074442	-0.108078945	-0.215144137	-0.164261275	0.078775849	-0.146313585	0.146773571	-0.109035932	-0.05118817	-0.119067909	0.200718096	-0.069105722	0.004085539	0.257009461	-0.127407734
JHU	705	0.353894722	-0.016411295	-0.17951289	-0.032966852	-0.355683534	-0.191076911	-0.135467771	0.367288801	0.002488145	0.113084665	-0.158889836	-0.16895531	-0.319038972	-0.068605709	0.346074752	0.011670304	0.043675924	-0.212618445	-0.168112231	-0.021171426	-0.229296984	0.373981865	-0.039498906	0.146120772	-0.069933273
JHU	710	-0.015364266	-0.049000364	0.043777156	-0.083977058	0.149539578	0.116160192	0.21322108	-0.123843919	-0.278349343	0.115222016	-0.020569187	0.093223024	-0.168157415	-0.002020447	0.173305692	-0.013441676	0.085274762	0.010303264	0.029414048	0.032652914	0.143154778	-0.217743673	0.122680376	0.28673937	-0.001246573
JHU	712	-0.154779834	-0.087964449	0.339618162	-0.171363111	0.372228603	0.538440939	0.260512237	-0.349959523	0.528085599	0.122151432	-0.015944787	0.020957005	0.345036544	0.114328639	0.061417748	0.116547959	0.051519052	0.108596004	0.018048453	0.059897357	0.016998888	-0.170335955	-0.326643451	-0.101115378	0.040038344
JHU	713	-0.25993111	0.358633169	0.232896706	-0.307019896	-0.205078804	-0.424772204	0.233115612	-0.148203167	-0.048429542	-0.306679084	0.41782024	0.216642509	0.177655657	0.448828781	-0.180101488	-0.160207088	-0.486701898	-0.309221261	0.259889601	0.073299824	-0.431886078	0.358552072	0.047884984	-1.074090128	0.224789862
JHU	719	0.163963015	-0.240793974	-0.370781445	0.008307269	-0.333273895	0.062838532	-0.28000265	0.274922815	-0.046518607	-0.033985722	-0.055432387	0.018795617	-0.246507252	-0.095270438	0.149622799	-0.132303977	0.103204711	0.338521147	-0.12148738	0.076231222	0.032516166	0.605316904	-0.17473779	0.069650286	0.000226633
JHU	993	-0.387938837	0.209633729	0.26427551	0.543319648	0.013564641	-0.148823175	0.127495475	-0.086073353	-0.297004839	-0.102426199	0.127214672	-0.038273379	0.37065708	-0.095211519	-0.78389751	0.204412732	-0.008565562	-0.093396892	0.028298414	-0.212731653	0.30842412	-0.868965288	0.264640359	-0.083474064	-0.018368675
JHU	994	0.182060299	-0.125016846	-0.261028116	-0.051877222	0.442502048	-0.226714164	-0.340728958	0.049222492	0.08786564	-0.155457729	-0.187354643	-0.158986625	-0.043653998	-0.193351068	0.301410543	0.046056341	-0.000434674	0.017197743	-0.123743266	-0.020407261	-0.238546394	0.207852557	0.096254771	0.247017365	-0.161639884
JHU	995	-0.029418872	0.093645481	0.089888212	0.253547496	0.025606988	0.116862909	-0.101484035	-0.052627372	0.127884596	0.027360321	0.113900346	0.124676104	0.099152494	0.055563036	-0.146608384	0.07357899	0.065254114	0.249654372	0.128880531	0.131296931	0.197917408	-0.219552759	0.005334118	0.252142316	0.113541301
UMARY	142	-0.28745694	-0.001933537	0.363983341	-0.083316818	0.152430757	-0.10269717	0.362921246	-0.435728259	0.189526335	0.129889039	0.116151523	-0.001706755	-0.061873595	0.223169205	0.285855989	0.06451037	-0.015691647	-0.106540697	0.043279155	0.085908676	-0.121995919	-0.450866682	0.084805088	-0.215757323	-0.086358589
UMARY	602	0.001653941	-0.143678688	-0.026613942	-0.122212684	-0.073961502	0.199546816	0.225496993	-0.046978497	-0.036194127	0.005309997	-0.065613808	0.049162237	-0.192434554	0.070732419	-0.078101906	-0.039714378	0.027726927	-0.049817295	-0.092262955	-0.008024032	0.213152125	-0.320733394	-0.249769111	0.197962653	0.107191723
UMARY	604	-0.011991204	-0.005772146	-0.018779523	-0.064346668	-0.201701195	0.023702769	-0.193839874	0.061820433	-0.263899076	0.025636799	0.036000093	0.015712767	0.001903635	-0.0731716	-0.005593961	0.098319849	0.038270972	0.199819546	-0.00658938	0.088941716	-0.204147983	0.469656155	-0.206416051	-0.07691321	0.028698913
UMARY	813	-0.069785934	0.001931001	-0.060244396	-0.18546826	-0.220334005	0.141662306	-0.007428508	0.26463882	0.004043161	0.040377941	0.033812064	0.050166262	-0.142897242	-0.046827778	-0.014828812	-0.066847925	-0.035052225	-0.027479456	-0.03317199	-0.012970791	0.284617144	0.083244441	-0.068009417	-0.132318268	0.047354038
UMARY	819	-0.014881606	0.05971592	0.161083703	-0.134259934	-0.027138785	0.059806863	-0.119476245	-0.164715136	-0.050499599	0.16544594	0.077400801	0.003649312	-0.143951915	-0.049530004	0.325845428	0.009911937	-0.098554263	0.026156475	-0.004399298	0.022753979	0.142688477	-0.476570876	0.27563314	-0.1149544	0.016775222
UMARY	871	-0.060179341	0.033252931	0.029927837	-0.147834448	-0.132481109	0.047757647	0.108753532	-0.007433584	0.031635162	0.060746949	0.010155746	-0.001404854	-0.275218515	0.109987403	0.193465232	-0.118299718	-0.042741795	-0.096619587	0.006491782	-0.042876582	0.245823568	-0.276008234	0.133697803	-0.066812978	0.074712922
UMARY	879	-0.071743387	-0.003694021	-0.017304311	0.200096523	0.140087337	-0.088814932	-0.083644531	-0.114171638	-0.156877846	-0.01855087	0.056323227	-0.048325857	-0.030160044	-0.104570597	0.115739693	-0.083227093	-0.111071465	-0.053238631	-0.018764922	-0.025697925	0.070359715	0.14549337	-0.118034334	0.011739572	-0.049006859
UMARY	880	-0.139794528	0.013986185	0.052206034	0.009729616	0.019263611	0.310815216	0.478926872	-0.290430011	0.283049089	0.090116806	0.176739164	0.173134755	0.021930354	0.086760423	0.417164237	-0.009110267	0.208447885	-0.00178811	0.208807316	0.156565668	0.314535682	-0.548159288	-0.039649098	0.048322329	0.157222023
UMARY	914	0.290609831	-0.021507115	-0.00857795	-0.055826933	0.111648363	-0.01904241	0.003810519	0.019420452	0.031864981	-0.053269	0.04541761	-0.022554726	-0.01773411	-0.076403976	0.310073018	-0.031354647	-0.070525685	-0.065439796	0.0110548	-0.019497749	-0.172123624	0.016123707	0.362235082	-0.15124844	-0.069966472
UMARY	933	0.18193695	-0.23255701	-0.09769093	-0.29894129	-0.376018432	0.181343272	0.261653061	0.188900162	-0.050634776	-0.131212016	-0.121198437	0.044158684	0.035326919	0.070231172	-0.189296013	-0.053929703	0.037830211	-0.10108452	-0.124832171	-0.004184899	0.23070477	-0.086578884	-0.169600421	0.037966186	0.043263034
UMARY	1028	0.063673789	0.196162797	-0.287713765	0.185408909	-0.283127925	-0.252663683	-0.323699835	-0.138032693	0.095150405	0.074077204	-0.280888017	-0.217937934	0.300284572	-0.009112672	0.373627805	0.068096816	0.038266286	-0.139207521	-0.089301874	-0.208390726	-0.321581993	0.475991666	-0.073612844	-0.085824067	-0.153853155
UMARY	1037	0.525170045	-0.0234324	-0.230151037	0.03562618	-0.376676294	-0.182518574	-0.045052544	0.237341841	-0.13716798	-0.187589098	-0.102031969	0.006971647	-0.22858724	-0.084344638	-0.29791697	-0.082011551	-0.066531254	-0.032936231	-0.050700704	-0.100190497	-0.12808002	0.417912023	0.334105142	-0.161350412	-0.060743223
UMARY	1064	0.114928169	-0.148380403	0.188089432	0.357407919	-0.278364355	0.213247137	-0.184005834	-0.224481578	0.124154526	0.134813994	-0.01415306	0.055819283	0.290422996	-0.187827796	0.446541181	-0.175606321	0.219835754	0.008479442	-0.121980326	0.038689441	0.331352748	0.082830322	0.106029393	0.093454363	0.034390803
UMARY	1065	0.354695429	-0.049925493	-0.109976801	0.285141442	-0.241225239	-0.09775254	0.079384086	-0.117159475	0.245782789	0.061441353	-0.032446128	0.115623328	-0.041242311	0.026472038	-0.067028209	-0.020483148	0.048488785	-0.144583456	-0.159656114	0.00617454	0.350018874	-0.357034805	0.042971553	0.285264664	-0.034739525
UMARY	1076	-0.044158118	0.190675792	-0.067170509	0.421785123	0.116369567	-0.086924124	-0.16392299	-0.155018837	0.229595165	0.101147734	0.044976563	0.067001192	0.039652062	-0.078086726	0.09923997	-0.015036141	-0.020564888	0.044243043	0.109036108	0.040673341	-0.105216358	0.334621283	-0.192755728	-0.014173329	0.05275695
UMARY	1078	0.156435255	0.015396415	-0.075451011	-0.385189465	-0.404060727	-0.314456759	-0.090074325	0.229929702	-0.107448683	-0.082310148	-0.207208241	-0.132969152	0.09042451	-0.042119484	0.003423575	-0.099803721	-0.005917316	-0.148385415	-0.132480411	-0.053624568	0.149915457	-0.127013267	-0.194297375	0.407711631	-0.071153306
UMARY	1079	-0.072303656	-0.144830818	-0.321723321	0.149704502	0.172784009	-0.156870294	-0.159301751	0.104322937	-0.146925131	0.029435912	-0.118098934	-0.166458989	-0.043678597	-0.277288512	0.257664202	-0.105970214	-0.095254741	-0.073663199	-0.170944898	-0.120750189	-0.014284103	0.483142641	-0.216610859	0.13689763	-0.156527286
UMARY	1104	-0.17160762	-0.04062142	-0.094068615	-0.123674269	-0.099085994	0.147782541	-0.104160606	-0.085867776	-0.056197747	-0.030857585	-0.004325464	-0.035161612	0.02255221	0.029830353	-0.332163288	0.01476907	-0.05867712	-0.042955453	-0.047711512	-0.078312115	-0.0620028	0.051301639	-0.180644642	-0.049635284	-0.056585037
UMARY	1105	0.204940221	0.166152285	-0.022222825	0.038462085	0.129042919	0.034474719	0.02566388	0.280860884	-0.241468916	-0.024054951	0.150919368	0.041188276	-0.08567901	-0.037039119	-0.296494903	0.313583079	-0.024283908	0.1033581	0.123283894	0.111633894	-0.134895147	0.215422707	0.131768461	0.072582793	0.101587415
UMARY	1114	0.08662971	0.026228886	-0.296219826	-0.258502366	0.217228096	0.128924709	-0.093627354	0.576632892	0.220724523	0.024655501	0.047272444	0.112671455	0.030873834	-0.078533925	-0.205879473	0.131506132	0.055654647	0.071592021	0.033849636	0.047626872	0.095101781	0.008907801	-0.268459403	-0.001456541	0.127360502
UMARY	1133	0.411421593	-0.045173548	0.133732508	-0.534943125	-0.27882336	0.17610604	0.35718155	0.710070433	-0.054933424	-0.278248314	0.049010154	0.241271897	-0.611059528	0.309031114	-0.681303138	-0.028121023	0.203705954	0.042873781	0.120908057	0.163411044	0.624837217	0.032378147	0.067987053	-0.104206312	0.245839809
UMARY	1134	0.081584115	0.102192984	0.061352117	0.037605317	-0.013877215	-0.069622843	0.091457888	0.11249499	-0.090840675	0.047248269	0.087929494	0.024307881	-0.242357505	0.118342339	-0.100383231	0.014650651	0.038970553	0.022920489	0.170561228	0.010361081	0.128919233	-0.124355642	0.007763788	0.03165849	0.028398016
UMARY	1136	0.27578674	-0.180888437	-0.033875696	0.122035105	0.225021018	-0.066047347	-0.120436075	-0.181654484	-0.069249457	-0.026276303	-0.080281682	-0.104513333	0.028232389	-0.021061514	0.466135435	-0.005502951	-0.03307369	-0.001584206	-0.073677038	-0.026060668	-0.14861002	0.109966832	0.090463588	0.163343443	-0.052383924
UMARY	1158	-0.081985653	0.053595134	0.22408549	-0.001237101	0.175542519	-0.022991355	0.20025393	-0.026000732	0.080196833	0.125149925	0.025238991	-0.029858476	-0.140039674	-0.002200543	0.131191387	0.021565009	0.024841551	-0.044665716	0.115770982	0.022283726	-0.051447499	-0.601022307	0.280509374	-0.139738479	0.014461743
UMARY	1170	-0.081485518	0.003549167	0.180381863	-0.026487199	-0.063827294	-2.70E-05	0.072735872	-0.195120693	0.139539468	-0.067977961	0.08564694	-0.003224314	-0.007367182	0.251651935	0.075578416	0.01681225	0.013991808	-0.046015832	0.070074844	0.012068481	0.009653725	-0.040786748	0.100550131	0.029165346	0.080231277
UMARY	1206	-0.245754992	-0.030339932	0.248770769	0.182265112	-0.142605529	0.014981172	0.099952539	-0.458358697	0.310379633	0.109575916	0.090451889	0.083049083	0.22567439	0.268431536	0.079028825	-0.061110841	0.037190924	-0.039848185	-0.001618271	0.051322424	0.203505057	-0.325920394	0.372333743	0.017162191	0.057561311
UMARY	1209	-0.017173774	0.149729802	-0.188333286	-0.152450202	-0.056770952	0.088264864	0.009039805	0.242962657	-0.071222153	-0.089102043	0.04984572	-0.057957694	-0.463936926	0.029793641	-0.436923481	0.005645821	0.039756287	0.05397816	0.011981143	-0.00904642	0.01835957	-0.168344442	0.179261549	0.038483373	-0.079910557
UMARY	1226	-0.017198149	0.095273347	0.065100033	-0.444780289	0.180205404	0.154501575	0.067247505	0.100278971	-0.117909132	0.135802694	0.086937464	0.025180306	0.044269187	0.168306867	0.522003984	-0.013103447	0.135357622	0.072990288	0.026822739	0.171662709	-0.064996435	0.054517558	-0.100223173	-0.270377716	0.102170221
UMARY	1230	0.104742339	0.005851478	-0.111879688	-0.027075145	-0.162992875	0.108497312	-0.048793832	0.044604995	-0.123180863	-0.040140357	0.016850288	0.021359114	-0.12658964	0.015774834	-0.135478168	0.062952877	0.040017371	0.027357318	0.002168498	-0.011475336	-0.030042362	0.187344686	-0.02222408	-0.197517858	0.026066095
UMARY	1260	-0.176442057	0.219800496	-0.03137404	0.104751985	-0.174577383	0.017489432	-0.193327557	0.060946139	-0.327484496	-0.021977245	0.164633844	0.041631865	0.012587641	-0.055292717	0.142482047	0.179327213	0.102768167	0.025026344	0.210614729	0.111388534	-0.037846913	-0.088024618	-0.049217693	-0.365997289	0.074625478
UMARY	1326	-0.121941115	0.016915547	-0.028262604	-0.312676264	-0.080302181	-0.005576405	0.030705417	-0.044102783	-0.083381045	0.03705589	-0.042798575	-0.045919305	0.05345678	-0.040069296	-0.159639442	0.070713414	-0.078271036	-0.041094017	0.040883392	-0.01117813	-0.058894382	0.143809361	-0.420509511	-0.226222855	-0.027290687
UMARY	1454	-0.125157903	0.015099498	0.098761469	0.290529422	-0.079822375	0.093443209	0.024112603	-0.238627867	0.2673422	-0.030165329	-0.038678114	0.002957256	0.118393498	0.081694845	-0.03209308	0.026425065	0.046426576	0.044260191	-0.019911997	-0.004766735	0.168635489	-0.023506562	0.001838396	-0.0624556	0.037263099
UMARY	1465	-0.054530292	0.080597326	0.108340742	-0.219873631	0.849206282	-0.190717403	0.165137806	-0.26665356	0.230423389	0.02056643	-0.066503733	-0.069122194	0.302099869	0.062145949	-0.024534975	0.028925916	-0.068233774	-0.095348264	0.00956044	0.064139008	-0.329459926	-0.131034626	0.244041226	0.110565384	-0.053278672
UMARY	1486	-0.054259147	-0.022080214	-0.183454524	0.047424647	0.156708351	-0.061935756	-0.181152503	0.091963844	-0.098361391	-0.063337689	-0.123909238	-0.129551453	0.012941492	-0.22738173	0.166206388	0.027508662	-0.093796702	-0.103429008	-0.099106988	-0.100328627	-0.265074148	0.154567324	-0.194551843	-0.105353955	-0.19481843
UMARY	1498	-0.029979735	-0.064141565	-0.0890257	0.105208739	-0.009868999	-0.088539992	-0.037124188	0.061996154	-0.166290469	-0.066621754	0.015447879	-0.010060589	0.099414722	-0.121317408	-0.025066182	0.036688515	-0.08100502	-0.021758232	0.038635278	-0.047822234	0.102428014	0.028889028	0.135749233	0.095407532	-0.088750719
UMARY	1502	-0.005306754	-0.103205968	-0.399314942	-0.290094877	-0.211075799	0.013144343	-0.14186014	0.253042159	0.051793856	-0.091233689	-0.141345215	-0.085112409	-0.166289823	-0.185793186	0.175853866	-0.029607922	-0.151029429	-0.102303245	-0.168291223	-0.194350974	-0.135237491	0.452591501	-0.173837959	-0.237988984	-0.239896247
UMARY	1535	-0.092617911	-0.040894667	0.142120192	0.138031851	0.151749755	-0.056329013	0.034142138	0.000127451	-0.0019082	0.070260231	0.007349853	0.012586049	0.025889772	-0.014514614	0.201572897	-0.043533239	-0.055850861	0.036078383	0.033414717	0.048656556	0.073536146	0.097350493	0.1864513	-0.112945438	-0.05936608
UMARY	1540	0.049675804	-0.017638119	0.003792249	-0.181765984	-0.315896242	-0.035898823	0.012092077	0.276607142	-0.278144931	0.166563023	-0.026352687	-0.060376578	-0.274163605	-0.026079632	0.286584745	-0.209271302	-0.050986373	0.040926912	-0.013346299	-0.096532846	0.051801245	0.279009136	0.174784026	-0.276159847	-0.061871761
UMARY	1541	-0.049591289	0.053892588	0.036992129	0.260177178	-0.224199041	0.007728924	-0.028275474	-0.055332842	-0.012256022	0.0285297	0.099986111	0.081019704	0.023695261	0.168940896	0.010238009	0.071624407	0.078857551	0.114060638	0.074925146	0.061846388	-0.011664291	0.044983793	0.003618992	0.001149168	0.132325026
UMARY	1544	0.112124766	-0.10154941	-0.062702081	-0.128149429	-0.087499867	-0.071786055	-0.098840148	-0.165821787	0.024674865	-0.137373147	-0.083058401	-0.014707318	0.154805179	-0.079755971	0.035022884	-0.019798306	-0.087353597	-0.051581618	-0.020578302	-0.132696874	-0.14979169	0.219397311	-0.188367297	0.089266327	-0.106851099
UMARY	1545	0.3532604	0.137411598	-0.384341765	-0.024035141	-0.406944078	0.055058822	-0.151810108	-0.108524241	-0.372141276	-0.188662939	-0.100034092	0.122212372	-0.024646937	-0.014175945	-0.37333967	0.124179398	0.10300729	0.121226131	0.08429648	0.148207343	-0.207628557	0.15021581	-0.052029962	-0.136494589	0.005447955
UMARY	1568	-0.021597227	-0.01646409	-0.017802694	-0.145713646	-0.300387904	0.23439271	-0.05151227	0.083772621	0.422866973	0.063573717	-0.041828447	-0.022799879	0.063338351	0.069027528	0.281525069	0.141743768	0.096086342	0.210508968	0.007485684	0.012845118	-0.084192461	-0.020864344	-0.053296304	-0.518257019	-0.050233131
UMARY	1570	-0.219949845	0.036504845	0.14176796	0.163519108	-0.019323754	0.082955547	0.096349469	-0.121176586	-0.066421489	0.092853533	0.036710668	0.023015651	0.097820601	0.139011303	0.1762165	-0.058576707	-0.020804713	0.050128026	0.065617474	0.012732665	-0.046035543	-0.133789236	0.109911001	-0.104043147	-0.006127858
UMARY	1571	0.057263685	0.043261598	-0.470384459	-0.047492926	-0.288847113	0.152739837	-0.218300594	0.044503378	-0.168228983	-0.077397425	0.033478027	0.097601359	0.218089687	-0.10388335	0.04034714	0.012212015	0.057962412	0.077424756	-0.076992781	0.042751969	-0.200253808	0.513223216	0.074823592	-0.175003485	0.017195619
UMARY	1578	0.111555958	-0.239065779	-0.243073496	0.290347201	-0.585204268	-0.156429111	-0.372861201	0.017852236	-0.115941981	-0.048059284	-0.286970722	-0.092068401	-0.043442732	-0.092553415	0.132656268	-0.052071906	-0.061531753	-0.001146708	-0.048815039	-0.074970232	-0.098792083	0.634807272	0.164363846	-0.264890256	-0.019277995
UMARY	1583	-0.285346383	0.138389561	0.241366685	0.577889533	-0.161300903	-0.065852509	-0.129679539	-0.157480672	0.47703904	-0.031911504	0.206512724	0.060430133	0.654407213	0.142701096	-0.290113357	-0.114911387	0.077542749	0.213942924	0.163342762	0.00663186	0.268806346	-0.29780183	0.255807491	-0.230706039	0.162222747
UMARY	1584	0.144327264	-0.100713183	-0.239394231	-0.103912023	-0.296480452	-0.168802004	-0.209650479	0.206347858	0.050306406	-0.045076783	-0.057648428	0.104774037	0.11793198	-0.001087528	-0.184456849	-0.058768192	0.12654496	0.030390534	-0.065241385	0.077486256	0.142977894	0.065111341	0.002891887	0.241865765	0.005517934
UMARY	1611	0.059391339	-0.275428221	-0.108551667	-0.241293971	0.55515898	-0.089335099	-0.151816008	-0.335730683	-0.003745633	-0.019466499	-0.228285148	-0.083998373	0.335637301	0.03702105	0.294473654	-0.10662918	-0.090717712	-0.265200593	-0.260982337	-0.1297814	-0.142486599	0.009284193	-0.333639856	0.365360955	-0.118326047
UMARY	1612	0.132573393	-0.057367198	0.048279198	-0.135063303	0.216272963	0.047049645	0.284002287	-0.185050433	-0.0102412	-0.122213346	0.037738935	0.009284461	-0.612431541	0.083686321	-0.017152198	-0.051288779	0.11989216	-0.239373116	-0.019279834	0.043389649	-0.006382901	-0.400237512	-0.273467758	0.523406492	0.051229211
UMARY	1613	-0.240481327	-0.014303626	0.037422401	0.42949497	-0.380225826	0.163716723	0.561966117	0.217929768	0.043214532	0.11938919	0.128052753	0.08391069	0.297881275	0.510552235	-0.173305365	-0.011394424	0.018654825	-0.041711385	0.017273346	-0.02694645	0.450843701	-0.537613473	-0.064665936	0.068896002	0.033517894
UMARY	1614	-0.056623191	0.027615613	0.234874703	0.051659012	0.394166945	0.065920407	0.104540112	-0.309668906	0.112210101	0.269525499	-0.010443795	0.134504391	0.012517366	0.252594614	0.334505233	-0.014787728	0.022177999	-0.087770011	0.047129753	0.071219671	0.183348072	-0.376035377	0.054510962	-0.041392908	0.010234702
UMARY	1648	-0.053963453	-0.101522603	0.124940545	-0.10903063	-0.017649158	0.033561575	0.119655495	0.30094227	-0.017019597	0.047865926	-0.078083342	0.012104236	-0.24121792	0.113638188	0.121945965	-0.004761561	-0.063832024	-0.021272506	0.007118	-0.010314018	-0.139727616	-0.020679122	0.229460923	-0.108755142	-0.084920687
UMARY	1652	-0.219232403	0.018953696	0.20460677	0.301116693	-0.035817364	0.17773614	0.311272265	-0.015439732	0.182501851	0.118597325	-0.025300082	0.060264198	0.516685276	0.401626825	-0.389913881	-0.061585827	0.049855454	-0.076958938	0.082620057	0.108538321	0.394807456	-0.627877585	0.278355796	0.311727105	0.118493719
UMARY	1668	-0.109401099	0.152356643	0.185373476	-0.196398121	0.085290829	0.190301846	0.248294236	-0.042619925	-0.085967853	0.175051516	0.075518634	0.046631615	-0.109977611	0.108758811	-0.143440973	0.009205501	0.039146461	0.074053125	0.075091582	0.091900849	-0.034697163	-0.113062772	-0.089674357	-0.153526801	0.150400788
UMARY	1710	0.048587049	0.118182324	0.140916938	0.165852689	0.772297987	-0.19899856	-0.121917688	0.084971452	-0.15142857	-0.053381251	0.032745806	0.134677715	0.242646582	-0.169368984	-0.179649474	-0.081913102	-0.132952663	-0.187357718	-0.022039747	-0.0640162	-0.04809075	-0.367840474	0.270497075	0.23293111	-0.076517335
UMARY	1712	-0.040875639	0.030159606	0.204924551	-0.03391571	0.159687907	0.047939939	0.040609902	-0.147549176	-0.157884796	-0.00103655	0.09884418	0.09935554	0.060524551	-0.005000746	-0.192940685	0.03845269	0.022074052	0.153806458	0.123781526	0.153308147	-0.053938885	-0.48424547	0.134282928	0.004204305	0.093152218
UMARY	1713	-0.085582119	-0.095959408	-0.157335532	-0.068384807	0.332852401	-0.078190606	-0.011476127	-0.058839399	-0.059071285	-0.088632043	-0.06256273	-0.060803367	0.008877159	-0.184199702	0.023780131	-0.071777005	-0.023759881	0.090373288	0.009488965	-0.064031537	-0.102131265	0.218137816	-0.161516211	0.391678662	-0.038067977
UMARY	1715	-0.158023037	0.002204238	0.024724621	-0.112702688	0.348912334	0.327583965	0.267801328	0.043350602	-0.144464274	0.058522769	0.064026361	-0.015586426	-0.050145967	-0.103016004	0.025913329	0.073279031	-0.02680073	0.12015242	0.084281781	-0.000832844	-0.195888113	0.098807492	0.047059858	0.09595774	-0.007474223
UMARY	1792	0.026073222	-0.113934487	0.016609639	0.307329666	-0.146400253	-0.162849386	-0.215332081	-0.039246644	-0.050712552	0.122079306	-0.004239005	0.008989186	-0.099471632	0.000763526	0.121987832	-0.022131107	0.050089944	-0.023556496	-0.010736105	-0.008103506	-0.142257802	0.087543737	0.275446351	-0.178953448	0.081885927
UMARY	1795	0.075507686	-0.027735088	0.267131139	0.046465563	-0.079842655	-0.017682862	-0.00180415	-0.116753006	0.018361957	-0.202211413	0.047629247	-0.003662409	0.277752265	0.019643726	-0.142679442	0.058074031	-0.036045023	0.06297198	-0.004830371	0.080658652	0.016165583	0.16576193	-0.023197682	-0.026675967	-0.007108523
UMARY	1797	-0.16973911	0.293871348	0.044855436	0.099978517	-0.21377839	-0.08887711	-0.028387408	-0.247276625	0.157137765	0.036514879	-0.043536459	-0.010403852	0.359570732	-0.063135602	-0.197924509	0.142880251	-0.076502055	-0.040046125	-0.0793121	-0.146972385	-0.18988066	0.044942129	-0.222278706	-0.210252411	-0.083040103
UMARY	1825	-0.018389636	0.062320153	-0.011902785	0.086034642	-0.223476539	0.053872339	-0.025922792	-0.013128401	0.017332563	0.050470595	-0.032435188	-0.095262782	-0.278985573	-0.025575335	-0.167906879	-0.122872215	-0.05921078	-0.005997298	-0.020362081	-0.10360859	-0.079819717	0.008982184	0.11949489	-0.224408697	-0.08470914
UMARY	1827	0.44213055	-0.094951242	0.025656877	0.344225642	-0.176459302	-0.077700247	-0.257469606	-0.237857055	-0.17658749	-0.092426832	-0.088895231	0.021264946	0.424561376	0.04100982	0.153344435	-0.003526606	0.005208976	0.199137961	-0.024125222	0.003019288	-0.036881214	0.393509984	-0.19505674	0.018359319	-0.026065385
UMARY	1830	-0.103128598	0.10267441	0.293984714	0.21789507	-0.343028472	0.374775035	0.022472172	-0.162713168	-0.126914654	-0.023240141	0.196668231	0.16714989	0.266642987	0.055969305	-0.317238833	0.097059603	0.109490091	0.237980442	0.154301517	0.164136817	0.233598255	-0.026848353	-0.064543026	0.020965498	0.198424141
UMARY	1846	-0.079444137	0.110231771	0.186578314	0.098932103	-0.302598641	-0.172622716	-0.055124269	0.297938017	0.151827905	-0.049333386	0.045218037	-0.012551513	-0.35958751	0.127910236	0.144011157	0.081749296	0.042383669	0.145606964	0.086220517	-0.016922857	-0.118171363	0.027029542	0.252364519	-0.543727634	-0.06567734
UMARY	1847	0.149156144	0.034242959	-0.010630697	0.223301044	0.234868128	0.01009071	-0.146502998	0.120497579	-0.243827329	-0.165528084	0.084136508	0.092592289	0.090478082	0.058846124	-0.36727437	0.028326122	-0.096946992	0.092646786	0.018318154	-0.0554972	0.024504762	0.038773862	-0.096315548	0.146920785	-0.033125749
UMARY	1849	0.010478135	-0.016969082	-0.145377898	0.017521953	0.261005832	-0.15992786	-0.057686211	0.148903411	0.142103625	0.119884324	0.021317432	0.004800507	-0.225960859	-0.117513972	0.273460633	-0.081367737	0.008207548	0.416033322	-0.136770484	0.007740527	-0.235324098	0.686019038	-0.173143444	0.040189159	-0.061700026
UMARY	1862	0.142556404	-0.041198335	0.063621053	0.235158681	-0.280489143	-0.0708778	-0.211836815	-0.114488507	-0.037979528	0.114556028	0.035647932	0.065578075	0.083544712	0.102169262	0.261898342	0.026975981	0.033396615	0.109952872	0.062688416	0.067877008	-0.151676476	0.179444928	0.148302122	-0.281135698	0.075674254
UMARY	1865	-0.200680686	0.039324977	0.111645355	-0.092058406	0.023514948	0.095834097	-0.033510836	0.214791128	-0.108791249	0.062895365	0.039477611	-0.028989189	0.228849858	0.212323666	-0.067605868	0.001417086	-0.08194166	-0.123215073	0.140465984	-0.007790828	0.025567928	-0.032399719	0.0569812	-0.166833851	0.036032332
UMARY	1866	-0.059251491	-0.141220344	-0.00292977	-0.140636805	0.342843306	-0.124986423	0.065265556	-0.094831896	0.068845833	-0.082889071	-0.187215705	-0.126226587	0.153699046	-0.167189054	0.22838856	0.013551292	-0.154938501	-0.10318942	-0.07468255	-0.108889139	-0.227628651	0.266805393	-0.296138575	0.110626285	-0.04419803
UMARY	1867	-0.076822504	-0.11387421	0.034944593	-0.131732086	-0.354218518	0.091358269	-0.029404007	0.194002873	-0.001206652	0.078586932	-0.056445571	-0.094975178	-0.193188072	0.120426077	0.188016388	-0.170697615	-0.062047665	-0.10266812	0.017567291	-0.057135034	0.063336756	0.129577346	0.34127921	-0.250541946	-0.047427135
UMARY	1902	-0.184333552	-0.007597786	0.223865362	0.021503327	-0.167419939	0.159186623	0.025656286	-0.218499516	-0.008905253	0.055517563	0.031980254	-0.027331238	0.174746807	-0.265473403	0.117563936	-0.016164214	-0.018371192	-0.066741978	0.056348579	-0.0072925	0.005767952	-0.08691375	0.054915124	-0.111294494	0.035509916
UMARY	1903	-0.06701555	0.135672495	-0.064322236	-0.169268531	0.085933963	0.06842356	-0.007066261	0.035558131	0.092282045	-0.02883611	0.050632119	0.072941497	0.020878005	-0.25145324	-0.15930935	-0.014546423	0.049803572	-0.022057215	0.059550199	0.064805805	-0.151782119	0.068132123	-0.146580935	0.176792855	0.111017297
UMARY	1907	0.077853737	-0.124115124	0.115068619	-0.123279162	0.485313403	-0.1705739	0.004521999	0.045032004	-0.258849176	0.025987525	-0.139161075	-0.092351905	-0.035779036	-0.018498679	0.238811802	-0.079036169	-0.145717018	-0.203501656	-0.140057194	-0.190070599	-0.041309968	-0.099570614	0.177418428	0.394844849	-0.185185368
UMARY	1917	0.091404843	-0.074310861	0.168974489	0.174660883	-0.166291429	-0.182758525	-0.127980245	-0.105460156	0.189728496	-0.052347246	-0.063871741	-0.121592197	0.389168646	-0.143821246	-0.000885966	0.045576137	0.060260455	-0.16893261	-0.018748453	-0.093049623	0.00535455	-0.021224884	-0.047455526	-0.096940328	-0.13275597
UMARY	1935	0.090749411	-0.121371376	-0.118162369	-0.051068105	-0.341964341	-0.14100083	0.008913491	0.23229049	0.027512624	-0.067511108	-0.230858613	-0.14338899	-0.187540766	-0.009882457	0.081871139	-0.138252337	-0.014600195	-0.134720385	-0.181236936	-0.120911535	0.00970185	0.115360146	0.03155668	-0.028899455	-0.08287931
UMARY	1936	0.175358544	-0.03027315	-0.112043215	-0.107429316	0.703586821	-0.075792889	-0.304490323	-0.406057608	-0.044725822	-0.21170955	-0.050032629	0.004018676	0.224662761	-0.125499436	0.32475763	-0.119405606	0.008643938	0.061334442	-0.101630181	0.024916899	-0.131394206	0.058491214	-0.232631706	0.710284879	0.027313582
UMARY	1939	-0.375484297	0.370126567	0.721479057	-0.15227069	1.104806954	-0.207693006	0.097298638	-0.176674302	-0.218685535	0.12314078	0.868990181	-0.35842278	-0.743177442	-0.403710363	-0.36309603	0.55164477	-0.180325549	0.438982014	0.342132361	0.083837051	-0.093035558	-0.144747459	-0.147526744	-0.141460682	0.346937815
UMARY	1940	0.028554488	-0.137254898	-0.019163108	-0.204133136	0.385701681	-0.094615996	-0.094339572	-0.227390707	-0.00567618	0.092583989	-0.147186856	0.025821075	0.506940804	-0.231478971	0.393558522	-0.053288699	-0.001328018	-0.113839697	-0.037642937	0.03537116	-0.046280566	-0.062600761	0.232484016	0.340430108	0.068499802
UMARY	4263	0.220640564	0.090409326	0.30235581	0.627453408	-0.283620767	-0.024153382	0.132061156	0.169733833	0.435040425	-0.248456596	0.098651169	0.046519568	0.096431212	0.228902715	0.307651488	0.128963349	0.040929788	-0.021134887	-0.057078103	-0.043976997	-0.141799764	-0.515628954	0.301609486	-0.151473092	-0.009170818
UMARY	4540	-0.079294926	0.024923426	-0.072151477	-0.560525867	0.067634656	0.168536604	0.34935889	0.396887456	0.082351166	-0.030879695	-0.050801863	-0.150663676	-0.296189492	-0.054774816	0.052750221	0.095482319	-0.134548287	-0.150939269	0.099280531	-0.110554526	-0.108418428	0.059255107	-0.44898691	-0.113724125	-0.151343964
UMARY	4542	0.129974778	-0.072991742	0.181628647	0.117461611	-0.366314383	-0.11854395	-0.01381978	-0.082216481	-0.022824573	-0.015661816	-0.047837915	0.035312449	-0.697418149	-0.109227649	-0.419058805	-0.031184298	-0.004323072	-0.013308902	0.033729105	-0.062346164	0.366304181	0.065711771	-0.057870389	0.229261264	-0.016041156
UMARY	4543	0.072249723	-0.076169073	-0.03563624	-0.132707453	-0.304202592	-0.117111275	-0.099460764	0.009797529	0.112498153	-0.198722103	-0.030447291	-0.047095137	-0.023578759	0.012648011	0.053133455	-0.055383853	-0.043646417	-0.006402691	-0.048933849	-0.020247117	-0.172003448	0.292497174	-0.503288043	0.316336722	-0.124259241
UMARY	4549	-0.075632418	-0.020766028	-0.330599593	0.098668799	-0.40727449	-0.134120422	-0.046556389	-0.204631716	-0.007280391	0.222288602	-0.129582258	-0.02050993	0.117648635	-0.212692938	-0.027603125	-0.034469092	-0.026953435	0.130133715	-0.054929492	-0.009826913	0.11997587	0.25140197	0.040929254	-0.232003768	0.008471066
UMARY	4590	0.085968501	0.011615359	-0.203406387	0.256675774	-0.420422171	-0.127232028	-0.263691325	0.10647481	0.11792396	-0.105061386	0.093749606	0.046663889	0.346945414	0.105518802	-0.311086528	-0.090276963	0.128433283	-0.100382442	-0.128235989	0.045531994	-0.12772468	0.020776198	0.323495502	-0.084376067	0.113404319
UMARY	4593	-0.12824689	0.047446959	-0.016473297	-0.018596036	0.033270872	-0.072204958	0.073528742	-0.100129225	0.074307677	0.025015315	0.023552909	-0.022268362	0.029055375	0.02093026	0.391384823	0.021108461	0.039673632	0.152490963	0.063923258	0.025600321	-0.069616113	0.188743829	-0.20270592	-0.180984307	-0.023339878
UMARY	4598	-0.06463287	-0.193508293	-0.088645678	-0.136302084	-0.188148229	-0.003572028	-0.055403149	-0.070904157	-0.155770116	0.022911935	-0.132056692	-0.029183441	0.182759314	-0.040022032	0.324758314	-0.161726462	-0.141534815	-0.06527876	-0.042507503	0.013379849	0.007045453	0.145235318	0.103366485	0.037866029	-0.022889414
UMARY	4636	0.06615026	-0.166917353	0.067925882	-0.092854747	-0.02700145	0.002563613	-0.044536308	-0.058456228	-0.057009465	0.003253198	-0.101376697	-0.079718323	-0.359457987	-0.159650356	-0.080156386	-0.079557061	-0.13626032	-0.034056603	-0.104251439	-0.017138955	0.156029136	0.147664536	-0.046895226	-0.065160771	-0.028303781
UMARY	4640	0.097426587	-0.011017053	0.161303505	0.145613513	-0.150386407	-0.244511456	-0.023700178	0.12470152	0.298054662	-0.092224749	-0.08735643	-0.119737718	0.302417421	-0.425172412	0.34028625	-0.117464738	-0.080579777	-0.023915606	-0.065474786	-0.055239558	0.163272473	0.065213844	0.288309696	0.105131313	-0.147634449
UMARY	4725	0.037754999	0.136509566	-0.024745459	-0.052957819	-0.047140439	0.005855576	-0.196893221	-0.025094373	-0.079662703	-0.052669071	-0.041472845	-0.050277168	0.047458559	-0.121020809	-0.04551188	0.033243507	0.05352847	-0.040285752	-0.079213909	-0.086184959	-0.103411425	0.244882368	-0.071814752	-0.023927435	-0.066654673
UMARY	4726	0.040180379	-0.044158166	-0.148012191	0.318301145	-0.200170018	-0.079089809	-0.096969299	-0.212692716	-0.228126596	-0.035299072	-0.034074604	0.027912007	0.155414022	0.01996821	-0.280994661	-0.083498032	0.028821854	0.071786212	0.028629808	0.059818366	-0.153668139	0.114997166	0.110400165	-0.033142635	0.067609845
UMARY	4727	0.176204011	0.040174569	-0.221444146	-0.324152096	0.079005475	0.203707249	0.11953551	0.340739382	-0.160020891	-0.282348777	0.024461274	0.045378561	-0.483848705	-0.16669281	-0.788200585	0.003201422	0.046285959	0.144829388	-0.019385203	-0.007831257	0.07196396	0.073483695	-0.239967407	0.219743096	0.068063997
UMARY	4729	-0.360208476	0.149325026	0.152541408	-0.091980907	0.014627644	-0.023258876	0.072141301	-0.045543403	0.060409792	0.206458238	0.04330573	0.035722179	-0.153645924	0.212346281	0.046614357	0.096095182	0.061887123	-0.094305687	0.072836692	-0.065770556	0.071531872	-0.322333391	0.276495532	-0.199942358	0.044987991
UMARY	4782	-0.165504869	-0.103030111	-0.224148165	0.049974005	0.202936342	-0.221954853	-0.129162662	-0.130909998	0.160648426	-0.150337526	-0.079186053	-0.123098849	-0.138682786	-0.155063809	-0.380024773	-0.027220805	-0.083148929	-0.179464661	-0.066011405	-0.105867085	0.112155999	0.239923764	-0.126572736	0.28002221	-0.107510435
UMARY	4786	0.061931899	0.098054257	0.079288201	0.139380424	0.080445478	-0.167433736	-0.025120054	0.322841777	-0.145309559	-0.128681635	0.081892309	0.105737948	-0.332341926	-0.057672453	-0.088318508	-0.069037486	0.003894394	0.06694122	0.106980554	0.174052323	0.217243597	0.065029575	0.204769711	0.070515071	0.114076965
UMARY	4788	-0.368786526	-0.038197876	-0.232299265	-0.450537634	1.27658586	-0.029684431	0.221164606	0.229886419	0.048147227	-0.011770708	-0.061388588	-0.114683247	-0.292076705	-0.029376638	-0.196194188	-0.064013725	0.08323684	-0.19076435	-0.152534257	-0.08654162	-0.226072131	-0.539409025	0.084516591	0.589631562	-0.178485658
UMARY	4789	-0.239463916	-0.025487883	-0.635530867	-0.307935123	1.754278754	0.211618297	0.279649316	0.443633314	-0.337612419	-0.123968245	-0.043427772	0.073410358	-0.703099133	-0.146733657	-1.139331695	0.063253264	0.041217479	0.061505191	-0.030933991	0.266205543	0.082887479	-0.186523875	0.065303283	0.620018683	0.063048146
UMARY	4841	-0.064215574	-0.088339697	0.277533148	-0.176465962	0.188819536	0.044125728	0.041776454	0.001135495	-0.198352474	0.061796444	0.031142731	0.002860405	0.525351173	0.275632586	0.350720519	-0.036815733	-0.016969733	-0.036242668	-0.074030962	-0.042968648	-0.041589387	0.035416136	0.184556791	0.013771515	-0.016510188
UMARY	4842	-0.469065354	0.236867731	0.373362115	-0.100025085	0.154427257	0.322001544	0.39837176	-0.208177486	0.211740015	0.355321822	0.053863659	-0.012330221	0.176852246	0.356998218	0.075383651	0.425473225	0.012236564	-0.093521714	0.075341027	0.003480962	0.114430204	-0.458783781	0.099684461	-0.020202095	0.029674329
UMARY	4903	-0.060875182	-0.087761839	-0.475554625	0.245914085	-0.233702735	0.06922428	-0.065010878	-0.165129241	-0.035514243	0.299226599	-0.052005686	-0.034405372	0.105071124	-0.197763415	-0.432426436	0.218953452	0.075772617	-0.042610261	-0.055185427	-0.093134736	-0.059168322	-0.144749545	0.076474684	-0.160234175	-0.051471154
UMARY	4915	-0.072095977	0.115804057	0.1199737	-0.327506176	0.165921911	0.160393635	0.200878068	0.12767387	0.073164204	0.01912435	0.084209122	0.075561857	0.055802301	0.147517328	0.129696962	-0.028972833	0.109053497	-0.065563789	0.108343221	0.02349763	-0.081682641	-0.153060345	0.030959715	-0.083890542	-0.009046498
UMARY	4916	-0.09722081	-0.046936619	0.107170329	0.096051039	0.044478622	-0.019613368	-0.003473224	-0.212385549	0.073120637	-0.045417393	-0.032485347	-0.069241543	0.249373303	0.239743384	0.27577753	0.004565757	-0.039866129	-0.013746375	-0.047927349	-0.011148808	-0.194116716	-0.159623797	0.203830937	-0.009219099	0.115358455
UMARY	4924	0.331510813	0.252259836	0.092186155	0.546271617	-0.076354755	-0.124112073	0.006559966	-0.27928412	-0.046099473	-0.066767275	0.449392918	0.10703728	-0.001046257	-0.150419938	-1.134585802	0.168385747	0.023235916	0.304539496	0.278881049	0.243740775	-0.051289544	-0.275322497	-0.121816186	0.032557046	0.086487803
UMARY	5024	0.748815143	-0.00360656	0.002395466	-0.542895804	-0.089743197	0.461358968	-0.187088805	0.165593789	-0.399868431	-0.068606465	-0.077257237	0.073155678	-0.712394332	0.564850429	0.84143322	0.044236381	0.000444659	-0.055960661	0.011508452	0.040424741	-0.271941828	-0.130887575	-0.243086398	0.035786726	0.010797407
UMARY	5028	0.234855011	0.099528399	0.022276261	0.040267186	-0.590056758	0.032709445	-0.09025796	-0.203643315	0.268367836	0.039687002	-0.009393787	0.015284717	0.171732789	-0.144803616	-0.27880175	0.067608709	0.001133704	0.045704034	-0.043741055	-0.019309685	-0.046918601	0.018943223	-0.272329796	-0.224861983	-0.036383678
UMARY	5078	-0.008505589	-0.128811431	-0.21339293	-0.060442693	-0.012422276	-0.166532307	-0.124133597	0.290401369	-0.089624139	0.022193953	-0.15480706	-0.063400699	-0.105727886	-0.086704892	-0.00779312	-0.198213892	-0.036630762	-0.099837892	-0.137059323	-0.100229406	-0.025622284	0.278639903	-0.150679728	0.223640442	-0.098103384
UMARY	5079	-0.080683059	-0.04333928	-0.155990679	-0.188416991	0.038586817	-0.059797155	0.010885049	0.282270552	-0.068631314	-0.163497472	-0.111083267	0.008905574	-0.121850869	-0.207776464	-0.065103167	-0.151179412	0.006240412	0.063989703	-0.039248523	-0.042762628	0.053104773	0.066903911	-0.363230873	0.063852389	0.077837941
UMARY	5081	-0.094494769	-0.066501058	0.062414139	0.121592341	0.072624913	-0.026374196	-0.110219782	-0.201702952	0.310341145	0.091305401	0.016238647	-0.036877077	0.205468329	-0.243251289	0.069463473	0.022211676	-0.035041938	-0.074864077	-0.045289745	-0.053082186	0.022763047	0.051077402	-0.006870801	-0.17239541	-0.121784717
UMARY	5086	-0.058623697	-0.055895908	0.088684212	0.087705837	-0.14175641	-0.067610315	0.07589188	-0.023750657	0.152699973	-0.071283301	-0.018184453	0.082153378	0.182880133	0.162785831	0.289454549	-0.054585127	0.092370928	-0.017023302	-0.015753022	-0.009998763	0.150758223	-0.086512477	-0.012546062	0.015639514	0.044276191
UMARY	5087	-0.126210805	-0.015111518	-0.00779314	0.417619326	-0.019967314	0.025876948	0.058331908	0.059381899	0.217637894	0.103794482	0.067869461	0.098668632	0.20882748	0.086842127	-0.141931347	0.002151417	0.087112063	0.197540623	0.033839737	0.126860324	0.083931285	-0.002061743	-0.354897167	0.001821914	0.104044119
