FID	IID	1	2	3	4	5	6	7	8	9	10	11	12	13	14	15	16	17	18	19	20	21	22	23	24	25
BLSA	745	-0.8727993	0.667831258	-0.304220456	-0.184679822	-0.1101237	0.649398502	-0.113343902	2.116946946	0.339154273	-0.320272588	0.136897706	0.059992411	0.047700997	-0.458875156	0.359033259	0.665252066	0.392028842	0.250884518	0.199985456	0.085245938	0.630543019	0.24679034	-0.144597554	0.73725921	0.360481298
BLSA	827	-0.92169589	1.652082513	-0.071990896	0.622620819	-0.311988366	0.203710105	-0.459613993	1.668570446	-0.500998615	0.081730689	-0.126713969	-0.276788619	-0.168831535	-0.143418402	0.302928817	0.637332438	0.255846595	-0.011864772	0.121583227	0.05708656	0.633039457	-0.051944094	0.892727871	0.471584641	0.139356474
BLSA	1556	-0.201705627	0.019079449	0.095322312	0.559310626	-0.09131267	0.069942607	-0.621139846	0.310102179	0.313766284	0.348981327	0.493112515	-0.081188603	0.141061649	-0.255502928	-0.003004554	0.149405685	-0.087755526	-0.076574254	0.209399891	0.136461783	0.084017173	0.221535943	0.139198871	0.493864288	-0.258051463
BLSA	1579	-0.009439186	0.062748469	0.086240371	-0.122115646	0.088074294	-0.279259991	0.588015858	0.016516801	-0.14537713	-0.329431179	-0.269947023	0.063023085	-0.254604355	0.059297346	-0.148523547	-0.550871226	-0.050307297	0.013091085	-0.238170062	-0.255771092	-0.113962128	-0.138102306	-0.326649854	0.167550794	-0.188313744
BLSA	1595	-0.097775336	-1.718224378	-2.14144241	-0.080201119	-0.2515458	0.504799246	-0.2643331	0.177250456	-1.346161095	-0.07338677	0.300986645	-0.26296211	-0.850686057	-0.834596957	0.253309482	-0.126740843	-0.425581998	0.76082968	-0.911824606	-0.02155983	0.428893642	-0.570990467	-0.102195713	-0.352790548	0.659295469
BLSA	1603	0.378539783	-0.166308842	0.487705715	-0.647806114	0.018799041	0.122804757	0.235640984	-0.8297735	0.005264406	0.044965556	0.099278135	-0.041392009	0.057403912	0.344586958	-0.051596075	-0.345839141	-0.060513714	0.346398985	-0.053917829	0.08266893	-0.455094804	0.108489833	-0.221361993	-0.426069625	-0.018256234
BLSA	1640	-0.235116299	-0.206752102	0.419154171	0.864190463	0.095200448	0.18432599	-0.174189259	-0.461841277	0.194697363	-0.00314222	-0.023812258	0.007679851	-0.017473752	-0.048953916	0.065823062	-0.02189192	0.170316711	-0.074968625	-0.006922556	0.042226838	-0.069077578	-0.018136942	0.125036976	0.527110134	0.157913936
BLSA	1775	-0.077041958	0.031499225	-0.612898967	0.023511397	-0.753680351	-0.31867601	-0.711940733	0.574074095	-0.281628332	0.016712545	-0.495855656	-0.422932427	-0.394790049	0.120120004	-0.127163557	-0.071899553	-0.455584312	-0.406406372	0.164830364	0.005591907	0.471977672	-0.2908235	1.328930992	-0.799020674	-0.252419468
BLSA	1802	0.316249669	-0.304519579	0.653482508	-0.671104754	0.004039951	-0.016735454	0.082276541	-0.778604783	0.19784379	-0.085476448	-0.117670393	0.0789679	0.0963128	0.198933095	-0.082081487	0.030001207	0.143309411	-0.207703258	0.147712301	-0.025223394	-0.243406952	0.171128289	-0.391477871	-0.32427634	-0.115267292
BLSA	1805	0.613829664	-0.217466639	0.484583663	-1.091836503	0.176351746	-0.166524933	0.382108975	-0.464672837	-0.017003784	-0.299297534	0.239570401	0.15062514	0.117371341	0.50795405	-0.136930849	-0.514362409	-0.068660174	0.151973573	-0.150401556	-0.116790336	-0.42331045	-0.009563852	-0.619448672	-0.41867964	-0.099572443
BLSA	1838	-0.020373279	0.560556023	0.043987371	-0.700299697	0.10641799	0.09319923	0.288602218	0.841495114	0.267961864	-0.262735451	-0.251550876	0.13660971	0.306605585	-0.007009625	0.05575058	-0.337924846	0.141343228	-0.075805513	-0.234156945	-0.146434535	-0.003613032	-0.137823634	-0.307361934	0.202079083	-0.213478559
BLSA	1839	0.548008864	0.153745429	0.312631074	-0.483738673	0.133558883	-0.238854109	0.616030653	-0.200639758	0.413910936	-0.297850627	0.01127886	0.037619514	0.434345166	0.423431205	-0.229315823	-0.30574378	0.047376663	0.005067998	0.263182607	0.081328652	0.072067138	0.242078786	-0.243921869	0.163621521	-0.024804725
BLSA	1840	0.289422795	-0.020368554	0.182901593	0.052024739	-0.1610168	-0.117230647	0.08968967	-0.732843704	0.179345282	0.584903037	-0.007178966	0.03032368	0.035528928	-0.016891773	-0.137811534	0.010342955	-0.14707981	-0.352972296	0.147593031	-0.009401332	-0.177467523	0.038866169	-0.066366363	0.058309713	-0.1577702
BLSA	1883	-0.069722746	0.208442255	0.347781118	0.217933314	0.091010162	-0.177197817	-0.212486898	-0.03550966	-0.260472983	0.30849963	-0.044843182	0.000144555	-0.153219352	0.412563752	-0.087802062	-0.123309282	-0.070013252	-0.047811217	-0.087657806	-0.102814134	0.005304545	-0.123120172	-0.54765665	0.118993081	-0.041298151
BLSA	1889	0.362362065	-0.464609266	0.522621973	-0.526426749	0.216589713	-0.215884976	0.492646737	-0.844298911	0.213127332	-0.102616612	-0.238111719	0.157960124	0.090202774	0.315684832	-0.114799356	-0.00454151	-0.076998222	0.095552287	0.070394356	-0.10275353	-0.209248119	-0.00291426	-0.025885712	-0.591293037	-0.062585688
BLSA	1924	0.181991313	0.147669791	-0.103744322	-0.059332479	0.334508389	-0.049950307	0.471455762	-0.050335327	-0.067235181	0.054795275	-0.173998314	-0.057201354	-0.02130128	-0.121010683	0.117736625	-0.018119831	-0.050076534	0.209935534	-0.09244648	-0.11240535	-0.126838912	0.079877824	-0.03462373	-0.148066527	-0.121295697
BLSA	1961	0.520399811	0.008923242	0.50363978	0.107509142	0.145574517	0.023362543	0.370408505	-0.810052311	0.190460991	0.062167344	0.317621829	0.036793165	0.152540509	0.626585551	0.019456187	-0.402111063	0.079259333	0.130256963	0.086774052	0.177159377	-0.473219989	0.226909446	-0.129752664	-0.66418709	0.084020616
BLSA	2000	-0.327723091	-0.28948447	0.184265358	0.471263708	-0.02032718	-0.01245305	-0.087247008	-0.332192278	0.134163574	-0.381428478	0.001454864	-0.022187837	-0.007782975	0.031881842	-0.111793213	-0.072006217	0.07069515	-0.041359957	0.117852341	-0.094215328	-0.281238335	0.041976468	0.48445215	-0.511168558	-0.15891473
BLSA	2020	-0.233067881	0.01621532	-0.412595154	-0.085135279	0.091105307	-0.090087321	-0.430600134	0.429783373	-0.032897568	0.26744282	-0.15802718	0.079588764	-0.055776764	-0.410922526	0.134120916	0.298719607	-0.041805413	-0.060531787	0.015907203	-0.055934191	0.055994804	-0.100579753	0.393146292	0.218931617	0.041762768
BLSA	2037	-0.037423578	-0.118183455	-0.147952369	0.445293092	-0.003978597	-0.151139863	0.226733468	-0.242358448	0.061288918	-0.008202042	0.052951565	-0.070877285	0.095932747	-0.296709705	-0.065508561	0.925501986	-0.074278902	-0.053659918	-0.094472348	-0.079208704	-0.119220431	-0.082031232	-0.212465312	0.282565794	0.071126939
BLSA	2066	0.19728412	-0.06763805	0.0004573	0.206370578	-0.030347878	-0.157945747	0.096490224	-0.217689609	0.002574245	0.05580895	-0.026214344	0.129246792	-0.099873126	0.152418296	-0.069085963	-0.064238497	-0.003638477	-0.038027495	0.048831205	0.043808695	-0.097651197	0.07482476	0.037022924	-0.207517439	0.005720641
BLSA	2069	0.158736335	0.254723306	0.282577852	0.417382485	0.223816688	0.154737934	0.409684935	-0.285422865	0.417836954	-0.443872068	0.163477745	-0.00733387	0.232112906	0.133429188	0.089584197	-0.091296917	0.194301651	0.051200584	0.091183194	0.239650583	-0.266691599	0.196961966	-0.261681994	0.259661977	0.186035455
BLSA	2093	-0.09694939	0.072698285	-0.124717565	0.047808034	-0.116375432	-0.335294185	-0.089486557	-0.110808064	-0.15913267	0.157734794	-0.484382384	0.094558195	0.136364667	-0.010195782	-0.277191866	-0.388462806	-0.106579872	-0.256564016	0.017247345	-0.05754059	0.127774099	0.001988251	-0.001515959	0.209621866	-0.263033088
BLSA	2102	-0.36599086	-0.282659231	-0.687790021	0.617458435	0.125649644	0.320953499	-1.185403102	0.262303921	-0.120488854	0.623970051	0.601675997	0.179731226	0.080855262	-0.722798669	0.244865323	0.722803896	0.224395917	-0.310941726	0.167493614	0.228823083	0.550429503	-0.125397861	0.23644777	0.531915759	0.269347886
JHU	384	0.225442482	0.427127198	0.087552636	-0.415529378	0.030271473	-0.146057813	-0.009617409	-0.008956516	0.002835417	-0.35825662	-0.160978303	0.051427862	0.025971538	0.496303715	-0.069279016	-0.47941358	-0.172096058	0.087216483	-0.017190492	0.104107249	-0.224370533	-0.131277791	-0.398954671	-0.078521907	0.02188604
JHU	705	0.122916211	-0.117525718	0.466704279	-0.218024562	0.072835548	-0.18573834	0.248881297	-0.920151323	0.06234955	-0.436660487	-0.191584573	-0.10018791	0.06254916	0.232912528	-0.185956917	-0.535738061	-0.110354788	0.201596902	-0.063821927	-0.027917206	-0.15696258	-0.145674031	-0.038454733	0.040427596	-0.036704102
JHU	710	-0.014704387	-0.044639967	-0.088570599	-0.005745926	-0.119327594	-0.050673602	0.194279941	-0.11044834	0.045266795	-0.001440591	-0.191056546	0.136553798	-0.139100539	0.140408264	0.051629599	-0.118102565	-0.02099146	0.155444302	0.176878152	0.077801889	0.051554238	0.009348853	0.285200556	-0.078518524	0.127311939
JHU	712	0.0115248	-0.087896678	-0.268702815	0.221760523	0.098617152	-0.012175092	0.111144752	0.109039684	0.154106048	-0.024654978	-0.166595757	0.037241622	0.052585254	-0.347303929	0.050445279	-0.076719317	0.063729097	-0.096501451	-0.00357891	0.156713636	0.410496002	-0.002286142	0.109336871	0.078375929	0.126847455
JHU	713	-0.704374363	0.99199109	-1.070716783	-0.28951551	-0.090515746	-0.044305101	-0.546495993	2.274866512	-0.662461254	-0.246695158	0.051853666	-0.137255184	0.103313323	-0.516324422	0.431588239	1.939691622	-0.402020892	-0.545914454	-0.356424927	-0.422393999	0.047288935	0.051369517	0.142856066	0.069248916	-0.445431799
JHU	719	0.375438582	-0.431750978	0.204075501	-0.658089982	0.113078246	0.163861376	0.609354452	-0.950885969	0.229200067	-0.175663278	-0.006428189	0.170079849	0.067655145	0.374210524	-0.114667872	-0.400469303	0.261920013	0.194044283	0.070254808	0.129377654	-0.305865447	0.172369644	-0.385741538	-0.38191208	0.12081962
JHU	993	-0.289457406	-0.137315087	0.118628889	1.213828578	-0.273176731	0.217298987	-0.713127455	0.613158044	0.007228176	-0.054167997	0.324515782	-0.0761754	-0.069383502	-0.357006064	0.002010021	0.027524102	0.219383514	-0.014823686	0.192836341	-0.009064847	0.439532477	0.022843311	0.4530401	0.364059815	-0.001001869
JHU	994	0.142775811	-0.414516568	0.748471501	0.013095477	-0.082992368	-0.050350906	-0.315634712	-0.704769624	-0.062497304	1.088300875	0.093950765	-0.094666912	-0.093167156	0.139422117	-0.218638672	-0.311752207	0.05725579	0.090242542	-0.071395554	-0.118115439	-0.216481975	-0.069561341	-0.111231161	0.022658201	-0.133014022
JHU	995	0.130438271	-0.185473293	-0.197442608	0.13822078	0.251210019	0.108140492	0.421215128	-0.301852468	0.223972505	0.209238234	0.246323155	0.012982277	-0.010423221	-0.162622732	0.052869339	-0.045020691	0.103174784	-0.071304922	0.072442508	0.109491063	-0.045191117	0.09286798	-0.056051491	-0.035817946	0.219286739
UMARY	142	-0.036981124	0.156252491	0.205771523	0.482448854	0.063643891	0.006249268	-0.477797963	0.367679051	-0.042893511	0.186135163	-0.17222592	0.088439803	-0.079329185	-0.318763022	-0.045166165	0.060333834	-0.0650233	-0.110524911	0.051166789	0.04030139	0.358772654	0.059358434	0.285744216	0.328942389	0.110338929
UMARY	602	0.025357455	0.191881931	0.12837127	-0.461405679	0.004040999	-0.115552583	0.235170481	0.817991915	0.330125302	-0.281775698	-0.332617405	-0.009371001	0.105197115	0.050655873	-0.01321046	0.109336864	0.161084078	-0.224481888	0.185665733	0.034533047	-0.288763206	0.108481152	0.153753762	-0.031901576	-0.021854589
UMARY	604	0.080820901	-0.046005536	-0.547458854	0.040257233	0.029210124	0.248322143	-0.040787415	-0.329203716	0.001912984	-0.301305919	0.067320179	-0.208102546	0.14448755	-0.028571147	0.07281002	-0.25508256	0.108926736	0.075110383	-0.081307843	-0.023228249	-0.124075507	0.024032271	-0.16525155	-0.222946288	0.032646639
UMARY	813	0.200056421	0.132777086	0.100084773	-0.179572899	-0.090422184	-0.050275275	-0.076589095	0.109517582	0.039652942	-0.330740232	0.107058809	-0.013897027	-0.08901943	0.31381464	0.062977648	-0.14731769	0.053015639	0.018973116	0.044721624	0.033075797	-0.057679255	0.020939696	-0.145191892	-0.091185869	0.02237029
UMARY	819	0.217525447	0.069155903	-0.091248861	0.186006547	-0.013646953	-0.100807372	0.152023344	0.089190678	-0.11148867	0.101521337	0.074526189	-0.113730098	-0.035348307	0.209603881	0.062319909	-0.030467887	-0.063713475	-0.087434276	-0.01391163	-0.061812227	0.098986446	-0.051639861	-0.134161833	-0.216875434	-0.028046023
UMARY	871	0.112646304	0.317602681	-0.110854067	-0.330417521	-0.007553935	0.056476965	0.205588401	0.325276393	-0.023766655	-0.293999308	0.091008851	0.069456331	0.062944032	0.26119965	-0.027514538	-0.157919951	-0.012373118	-0.039105487	0.070149695	-0.026177466	0.006172066	0.057109504	-0.105674172	-0.119654413	0.059562053
UMARY	879	0.081460305	-0.200317592	0.141114785	0.269091547	-0.050399529	-0.084143026	0.139314944	-0.40397845	-0.139821753	-0.112747618	0.130109432	0.062546738	-0.027408085	0.148869899	-0.064274377	-0.037695368	-0.031669202	0.094602944	-0.133066829	-0.09934467	-0.118706659	-0.084049493	0.012368246	-0.12772916	-0.044267153
UMARY	880	-0.264059208	0.391856965	-0.742068924	0.729738344	0.067791074	0.144554215	-0.726759836	0.103766643	0.188168791	-0.320522802	-0.048564835	0.238195105	0.134145327	0.027395597	0.200126745	-0.082269177	0.082821588	0.293553319	0.240371422	0.258359905	0.349256176	0.165228768	0.266143609	0.529161271	0.299736
UMARY	914	-0.167388758	-0.156028148	0.174129733	0.265108492	-0.055001685	-0.137854973	-0.859819315	0.159318284	-0.111271729	0.078617392	-0.037079767	-0.070369153	-0.000106132	-0.085730196	0.00479249	0.133883679	-0.089506698	0.196057297	0.056547686	0.001133764	-0.006275721	-0.066401328	0.02164252	0.097102433	0.052757945
UMARY	933	-0.051083164	0.915159651	0.100167603	-0.381711364	0.031565785	-0.110209779	0.245620909	0.097248713	0.316437949	-0.429225903	-0.020164099	0.105759224	0.132156875	0.489734296	-0.05140835	-0.182216346	0.05692638	-0.197309898	0.168324404	-0.040406752	-0.223009794	0.079746924	-0.256160272	0.028669506	-0.092050261
UMARY	1028	-0.152508052	-0.172048982	0.322505653	-0.268812605	-0.021038263	0.151438718	0.234419929	-0.546334702	-0.062806996	-0.44035333	-0.222945218	-0.05649992	-0.097430701	-0.112045937	-0.134274716	-0.420820873	-0.10060612	0.248246297	-0.157831638	-0.140037278	-0.146001092	-0.16983344	-0.347253277	0.15121568	-0.152968621
UMARY	1037	-0.216115426	0.301175225	0.484617614	-0.471891794	-0.086879133	-0.098151147	-0.020717591	0.257574038	-0.098669854	-0.558132781	-0.183372899	0.00273084	-0.070978628	0.073985474	0.011869189	-0.33835409	-0.08703157	-0.029706898	0.000115131	-0.052843714	-0.274909324	-0.154141606	-0.180181698	-0.17346878	-0.112207414
UMARY	1064	0.28239597	0.199469291	0.068387941	0.514717221	0.289028235	-0.088081315	0.56010941	-0.411234722	0.223837343	-0.346582159	-0.000141456	0.289535198	0.192110238	0.051851238	-0.069962734	-0.190129272	0.112780867	-0.058547964	0.070019145	-0.033623436	0.015193521	0.034843898	-0.397138175	0.144213386	0.023830117
UMARY	1065	-0.05561995	0.449698832	0.142998853	0.510744643	0.097553858	0.072276624	0.015444209	-0.866736301	0.08854775	-0.201569547	-0.178205851	0.15638434	0.335748291	0.21900472	-0.066101373	-0.197400069	0.162116268	-0.055856449	0.168732464	0.115620996	-0.029019154	0.089961372	0.127859703	0.119748964	-0.0362531
UMARY	1076	0.069668378	-0.240392573	0.301384045	0.110202738	0.23198472	0.063131694	-0.034358482	-0.071932516	0.032777552	0.153687591	0.115314741	0.045512046	0.0462891	-0.074229517	0.038519705	0.21537029	0.094190425	0.022347832	-0.048944075	0.108274446	-0.006272048	0.07312734	0.03477948	0.024225981	0.093164232
UMARY	1078	0.095343588	-0.036706192	-0.101956072	-0.042282658	0.093556567	0.021249161	0.24241787	-0.129808521	0.147682029	-0.166742707	0.242469322	-0.014447232	0.00194792	0.152942453	0.027293863	-0.511043772	-0.017923932	0.201062263	0.337469951	-0.048418613	0.238902034	0.034341781	0.077847088	0.12462892	-0.100566862
UMARY	1079	0.183125883	-0.504951452	0.310814236	0.182320679	-0.0161617	-0.034506993	0.020384668	-0.402500261	-0.195188919	0.288991424	0.234872666	-0.049482536	-0.145239428	-0.07930729	-0.090248256	-0.147523663	-0.121813767	-0.174638948	-0.129137937	-0.154283138	0.052214841	-0.169564911	0.008387866	-0.056660945	-0.198026655
UMARY	1104	0.122073164	-0.370348602	0.013917638	-0.123899276	0.038314018	0.132453663	-0.224534911	-0.070045166	-0.006774951	-0.127502287	0.106160411	-0.073697947	-0.103423868	-0.071047978	0.044512388	0.04972564	0.022118909	0.046662232	-0.082184089	-0.05570257	-0.120428239	-0.022334482	-0.168065207	-0.096488337	-0.034333838
UMARY	1105	-0.26791203	-0.270561026	-0.160029754	-0.206316542	0.026526784	0.066329259	0.057345534	0.253851919	-0.156131861	0.029061851	-0.021284525	-0.043411866	-0.064160926	-0.214877352	0.135583256	0.156801341	-0.020410982	-0.052856651	-0.049242884	0.017152218	0.107179431	-0.028469979	0.024116131	0.081928892	0.081774946
UMARY	1114	0.14253858	-0.213487547	-0.190764084	-0.396199418	0.150789284	0.267599144	-0.018083811	0.269029354	0.303035242	0.006056934	0.254072339	0.195504571	0.078972282	0.216905637	0.026237995	0.082279568	0.083307689	0.13217301	0.058248271	0.101102102	-0.008175986	0.119984817	0.196958546	0.009690489	0.079934344
UMARY	1133	-0.207985436	1.51489489	-0.247076405	-1.075943922	0.003384141	0.021534497	-0.411064912	0.668802178	0.359020009	-0.325456518	-0.107953713	0.172328005	0.329329818	0.377077606	0.126606533	-0.150885037	0.215840621	-0.002745397	0.364746314	0.207937981	-0.39402725	0.296810385	-0.31755591	-0.098036283	0.19118453
UMARY	1134	-0.006777439	-0.06263201	-0.118417499	-0.05829765	0.073480634	-0.058202458	-0.169526294	0.034720076	-0.047297443	-0.046069457	0.139970987	0.036728067	-0.060731544	0.169134495	0.060479718	0.011657475	0.013960481	-0.021567501	-0.02213186	0.003088844	0.035890688	0.072083662	0.006101462	-0.145342513	0.085250904
UMARY	1136	-0.097582385	-0.108556384	0.310180629	0.11213902	-0.107081176	-0.040189039	-0.162434038	-0.050753889	-0.060210761	0.604305756	-0.170658993	-0.057384277	0.013148851	-0.03405289	-0.197989534	-0.159526816	-0.011563846	-0.074918057	-0.014356787	-0.06161791	-0.018785858	-0.082505087	0.069166728	0.124951311	-0.031030478
UMARY	1158	-0.141332745	0.305292077	-0.396821873	0.126879332	-0.050195934	-0.131106869	-0.131297514	0.367202153	-0.066282278	0.223940941	-0.206307827	0.018190754	-0.07856125	-0.233618846	-0.019049068	0.227399804	-0.032313582	-0.103991569	0.022462703	0.016867986	0.083914642	0.005491807	0.362764562	-0.106812838	-0.032158647
UMARY	1170	-0.143983315	0.396148044	-0.078748885	-0.143177422	-0.086454491	-0.077599481	0.086769786	0.354170097	0.022318926	-0.070178908	-0.316692746	0.029774885	0.037558499	-0.088633088	0.011280352	0.066357229	-0.030846154	-0.040464642	0.014496181	0.038614128	-0.107000727	-0.00099962	-0.028063426	0.105855732	0.025548264
UMARY	1206	-0.026441356	0.307893407	-0.038348008	0.679370298	0.12690105	-0.14937885	0.568873813	0.418910898	0.060174169	0.019106232	0.001311282	0.072523966	0.091484994	-0.165981653	-0.073474421	0.133565984	-0.109612962	0.073788252	-0.003355624	-0.018828704	0.240714953	0.019936877	0.238937639	0.268988812	0.052765403
UMARY	1209	0.033268716	-0.023968051	-0.038504206	-0.305915209	-0.159744297	0.068886695	-0.106862563	0.401093284	-0.108119296	-0.327760506	0.019984577	-0.109053779	-0.101712631	0.015391702	0.062568928	-0.080912561	-0.022540803	0.02187005	-0.043883902	-0.031217949	0.020065961	-0.126344166	-0.015273935	-0.232808444	0.009952145
UMARY	1226	0.079347372	-0.190248683	-0.558404211	-0.289246336	0.077212036	-0.135576761	0.308142133	0.259130298	-0.019951913	0.100045802	0.074245697	0.040073312	0.045706456	0.109491477	0.08824446	0.145889421	-0.003878285	0.142036902	0.065903223	0.012244116	0.285637587	0.043204713	-0.057542698	-0.15335051	0.059387865
UMARY	1230	-0.061019919	0.250099272	0.282390451	-0.283468454	-0.004497424	0.047159396	0.262366528	0.091320082	0.096691485	-0.119042189	-0.097615592	0.031361397	-0.047301589	-0.002916043	0.075939952	-0.033690687	0.075291444	0.021166077	-0.010144234	-0.015618174	-0.21478335	0.079478892	-0.199177476	0.003835299	0.041517916
UMARY	1260	0.048430575	-0.561306851	-0.168723531	0.028674593	-0.003986378	0.200586342	0.083875346	0.177579723	0.053336226	-0.102199037	0.243249985	-0.00652289	0.140617546	-0.299774395	0.114227895	0.129143528	0.055783093	0.066448655	0.05219183	0.116920233	0.102234633	0.084627389	-0.05789312	0.033682537	0.162472798
UMARY	1326	0.19407334	-0.119971399	0.090625869	0.009696439	0.052759363	0.364952723	-0.289104242	-0.027627594	-0.073561235	-0.225139445	0.064955233	-0.013511001	0.014938925	0.067478191	0.083944089	-0.031092797	0.054601008	0.155577842	-0.0300411	0.029619628	0.048966384	-0.058031358	-0.093284661	-0.035043233	0.006482722
UMARY	1454	-0.174374688	0.212188991	-0.01223244	0.301547406	0.166712702	0.029045467	0.158001579	-0.157681464	0.029359585	-0.229196897	0.000475725	0.220939183	0.136928062	-0.339944518	-0.11516038	-0.064730961	0.038551676	0.067406378	-0.035270158	-0.036579073	0.131223153	0.081195992	0.011183188	0.253060648	-0.045580684
UMARY	1465	-0.193099304	-0.302876767	-0.391774837	-0.056868411	-0.088519578	-0.10532001	-0.374842368	0.106354987	-0.18276104	1.200260274	-0.092863997	-0.027554154	-0.096495511	-0.240399727	0.023369108	0.006746607	-0.155161046	-0.114089629	-0.200312407	-0.116236945	0.205767256	-0.081555867	0.158317503	0.13736765	0.028204919
UMARY	1486	0.088150983	-0.290978749	0.310868286	0.172621045	-0.092356612	0.069514783	-0.118080652	-0.137033571	-0.13415732	-0.286110094	0.156602158	-0.080340232	-0.129731345	-0.099083799	-0.047945681	-0.027414605	-0.118560548	0.042383657	-0.153416693	-0.084586012	0.045574199	-0.16270734	-0.034925115	0.107512934	-0.015525182
UMARY	1498	-0.127587734	-0.041115633	0.034617019	0.404590661	-0.080091035	-0.09512653	-0.011612947	-0.034982268	-0.078705277	0.033024038	0.06724924	0.055897731	0.037767359	0.027771282	-0.034555317	0.049675695	-0.100643168	-0.077367993	-0.11856328	-0.065629092	0.017207441	-0.01677571	-0.007517407	0.036241805	-0.075268509
UMARY	1502	0.259602187	-0.12549321	0.320771861	-0.286290137	-0.00322762	0.249563959	-0.379314453	-0.03301768	0.127469717	-0.229426359	0.009803897	0.115449763	-0.108276267	0.053227091	-0.106115134	-0.01804375	0.053854294	0.283873922	-0.022853769	-0.072505578	-0.194638634	-0.055834842	-0.212996249	-0.131082522	-0.159088025
UMARY	1535	0.285399305	-0.227822505	-0.27007501	0.071538343	0.138088087	-0.012453885	0.083101803	-0.132574758	-0.090295492	0.402762681	0.191104454	0.110354015	0.045428643	-0.002342822	-0.024055151	0.047482778	0.032870404	0.024551596	-0.008896576	-0.013589091	0.079964758	0.019626314	0.174728115	-0.045244529	0.042971137
UMARY	1540	0.139944152	0.033234818	-0.103422587	-0.231343482	-0.159898685	-0.299712409	-0.058233099	0.339439895	-0.172654817	-0.224620282	0.02846321	-0.145819243	0.066763509	0.028459155	-0.111808434	-0.013076082	-0.153539721	0.06025543	-0.148775707	-0.178528107	-0.102201527	-0.006030305	-0.099127459	-0.41130192	0.082056813
UMARY	1541	-0.055008073	0.129862334	-0.445774401	-0.045632394	0.088070757	0.007272842	0.29195745	0.084489615	0.07592447	-0.266241411	0.064555484	-0.163617969	0.024614158	0.024596217	0.073330531	-0.085455825	0.11436478	-0.109741892	0.030865033	0.077847124	-0.021822915	0.067670076	-0.016692349	-0.052655401	0.114459671
UMARY	1544	-0.151014355	-0.505701634	0.211731359	0.105339632	-0.099555327	0.102058623	-0.002266352	-0.150748733	-0.067551699	-0.248346975	0.142481589	-0.021809308	0.04940676	-0.116993409	-0.026228729	0.010458171	-0.05027794	-0.019216741	-0.041599615	-0.006293826	-0.091331141	-0.085313283	-0.103452476	-0.031276284	-0.088655085
UMARY	1545	0.102604654	-0.015246373	-0.243541492	-0.657175685	0.010907744	0.097166231	0.251175479	-0.272903293	0.242942159	-0.261009263	-0.15402264	-0.082040088	0.203173735	0.0565693	-0.010822883	0.026149412	0.167400053	-0.002140071	0.131247193	0.166698294	-0.182550556	0.260362445	-0.263858133	-0.076804194	0.055065837
UMARY	1568	0.065574336	0.004980591	-0.407284428	-0.445598135	0.202506963	0.065415051	0.599876964	0.134601307	0.056070495	-0.003562915	0.100319575	0.078476951	0.096189515	-0.137804922	0.008740847	-0.24433072	0.084984158	0.148136981	0.077235465	-0.033949858	0.008756654	0.03778048	-0.344420154	0.183706364	0.002874967
UMARY	1570	0.104444538	0.020091464	-0.016738045	0.26185698	-0.030541528	-0.042137379	0.354440876	-0.018782071	-0.031847348	-0.071385677	0.173524673	-0.073162448	-0.019214577	0.093007455	0.084712589	0.095602516	-0.106264606	-0.011336207	-0.073116803	-0.05293755	0.038781687	0.055173038	0.078118022	-0.217198914	0.02666483
UMARY	1571	0.062919211	-0.202054471	0.072806627	-0.19240801	0.141506667	0.252676732	0.02872174	-0.215599989	0.283256518	-0.350039587	0.215986867	0.023994261	0.165764479	0.01226759	-0.043147068	0.010757735	0.086744173	0.306410974	-0.06823872	0.1305672	-0.227942211	0.061941191	-0.614531946	0.012843055	0.022147963
UMARY	1578	0.17228037	-0.200707511	0.264292243	-0.400142483	-0.042027558	-0.044956557	0.384730669	-0.352326562	0.080075542	-0.49451724	0.129646283	-0.138892313	0.116339064	0.209116964	-0.073275296	-0.235524696	-0.06821425	0.001718422	-0.151637615	0.024265065	-0.257163079	-0.013970526	-0.345764669	-0.143657515	-0.037670653
UMARY	1583	-0.183347596	-0.015205301	-0.456867781	0.637937726	0.23254977	0.060721946	0.291274342	0.197890715	-0.000821722	-0.168451444	0.221663665	0.107512337	-0.016579764	-0.454175477	0.121169353	0.805224589	0.08123059	0.019297683	0.110062217	0.041172073	0.331720358	0.013257383	0.124100148	0.345272613	0.056228285
UMARY	1584	0.026559892	-0.181693706	0.218934332	-0.315598777	-0.176386625	0.035276081	0.455757984	-0.211404727	0.200677275	-0.391151136	0.10782423	-0.075608633	0.172965146	0.1642224	-0.140746352	-0.057520831	-0.027760977	0.087072568	0.057657192	0.139885148	-0.203989262	0.099232953	0.331390024	-0.032612565	0.051213322
UMARY	1611	0.172087297	-0.195278514	0.817110055	0.313289608	0.023149925	-0.10588024	-0.229525245	-0.684245487	0.185488766	1.256346454	-0.018747212	0.041059822	0.099292956	0.255624678	-0.111276134	-0.225840022	-0.016795149	0.035864851	-0.048034093	-0.092099879	-0.168933076	0.0393866	0.071839931	0.037356776	-0.174969917
UMARY	1612	-0.207843669	0.586036465	0.278569607	0.058639217	-0.112351635	-0.115723736	-0.301236662	0.033740327	0.124196111	-0.036998978	-0.35786915	-0.095199924	0.171333969	0.270152964	0.149811526	0.625655404	-0.001540328	-0.065010268	0.183652259	0.081094466	-0.117711242	0.264469919	0.474694189	-0.005316422	0.125322596
UMARY	1613	-0.373846346	1.252803873	-0.368996749	0.574503784	0.08627605	-0.167331075	0.348742398	0.878144107	0.056421776	-0.43337359	-0.11821122	-0.023203639	0.163022994	0.069661731	0.002745915	-0.183097843	0.01080948	-0.266998737	0.166123152	0.102465044	0.313210319	0.059176038	0.469844333	0.569063322	0.189305856
UMARY	1614	0.059773304	-0.035072311	-0.40229176	0.090703609	0.156000563	-0.038216746	-0.12196716	0.058652141	0.133504691	0.599256442	-0.013619745	0.045033654	0.186324605	0.027217655	-0.01310159	-0.045576517	-0.109516571	0.02565233	0.091003528	0.089566399	0.119352753	0.063468691	-0.135180966	0.124284719	0.012937202
UMARY	1648	0.065331117	-0.115380505	0.244366042	0.115944231	-0.088685231	-0.054067053	0.074167241	-0.259671609	-0.010132676	-0.11628147	0.11708728	0.022948665	-0.031011544	-0.114235413	-0.064039718	0.009257401	-0.148947487	0.072686177	-0.02478786	-0.011727844	-0.148332605	0.019268522	-0.051635173	-0.112890951	-0.064965633
UMARY	1652	-0.256445617	0.317381925	-0.745682488	0.557613529	0.246060293	-0.003439776	0.446070485	0.278864738	0.010796243	-0.108440554	-0.12878858	0.132591147	0.159743	-0.143653269	0.152560174	0.026574733	-0.092809213	-0.229389254	0.076890554	-0.082822835	0.375816973	0.109410782	0.677629686	0.843438748	0.068489901
UMARY	1668	0.070973816	0.029288979	0.178665369	-0.063191304	0.143547988	0.174352894	0.256361285	0.176325459	0.083237549	0.105363663	-0.003977318	-0.02171758	0.069796146	0.093357036	0.149446164	0.177095518	0.037822871	0.179206595	0.058905844	0.056092871	0.020961118	0.105723516	0.129263476	-0.04276918	0.039777187
UMARY	1710	0.013316316	-0.137040609	-0.017690296	0.284993478	-0.107973767	-0.091377715	-0.888741432	-0.449937471	0.080212238	1.318391802	-0.238593405	0.139688263	0.187875822	-0.108159724	-0.040005601	-0.073947437	0.011718994	-0.008760869	0.042926841	-0.056002342	0.226087472	-0.016406489	-0.074671583	-0.062879265	-0.005908446
UMARY	1712	-0.044345777	-0.165923868	-0.266765545	0.231224539	-0.046880474	-0.04000553	-0.185762175	0.157625788	-0.036714768	0.1098589	0.142305915	-0.004659854	-0.024175185	-0.067999083	0.077662558	0.202688989	0.028741672	-0.013525701	0.006391257	-0.021914794	0.092193024	0.028611506	0.067048972	-0.025734117	0.085876664
UMARY	1713	-0.106755908	-0.322635657	0.214003695	0.22065374	-0.092462058	0.154726078	-0.502475358	-0.311270065	-0.010261086	0.075718813	-0.018260548	-0.049815422	-0.08960931	-0.079766738	-0.059777314	0.055655419	-0.081266192	0.071747043	-0.0473655	-0.120086665	-0.100425944	-0.015429827	0.412136812	-0.05528803	-0.040458348
UMARY	1715	-0.229488155	-0.246694658	0.239651281	-0.380123534	0.012848539	-0.001744982	0.26490936	0.114382476	-0.136289541	-0.046231838	-0.021411245	0.00940229	-0.164502744	0.30605876	0.072564732	0.097311541	0.086470727	-0.193561905	-0.022324151	-0.054427542	-0.039614651	-0.017766748	-0.13337211	0.019111513	-0.033596367
UMARY	1792	0.180783774	-0.385258262	0.22495609	0.254879023	-0.023001586	-0.160699324	-0.087072661	-0.324141468	-0.028421778	-0.023579321	0.187609513	-0.114674805	0.020504788	-0.152543331	-0.041927145	-0.047805862	0.028645735	0.103375603	-0.078784013	0.082513857	0.019912892	-0.047378138	-0.463177323	-0.097222364	-0.003123171
UMARY	1795	0.0493091	-0.102715934	-0.316522699	0.14445354	-0.065257821	-0.056400343	-0.278880373	-0.151212714	-0.094166917	0.014693547	-0.129109198	-0.084967912	-0.032715072	-0.206384137	0.056762367	-0.073493971	-0.003076037	0.051534168	-0.093885677	0.024598998	0.01773447	-0.041207135	-0.068017763	0.061463028	0.011597819
UMARY	1797	-0.131144217	-0.094540201	-0.094596063	-0.214965022	-0.206769954	0.087132435	0.045465042	-0.250885166	-0.156358724	-0.114560169	-0.4075373	-0.159885921	-0.155626458	-0.112449161	-0.053349381	0.01772662	-0.049783663	-0.14792798	-0.114747575	0.010224778	0.018965821	-0.185773506	-0.061014851	0.124883389	-0.022257374
UMARY	1825	0.258501538	0.070436409	-0.079040333	-0.462630195	0.069207578	0.027694607	-0.003556452	0.119510653	-0.05491558	-0.077070724	-0.101984944	-0.064434711	-0.048357531	-0.034245836	-0.045920004	-0.090464235	-0.009176748	-0.011942191	-0.048123928	0.036051375	-0.113220384	-0.083680026	-0.135576132	-0.224345839	-0.045043334
UMARY	1827	-0.017972615	-0.259020411	0.078708996	0.204358667	-0.057168872	-0.078490756	0.285166218	-0.5385841	0.071374698	0.75033398	0.109856484	0.026584842	0.008093468	0.033049435	-0.116821597	-0.37754675	-0.046666573	-0.096619339	-0.108529523	0.047528875	-0.047568246	-0.001577813	-0.239723322	-0.081473968	0.011834296
UMARY	1830	-0.066122286	0.024673519	-0.546250198	0.192385598	0.119191817	0.212030857	0.494410173	0.315198717	0.092609206	-0.31371973	0.027616046	0.084771057	0.093897246	-0.264362963	0.110321172	0.002108154	0.206187935	0.053113401	0.144851179	0.107473495	-0.057967426	0.167008474	-0.247337241	0.288438284	0.164844385
UMARY	1846	0.076172684	0.02778373	-0.339410973	-0.113246892	-0.082393629	0.014243435	-0.129041177	0.369437505	-0.092663279	-0.214072863	0.02508784	-0.01282496	-0.154140303	-0.223781969	-0.038930938	0.214988059	-0.021680706	0.215187535	-0.110473547	-0.110861361	0.061165556	-0.027781977	-0.24233115	-0.113971427	-0.024401652
UMARY	1847	-0.128491709	-0.390458546	0.053975726	0.678474717	-0.127934967	-0.103816152	-0.621323037	-0.291446707	-0.029424986	0.23795578	0.232227552	-0.009733346	-0.044685471	-0.36249349	-0.123656122	-0.233086373	0.017143946	-0.089494543	-0.096805688	-0.004058038	0.071002323	-0.023909676	-0.114534735	-0.014163267	-0.00062349
UMARY	1849	0.10710761	0.008945964	0.424212317	-0.246200133	-0.14254945	-0.08111236	0.305583208	0.045114841	-0.042970984	-0.054962034	-0.033687918	0.128821384	-0.034232274	0.061067468	-0.025428012	-0.198476318	0.022848802	0.126175834	-0.058419005	0.015230229	-0.352503305	-0.067318842	-0.095772495	-0.115756773	-0.064201677
UMARY	1862	-0.025922144	-0.030115753	-0.080081214	0.098953709	0.038056577	-0.05835033	0.369978446	0.032081723	0.085856398	-0.266207643	-0.081819547	-0.052787747	0.158167668	-0.222339526	0.042260642	-0.09461174	0.002713556	0.121469946	-0.102851084	0.050406125	-0.108434762	0.156274607	0.015947512	-0.240963746	0.127453068
UMARY	1865	-0.104474734	0.14916235	-0.049734734	-0.462703263	-0.198008781	-0.014054657	-0.396005261	0.447647318	-0.057573035	-0.292562096	-0.125467864	-0.068416782	-0.021121619	-0.04576452	-0.025978743	-0.049000833	0.005438617	0.127773354	-0.070013568	-0.009657538	-0.122974466	-0.121156433	-0.123005538	-0.00460973	-0.001235755
UMARY	1866	0.026479137	-0.165153962	0.705524435	0.459972311	-0.16561104	-0.161501548	-0.358324655	-0.064548406	-0.162253477	0.582807174	0.0537456	0.064939251	-0.052054188	-0.039432597	-0.189100694	-0.332343258	-0.051584742	-0.165481528	-0.144264845	-0.111613884	-0.099092084	-0.074824414	0.205594391	0.056011568	-0.154463761
UMARY	1867	0.089115069	-0.003461838	0.412215105	0.063457797	-0.05988706	-0.101580504	0.002000245	0.092616393	-0.131900834	-0.466176395	0.207736335	-0.085909842	-0.090947518	0.111868689	-0.020857846	-0.310545664	-0.026085334	0.013016463	-0.001575201	0.007688859	0.067770285	-0.001135119	-0.360184564	-0.092219063	-0.059541645
UMARY	1902	0.111792966	-0.174115609	-0.251905956	-0.140985159	-0.037672789	0.065933013	0.384913218	0.087194401	-0.104143523	-0.186534187	0.072876074	-0.080614706	-0.070777644	-0.085721696	0.150698456	-0.04248124	-0.104510172	-0.027396598	0.008650144	-0.002947079	0.098327764	0.011342041	-0.044866957	-0.116190957	0.014758296
UMARY	1903	0.075086595	-0.053407239	0.611097581	-0.103595115	-0.05718617	0.236863281	-0.176356891	-0.393461596	-0.005735716	-0.183693584	0.060029421	-0.039482523	0.182945482	0.082623646	0.141179259	0.076322653	0.027700153	0.206515359	0.050315052	0.113197283	-0.086962054	0.093691556	0.103254147	-0.010218918	0.021394508
UMARY	1907	0.051141824	0.384741499	-0.675937511	-0.243329062	-0.024750883	-0.212775873	0.18429642	-0.035835836	-0.160527058	0.350084174	-0.11779822	-0.083702995	-0.049112081	0.233104161	-0.188727111	-0.178565816	-0.084551474	-0.061032348	-0.06434868	-0.150431756	-0.141692135	-0.048068921	0.221056443	-0.101456244	-0.178816298
UMARY	1917	0.075124899	-0.381562589	-0.012871908	0.199953265	-0.268600788	-0.128147602	-0.181732761	-0.600306722	0.052504645	-0.264588175	0.079324085	-0.076259265	0.163607068	-0.028708517	-0.019347417	-0.148063163	-0.149952041	0.062586274	-0.02845975	-0.01634003	-0.024903576	-0.010120315	-0.188145896	0.022119071	0.023637527
UMARY	1935	-0.167578038	0.747190464	-0.135046238	-0.257094503	-0.079870152	-0.09400176	0.46698592	0.315647558	-0.036401405	-0.389496187	-0.038552894	-0.045562429	0.010716343	0.343987064	-0.184318239	-0.182831173	-0.186506236	-0.023900008	0.07225938	-0.054883733	0.019313137	-0.07137029	-0.21695261	-0.21912657	-0.00181221
UMARY	1936	0.010123354	-0.295572538	-0.014466442	-0.133537018	-0.066018844	0.019908185	-0.553095588	-0.496355584	0.078448989	1.778905825	0.010886552	0.029015808	0.023102793	0.296934531	-0.062553772	-0.034365748	0.096318492	-0.052568025	-0.020763268	-0.01461112	-0.234438028	0.156081342	0.214211135	-0.057833225	-0.019898731
UMARY	1939	-0.153510795	-0.706350905	0.332366817	0.725198153	-0.029824654	-0.21289819	-0.890749148	1.510574655	-1.256401727	-0.239937221	-0.139798216	-0.152896767	-2.232139325	-0.715954533	0.430241878	0.291355115	0.340290017	-0.858089033	-0.456933421	-0.325998334	0.577477576	-1.172383693	0.064539021	-0.625501868	-0.313615351
UMARY	1940	0.060339496	0.008369125	0.141503275	0.206550115	-0.134081947	-0.163888467	-0.36834664	-0.12048846	0.051911109	0.275615517	-0.056215526	-0.025390681	0.235895325	-0.070772546	0.096250214	-0.215948121	0.010215661	0.148736813	-0.04237212	0.062975437	-0.094817492	-0.003382144	-0.140404756	-0.176991144	0.057238038
UMARY	4263	-0.326720651	-0.054174813	-1.013804612	0.168045915	0.133254092	0.090314622	1.20044673	0.045899556	0.05056717	-0.440840775	-0.174298673	-0.040524428	-0.10770679	-0.459943959	-0.03857404	1.593911933	-0.053330656	-0.132253006	-0.043874793	0.057277188	0.27450652	-0.02734384	0.460788475	0.44874681	0.005631861
UMARY	4540	-0.217487458	0.743952121	-0.388804224	-1.040223431	-0.018456081	0.191242164	-0.310705331	0.594394922	-0.18182615	-0.104109466	-0.298465636	0.027175913	-0.186482916	0.214463284	-0.026880701	0.063830016	-0.073586883	-0.061798402	-0.053089486	-0.126743406	-0.038607036	-0.194365436	0.03595377	0.12294429	-0.09071456
UMARY	4542	-0.099206779	-0.071988059	0.301530799	0.106654317	-0.070687833	0.044242993	0.524665216	-0.475945103	0.120095454	-0.387673279	-0.067783071	-0.030911403	0.060400969	0.164391663	-0.026364279	-0.251051738	0.155528534	-0.067425386	0.083765961	0.085236899	-0.00825028	-0.006334646	0.080773465	-0.252372518	0.012914376
UMARY	4543	0.052837147	-0.162613514	0.455092424	0.099418634	-0.051478853	0.035862605	0.15598518	-0.334736247	-0.022237977	-0.146421937	0.0619637	-0.102820112	-0.145018971	0.15778562	-0.053409967	-0.112132636	0.052218646	0.1034583	-0.074120464	0.042336287	-0.126497347	0.043472076	-0.016516557	-0.115826094	-0.05890649
UMARY	4549	0.015786061	-0.06219524	0.222172267	0.109286356	-0.030458573	0.04906675	0.238130115	-0.396658892	0.034582571	-0.301991826	0.117286686	-0.051128467	0.050935433	0.166236216	0.050332129	-0.09725183	-0.05690661	0.078948789	-0.096811911	0.022843929	0.082635645	0.07267093	-0.03265803	-0.068919331	-0.038827804
UMARY	4590	0.11380756	-0.295041098	-0.172030356	0.110911391	0.086432229	-0.126107611	-0.041211894	-0.352779807	0.066532943	-0.36799488	0.060067094	-0.042971935	0.163183184	-0.128965724	-0.110495223	-0.196608201	-0.122816437	-0.115764785	-0.013240359	0.08758543	-0.027782645	-0.029273985	-0.084662692	0.124572903	-0.09770285
UMARY	4593	0.003152715	-0.062572628	-0.016301831	0.15017656	-0.017065317	0.009807102	0.08982529	-0.151895613	-0.131723576	0.03758852	0.09096947	0.135974516	-0.137231157	0.100041049	-0.084108975	0.030821847	-0.136466373	-0.030707213	0.018215873	0.018913667	0.116236973	-0.004159151	0.085254841	0.173310988	0.07564828
UMARY	4598	0.112523652	-0.109315155	0.471680852	0.269678589	-0.102893151	-0.136408781	-0.090032894	-0.153884503	-0.096181738	-0.07287662	0.25326399	-0.065845117	-0.040989896	0.345483399	-0.107438292	-0.075665776	-0.054748652	-0.063326203	-0.014741144	-0.078383265	0.064122561	-0.030852216	0.009756798	0.020537366	-0.032286389
UMARY	4636	0.119940275	0.073121587	0.425308853	0.038676217	-0.034291116	-0.163422777	0.395986547	-0.048865751	-0.050613745	-0.182416488	-0.061796315	-0.099734568	-0.142397477	0.401509211	-0.055441491	-0.123246045	-0.029356656	-0.039428598	-0.064381586	-0.043343938	-0.172030184	-0.016900102	-0.128827443	-0.107944281	-0.129312625
UMARY	4640	0.532635231	-0.07748469	0.109063907	0.106809306	0.219694614	0.069200959	0.142842165	-0.172697801	-0.137185056	-0.035061483	0.1485682	0.068326413	-0.012680649	0.144911717	-0.108585188	0.033701803	0.061023564	0.003095947	0.011453651	-0.133083169	-0.182993664	-0.123172788	0.087135403	-0.053196957	-0.019943665
UMARY	4725	-0.054766351	-0.093410826	0.62655722	-0.482957863	-0.13207023	0.342452146	-0.067025945	-0.025742737	-0.058728796	-0.014801095	0.075150931	0.084946053	-0.162682747	0.081127956	-0.113320122	0.011634228	0.050581632	0.051507815	-0.115597932	-0.142691848	-0.099097589	-0.14171977	-0.229328564	0.154341627	-0.091954226
UMARY	4726	0.192154927	-0.102879025	0.371229182	-0.075351643	-0.012666813	-0.025601119	0.360556673	-0.228720227	0.083772157	-0.06059571	-0.09429938	-0.059353278	0.040358468	0.054526631	-0.009477566	0.089584984	0.044808806	-0.017801523	-0.042836298	0.086750832	-0.089819951	0.015825544	-0.081841588	-0.111234573	0.039781748
UMARY	4727	0.01879201	0.616140766	-0.120071097	-0.527078302	0.042187061	0.058370533	-0.558716827	0.243000989	0.124965369	-0.007369291	-0.095382525	0.064121089	-0.023136203	0.054184798	-0.042516032	-0.077335454	0.109780036	-0.089118873	0.133043246	0.034305704	-0.244636375	0.087022994	0.033260769	-0.078747142	0.058682857
UMARY	4729	-0.202953268	0.219762341	-0.534524009	0.001245117	0.007875924	0.080625898	0.322050129	0.526075686	-0.075279057	0.192316642	-0.218553508	-0.122628036	0.035477393	-0.141224762	0.143753354	0.315082093	0.010996901	0.024857439	-0.01804949	-0.009430264	0.19792656	0.013811722	0.285640266	-0.101091273	-0.107448636
UMARY	4782	0.085439138	-0.248998725	0.26958691	-0.051848375	-0.056637696	0.019155758	-0.0548018	-0.247895302	0.056258532	0.194852596	-0.017241712	-0.058081758	-0.028026822	0.004047642	-0.071772051	-0.033055399	-0.046347687	-0.181002529	-0.123414855	-0.010226557	-0.080241316	0.008837285	0.045295695	-0.257224631	-0.18352453
UMARY	4786	0.315889314	0.185782269	-0.097295501	-0.086824029	-0.041620853	-0.160583808	-0.182966243	-0.190190717	-0.003281895	0.015905188	0.086468189	0.091784805	0.026875351	0.106838849	-0.054949686	0.050395553	-0.059942203	-0.074987756	0.029631826	-0.03660967	0.035175307	0.011487618	-0.075878244	-0.083695652	0.08663531
UMARY	4788	-0.135055283	-0.025220253	-0.199721132	-0.058820738	0.150069176	-0.232374877	-0.359162419	0.068801427	-0.255351544	1.55202945	0.057537237	-0.10605071	-0.187218585	0.176877841	-0.228304789	2.465538104	-0.250861293	-0.162083016	0.378955052	-0.107813841	0.028069555	-0.102383372	1.011301892	0.004374667	-0.170812634
UMARY	4789	0.152078088	-0.526861168	1.852037462	-1.06535585	0.055110673	-0.040463823	-1.038153111	-0.267564874	0.349004418	2.002238043	-0.182756611	0.261235491	0.141304933	0.232084544	-0.024127312	-0.29091126	0.165406429	-0.024232539	0.346353703	0.077878367	0.197362956	0.28465155	0.729570713	-0.051358878	0.102817502
UMARY	4841	-0.22970221	0.300770153	-0.1998799	-0.200820792	-0.069738748	-0.047507386	-0.318557584	0.084812521	-0.083454562	0.069140715	-0.275305775	0.016378418	-0.015421124	0.013974005	-0.001231408	-0.049856702	-0.027102492	0.001161504	-0.058371774	-0.050437669	0.061153664	-0.117331477	0.117744348	0.277293341	0.007993824
UMARY	4842	-0.147320006	0.326867028	-0.420757257	0.078261314	0.193460685	0.062333443	0.225123912	0.24450675	-0.12747108	-0.060171124	-0.443526206	0.181970084	0.102320642	-0.416495848	0.064316052	0.079132671	0.003471146	0.245576187	0.03848089	-0.104048791	0.171139687	0.046996494	-0.050880837	0.455281021	0.044504135
UMARY	4903	-0.04620449	0.169896216	0.067332664	-0.527323272	-0.053511071	-0.012540511	0.150922007	-0.19789675	0.08090687	-0.314087135	-0.215608291	0.048488542	0.105680747	0.030189857	0.17179482	-0.143561629	-0.04089967	0.077867405	-0.045122566	0.21890069	-0.258196631	0.006624557	-0.087158171	-0.268579275	-0.094669766
UMARY	4915	-0.026014543	0.016719199	-0.064671415	-0.408384131	-0.062166279	0.257626367	-0.147801114	0.041123382	0.144596863	0.002240117	-0.403919925	0.072371874	0.031756745	-0.017518006	0.022318341	0.082724787	-0.01519231	0.162888611	-0.041289143	0.017995114	0.142524519	0.030845791	0.103229094	0.229811443	0.102440717
UMARY	4916	-0.195248109	-0.464601418	-0.060772844	0.037691178	-0.065868577	-0.088756478	0.082935179	-0.051136868	-0.057980892	-0.113140779	-0.118653299	-0.007437422	-0.019320108	-0.10808645	-0.092408731	-0.055185819	-0.073216953	0.077627635	0.03344955	0.01933283	0.030972779	-0.015510562	-0.106979273	0.279433471	-0.09278388
UMARY	4924	-0.279360129	-0.572688133	-0.849536741	0.759672613	-0.085265186	-0.056075581	-0.395700535	0.187454426	0.144581097	0.254623578	0.237969372	-0.184440241	0.06064434	-0.529791579	0.29634819	0.336534634	-0.15521844	-0.207976334	0.093485979	0.162389707	0.32129359	-0.005247976	0.218085834	0.226646136	0.239131678
UMARY	5024	-0.545879984	-0.233541112	-0.022729673	0.538171565	-0.042313227	0.036564175	0.040017329	0.380972139	0.072131478	-0.083495789	0.390940987	-0.328380885	0.021216406	-0.201749417	-0.045780042	-0.069394503	0.06389023	0.081012892	0.155480347	0.04515238	-0.179745363	0.100776212	-0.037581748	-0.156215766	0.100525865
UMARY	5028	0.243564703	0.037770425	-0.116326267	0.427378957	0.159399105	0.212412609	-0.507489122	-0.241399033	-0.048405858	-0.429875037	0.000816592	-0.076431035	-0.079689874	-0.138078701	0.220105846	-0.373484309	-0.065291722	0.031522905	-0.125674602	0.02462409	0.089041873	-0.079263046	-0.207316698	0.132985029	-0.024189649
UMARY	5078	-0.011490906	0.039753519	0.172196222	-0.372420755	0.017707776	0.03187935	-0.101744802	-0.060609654	0.040793969	0.131248145	0.079550169	-0.033189905	-0.066440373	0.309879748	-0.055732842	-0.189172738	-0.201360626	-0.020523977	-0.075031219	-0.088097262	-0.039457892	-0.07412881	0.006440675	-0.148244332	-0.083506009
UMARY	5079	0.065849056	0.295432295	-0.063093967	-0.327635815	-0.003314601	-0.120653543	0.177655723	0.268671843	0.075132776	-0.108695402	0.101350645	0.013731662	-0.036819108	0.209844567	0.068673951	-0.098457465	-0.022733144	-0.082284024	-0.01735495	-0.007295889	0.02588788	0.025834938	0.002525073	-0.496551402	-0.024948888
UMARY	5081	0.204343522	-0.331721508	0.108710421	0.312066917	0.067972489	-0.038714623	0.17985715	-0.496144054	-0.090677143	0.282518457	0.061457558	0.123359589	0.090306501	-0.007556444	-0.056117128	-0.011609204	0.097729358	0.003296536	-0.117290305	-0.039353686	0.000145364	0.015146394	-0.165634328	0.036891077	-0.096246927
UMARY	5086	0.10212862	0.29664625	-0.174236761	0.253856303	0.038944422	-0.080803833	-0.064102559	-0.113370858	0.125591313	-0.092945277	0.214899765	-0.011551645	0.07273673	-0.314647379	0.000520483	-0.137727095	0.227038116	-0.10841028	0.097348813	0.07509533	-0.011938008	0.118378257	-0.097605988	-0.121891238	0.033916482
UMARY	5087	0.153480295	-0.087650254	-0.171924969	0.249230807	0.246581578	0.100907683	0.673497512	0.003114815	0.075118844	-0.113395156	0.240777426	0.139558963	0.097878471	-0.033759348	0.126361875	-0.099228448	0.282772112	-0.009381953	0.066343399	0.063031987	0.197853811	0.113836375	0.045704868	0.033967621	0.114606701
