FID	IID	1	2	3	4	5	6	7	8	9	10	11	12	13	14	15	16	17	18	19	20	21	22	23	24	25
BLSA	745	1.149989688	-0.184968694	0.213517639	0.096084056	0.11379161	1.014221431	-0.232013914	0.6709081	0.387147793	-0.067749582	0.05114161	-0.110241523	0.479857906	0.625930849	0.226157584	0.320423501	0.150102073	-0.069514786	-0.498885318	0.539444247	0.37115844	-0.426847044	0.937951449	0.192804198	0.389340769
BLSA	827	0.873810742	-0.276645	-0.195001958	0.074533126	0.14777176	0.286474027	-0.16815184	1.437372902	0.281389758	-0.127733135	-0.281702697	1.448650244	0.011381556	0.144494187	-0.29158321	0.06003424	-0.277839881	-0.254891235	-0.012950292	0.39126806	-0.017568048	-0.370301861	-0.113995644	-0.163193605	-0.230587915
BLSA	1556	-0.070095492	0.098854517	0.096860625	0.093775847	-0.128871504	-0.014510728	0.848371155	-0.070807397	0.108277393	0.169730258	0.29337912	0.676231856	-0.498020716	0.680466186	-0.076589708	-0.026354485	0.297306239	0.23499787	-0.153632542	-0.057747531	0.299421338	-0.120385887	-0.685057889	0.09778165	-0.351695949
BLSA	1579	-0.238209661	-0.223033639	-0.26145164	-0.130952567	-0.010016717	-0.102909877	-0.576224415	0.225297306	-0.175980904	-0.11965749	0.2654708	0.882781888	0.051992526	-0.313685949	-0.136295917	-0.044203114	0.011425265	0.10414319	-0.141422061	-0.305693274	0.558659176	0.371167099	-0.126253123	-0.220697905	-0.499450867
BLSA	1595	0.208129317	0.20165131	0.502005609	0.817573992	0.128826832	0.56736568	-0.054871899	0.135313841	-0.002034734	-0.075622225	0.121228095	0.225868464	0.97046205	-3.162399293	NA	-0.007191573	-0.180008688	0.12357969	-0.124817041	0.255889443	-0.456727538	-0.331241876	0.920317125	0.390907848	0.647834914
BLSA	1603	-0.267012044	0.403581908	-0.108880581	0.006316364	0.045324116	-0.454244789	-0.218275615	-0.609748338	-0.060818045	0.146541094	-0.251026434	-1.731463584	-0.413638682	-0.020990458	0.148300568	0.003459115	-0.119396581	0.046187914	0.126473789	-0.123057761	-0.237244715	0.245607156	-0.245165924	-0.068972292	0.39189984
BLSA	1640	0.032641112	-0.245966379	0.13272488	0.167209623	0.298386911	0.014253628	0.591448689	-0.332343268	0.109388156	0.101213632	0.231094981	1.020476317	-0.44127527	0.080351303	0.098353663	0.286819911	0.092097855	0.016423286	0.00738146	0.135144371	0.176826584	-0.161609857	-0.269065846	0.057492294	-0.029271303
BLSA	1775	0.360431877	-0.407573809	-0.311186651	-0.258192495	-0.500489137	0.095634272	-0.313208365	1.188061657	-0.159241296	-0.027006027	-0.044749636	-1.146469548	0.613471374	-0.051648332	-0.471014629	-0.396880556	-0.354634314	0.211936815	-0.205674055	-0.042104221	-1.129769777	-0.574077756	-0.415063779	0.054875121	0.059420191
BLSA	1802	-0.279392518	0.087178548	-0.148315488	-0.015846771	0.053511915	-0.184440329	0.024078526	-0.782331771	-0.041764631	-0.047622552	-0.224554636	-0.608455399	-0.340823263	0.389711187	0.041412714	-0.315831939	-0.074861792	-0.207142779	0.245787585	-0.128544943	-0.377697537	0.244740664	-0.478191967	-0.109324326	0.096297685
BLSA	1805	-0.664673946	0.698821392	-0.131673417	-0.089582699	-0.091483485	-0.39243581	0.03665147	-0.46511346	-0.228171211	0.177777601	-0.117292884	-1.269696821	-0.162178688	-0.207322801	0.02131948	-0.420384876	-0.044473416	-0.138978345	0.424634814	-0.287720153	-0.016827033	0.431624034	0.058310819	-0.145988563	0.155147538
BLSA	1838	-0.23881806	0.051642965	-0.006726389	-0.034158916	-0.149208069	0.090319525	-0.327962901	-0.048764411	-0.071614746	0.067554956	-0.091901472	-0.171552455	0.169813511	0.27390324	-0.051556239	-0.213097821	0.124223093	-0.268764143	-0.231917504	0.081723662	0.663962013	0.143496591	0.165495798	-0.147407423	-0.219737896
BLSA	1839	0.039761087	0.234327963	-0.119634343	-0.145608631	-0.081062614	-0.153177824	-0.270065432	-0.143542297	-0.063920006	0.183781585	-0.391020851	-0.738714478	0.064785246	0.553216479	0.145779104	-0.115910143	-0.059875092	-0.006256914	0.105835115	-0.113119319	0.147957994	0.310738752	0.102322607	-0.009956809	0.099247906
BLSA	1840	-0.104215644	-0.04270767	-0.097506742	-0.262527233	0.263001059	-0.286522873	-0.304604287	-0.159326334	-0.014117506	-0.076912629	-0.036097118	-0.410351598	-0.134834443	0.183615737	0.150731776	0.035010225	0.163870361	0.105376483	0.103497531	-0.144845507	0.233533639	-0.060830646	0.480985662	-0.131746573	0.053941241
BLSA	1883	-0.110746495	-0.128145582	-0.050426725	-0.093588589	0.074362193	-0.056892093	-0.105833511	0.089438155	-0.11520083	-0.089889547	-0.014414154	-0.017159502	0.03182697	-0.045110654	0.039210411	0.050140743	-0.000976644	-0.019157421	0.182783244	-0.138945647	0.229118424	0.222687713	-0.208629769	-0.094799772	0.080262907
BLSA	1889	-0.210704082	0.064322124	-0.034344821	-0.208454568	0.052948231	-0.036477535	-0.299133423	-0.484539256	-0.164154329	-0.052386552	-0.235077068	-1.501635972	0.066360883	0.30725181	0.044873503	0.048265554	-0.100729703	0.018586171	0.148372991	0.034049393	-0.259353001	-0.021830362	0.109590043	-0.045874571	0.055151042
BLSA	1924	-0.389682498	-0.129439977	-0.070402273	0.124222136	0.303044153	0.035680986	-0.497006346	-0.171476803	-0.170275783	-0.188297002	-0.101615955	0.923987098	0.567001371	-0.284074563	0.002340256	-0.385357302	-0.155527248	-0.157876371	-0.166716342	-0.22729865	0.584300515	0.756235046	0.405853442	-0.077776594	-0.152958147
BLSA	1961	-0.282462789	0.225492878	0.194768769	0.177679932	0.193329974	-0.20536111	0.169276337	-0.65554302	0.001808338	0.164215907	-0.371566541	-1.104460383	-0.346473277	0.188760562	0.310969279	-0.089192267	0.027772182	0.239912703	0.216062279	0.105263963	-0.137862524	-0.064783448	-0.308680793	0.045905063	0.180312869
BLSA	2000	-0.057918977	0.053023398	-0.074668637	-0.060577553	-0.334155996	-0.365991031	0.330943743	0.095341254	-0.082808993	0.104724687	0.326322149	0.145826219	-0.334272036	0.291892162	-0.020856415	0.047192211	0.016627181	0.514477931	-0.033087199	-0.223410277	-0.351943892	-0.238987395	-0.505660646	-0.070766603	0.11070577
BLSA	2020	0.129165715	-0.259136274	-0.033917544	0.048045842	-0.204505934	0.247251319	0.030034394	0.073111726	0.009233364	-0.239336231	0.508435392	1.236506075	-0.058614607	-0.186570582	-0.134280281	0.30315664	0.151271999	0.093862427	-0.248399546	0.022233323	0.095087281	-0.066540798	0.183068603	0.049986903	-0.332825871
BLSA	2037	0.209101592	-0.295838365	0.007036492	0.064247056	-0.225194627	-0.27021815	0.359493544	0.046679973	0.026906932	-0.000203683	0.455052948	1.095305534	-0.413232916	0.239849644	-0.085847029	0.179543191	0.281081474	0.084935231	0.117194708	-0.206418073	0.429896773	-0.11456983	0.196266473	-0.085383599	-0.192019247
BLSA	2066	-0.006913545	-0.058933361	0.044535282	-0.114576345	0.014040949	-0.064452513	0.027425698	-0.013490101	-0.068147195	-0.08845374	-0.324293898	-0.732221145	0.14073524	0.047880009	-0.003833349	0.029872243	-0.181276012	-0.133767634	0.077392497	-0.06157439	-0.483033486	0.115031885	-0.164380173	-0.030669874	-0.126445971
BLSA	2069	-0.172062049	-0.025432937	0.117141132	-0.098590201	0.163341177	-0.028945627	0.269769778	-0.127776311	0.224862456	0.272165126	0.349697138	0.447007691	-0.088800391	0.521649532	0.156691692	0.104714105	0.122268938	-0.200900444	-0.05886484	0.083023733	0.277242813	0.173423219	0.19413625	0.265063155	0.117852138
BLSA	2093	-0.034608653	-0.02349191	-0.062024774	-0.201190267	-0.313733483	-0.12451468	-0.492132569	0.300309308	-0.219230464	0.083119765	-0.088351761	0.365138617	0.162647057	-0.039786435	-0.039664944	0.411582078	-0.124226818	-0.273118081	0.276661814	-0.185334395	0.084880263	0.015060229	0.098839856	-0.147703669	-0.220606444
BLSA	2102	0.124485322	0.182416595	0.397571556	0.044158862	0.187040686	0.389894099	1.171991184	-0.197031455	0.488466484	-0.269954216	-0.028157129	1.074642404	-0.098171401	-0.217383819	-0.074618312	0.13419032	0.235779528	-0.064051556	-0.155711087	0.597773946	-0.684017702	-0.477805629	-0.332992573	0.395445947	-0.081815199
JHU	384	-0.190851586	0.124940442	-0.074062755	-0.054544298	0.160268819	-0.202113175	-0.362294442	0.60202325	-0.077727081	-0.1501747	-0.955395196	-0.705959947	-0.234567255	-0.030348745	0.000433871	0.084258522	-0.154709299	-0.094931914	-0.313264822	-0.229210045	0.168496407	0.091285863	-0.430922791	-0.132367082	0.039347487
JHU	705	-0.128894038	0.25227642	-0.079993462	0.002864639	-0.392726653	-0.26692715	-0.244618924	-0.325550621	0.023978379	0.002712491	-0.612246657	-1.483893752	-0.260110078	-0.088363965	0.053276843	0.225375338	-0.275373935	0.078472415	0.443225635	-0.189664595	-0.163863385	-0.256294628	0.286753425	-0.24683642	0.302233095
JHU	710	0.038566504	-0.079686206	0.13692605	0.103578785	0.140896778	0.084596466	-0.272547615	0.384382854	0.051281398	-0.0115605	-0.311411188	-0.1220395	0.128773873	-0.032204064	0.147344475	0.151985046	-0.053604091	-0.214598932	0.30833314	0.023708743	-0.036584847	-0.035628798	0.160875269	0.042761201	-0.079886087
JHU	712	0.032277497	0.129586073	0.094315981	0.0281736	0.223449636	0.195814364	-0.36125141	0.532253256	0.120130368	-0.094097648	-0.181906965	0.628418038	0.169732285	0.096482069	0.004195024	0.182512569	-0.105172787	-0.158664535	0.086055838	-0.083914012	0.331984239	0.361838583	0.001338578	-0.051205224	-0.176499955
JHU	713	0.670030419	-0.572576879	-0.767850747	-0.398875928	-0.556321822	0.608695443	0.636980996	0.780142719	-0.461946678	-0.653725008	0.239225511	1.544876019	0.02939118	0.295857402	-0.431734255	-0.303491207	0.198837554	0.216731676	-0.493470259	0.197915547	-0.23460038	-0.504348555	0.308833277	0.023827838	-0.048552234
JHU	719	-0.215372564	0.019164153	0.090439288	0.094344516	0.115073097	-0.219823944	0.063203902	-0.814510796	0.081753088	0.366085328	0.357703606	-1.331742591	-0.173289009	0.156995113	0.192052718	-0.191315823	0.083502138	0.025613796	0.285360431	-0.133274953	-0.04342734	0.019038591	-0.329931577	-0.022754843	0.115318653
JHU	993	0.01000427	-0.037625448	0.405507253	0.063391074	0.329101321	0.175130765	0.344807366	-0.092237573	0.276803068	0.063772826	0.591501848	1.626906392	0.737526205	-0.205699639	-0.014118537	0.131312461	0.20336319	0.135464117	-0.067949222	0.506951227	0.098741447	0.080507303	0.310146001	0.387483594	-0.312241308
JHU	994	-0.150595076	0.296632747	-0.035090292	0.004940155	-0.055678248	-0.288696306	-0.185414146	-0.781996364	-0.086440019	0.250090021	0.333495651	-0.551763279	-0.507199182	-0.192335482	-0.058396528	-0.28635888	-0.055000548	0.00162754	0.222370291	-0.081917423	-0.184009921	0.083584615	-0.223590986	-0.065941025	0.242944412
JHU	995	-0.065165426	-0.132711301	0.229808683	0.156127457	0.035937072	-0.086676462	0.381134274	-0.284506723	0.072167477	0.226897192	0.53903339	0.395198621	0.10974198	-0.000382688	0.106946388	0.005721974	0.158157776	0.010285837	-0.470661032	-0.010594488	0.063263779	0.160017026	-0.083501196	0.06503196	-0.082664062
UMARY	142	0.082016898	-0.086872754	-0.001775174	-0.076247469	0.024982144	0.185768613	-0.329347257	-0.076069127	0.033305423	-0.097257435	-0.18812376	0.452017223	0.299095095	-0.14774203	-0.132355318	0.209068129	-0.162826048	-0.029595895	-0.009932179	0.125964961	0.247376495	0.140233328	0.235120378	0.040019996	-0.172908927
UMARY	602	0.024071675	-0.181617968	0.062163574	-0.115632924	-0.023416932	-0.026812146	-0.073519626	0.621592592	0.010559291	0.10068483	0.246692696	-0.097355538	0.153662972	0.250155547	0.047548123	0.109697765	0.039835843	-0.030428628	-0.517531175	0.029947963	-0.033171305	-0.12932196	-0.172997883	0.02720686	-0.123759967
UMARY	604	0.048844349	0.024603915	-0.03601045	-0.039938716	-0.025552313	0.268920747	0.169455547	-0.227787039	-0.000505177	0.000992756	0.370798256	-0.593065081	-0.113186022	-0.021579605	0.062109731	-0.07431146	-0.017116409	0.113635603	0.086873509	-0.039032471	-0.024926285	-0.154393317	0.158595316	-0.033681836	0.214240523
UMARY	813	-0.127152508	0.256467419	0.057008188	0.107279586	0.266580624	-0.083575026	0.112359158	0.524201372	0.074782184	0.043285374	-0.280475023	-0.047267481	-0.200784588	-0.072423816	0.048391165	-0.114188475	0.100474212	-0.057061163	0.01376415	0.091658458	-0.039323799	0.057216041	-0.160149564	0.025808552	0.192300395
UMARY	819	-0.070836214	0.105155535	-0.107060489	0.020213243	-0.105031635	0.02399203	-0.277034341	-0.204038204	-0.073734645	0.01110078	0.011657669	-0.277489294	0.02153312	-0.067462107	-0.082383811	-0.116936674	0.005997722	0.154585146	-0.269392938	0.001503272	-0.196179807	-0.621150392	0.381931746	0.05273499	-0.00626369
UMARY	871	0.035977746	0.047148791	0.072002591	0.073754733	0.264462345	-0.073473061	0.082856916	0.647478216	-0.016727746	0.017607889	-0.43128205	-0.619028394	0.069590889	-0.078352607	0.075393097	0.118013005	-0.051165713	0.129919317	0.232006148	0.029566759	0.014112482	-0.300739842	0.045790667	0.06346411	0.019232364
UMARY	879	-0.102782504	0.239591124	-0.071323759	0.074460078	0.099531456	-0.065672527	0.120277665	-0.537129745	-0.09334792	-0.047053202	-0.071556254	0.138339054	0.030072615	-0.176905011	-0.044628598	-0.244506488	0.028765016	0.205633395	-0.09493021	-0.006394508	-0.079831955	0.017853643	-0.194245762	0.014735704	0.159474717
UMARY	880	0.075545145	0.055445798	0.166948237	0.080605831	0.318142584	0.003837448	-0.264197711	0.434584979	0.148897261	0.023660582	-0.468809481	0.158284934	0.204055415	0.200445604	0.13862164	0.374844706	-0.029621813	0.019244487	-0.233231602	0.136735378	0.64234118	-0.363479986	0.194269731	0.152094048	-0.067382183
UMARY	914	0.025514214	-0.051853179	-0.094687484	-0.03595207	-0.22875572	0.004470943	-0.076881797	-0.219298378	-0.051288385	-0.061948581	-0.163002389	-0.310194604	-0.345027585	0.028345781	-0.039325548	-0.063400716	-0.129865317	-0.072315825	0.001504302	-0.03384801	-0.002802696	-0.063479258	0.269030247	-0.09324604	-0.044121301
UMARY	933	-0.090316208	-0.125905024	0.006151577	-0.08922068	0.046696352	-0.187679991	0.05202622	0.692006397	-0.050592646	0.019995284	-0.042910701	0.281872857	-0.120652916	0.264759097	0.078012956	0.064600348	0.000992575	-0.071326223	-0.190734605	-0.120347402	-0.000113704	0.377697469	0.013933255	-0.041856061	-0.081027671
UMARY	1028	-0.09772551	0.105189861	-0.202726698	-0.205720165	-0.097296113	0.056932037	-0.012374073	-0.489812959	-0.13100175	-0.015137866	-0.311724792	-0.500057808	-0.146617572	-0.118111147	-0.168458595	-0.000242965	-0.121067685	0.008010913	-0.224376038	-0.016414498	0.267719017	0.309060844	-0.309293497	-0.114190347	0.207027312
UMARY	1037	0.12626516	-0.155516713	-0.065291528	0.003224651	-0.312647358	-0.276189662	0.02775754	0.673243713	-0.028352626	-0.089881678	0.306105907	-0.180402029	-0.397342368	0.050381132	-0.089782516	-0.115002464	0.065712517	-0.12792151	-0.18394844	-0.201549374	-0.133278428	0.159519062	-0.477839375	-0.113301015	0.079909424
UMARY	1064	-0.059392394	0.03957838	0.08095853	-0.034867562	0.091184953	-0.097795235	-0.25696442	-0.386686369	0.01053806	0.072289897	0.173831318	-0.603407842	0.289790923	0.456827616	0.089068402	0.171411454	0.213618513	0.046771431	0.029549016	0.008423382	0.45647845	0.311590306	0.26705235	0.054676496	-0.130044274
UMARY	1065	-0.156518997	0.057701898	0.293354007	0.097235295	0.179191146	-0.363390084	-0.117015726	-0.126635223	0.14403821	0.169291579	-0.571094725	-0.23007246	0.116079819	0.328440938	0.060385236	0.179156008	-0.098702078	-0.166153057	0.318471558	0.112350508	-0.102447502	0.16288088	-0.263270362	0.114480144	0.065138726
UMARY	1076	-0.004608827	-0.034461195	0.052870477	0.085231251	-0.127397301	-0.033572933	0.031114718	-0.80503444	0.05532608	0.032725285	-0.05883772	-0.26672631	-0.292205387	0.028719395	0.011196274	-0.04446385	0.114840512	0.094445284	0.124166224	0.158263841	0.024137375	0.342139355	0.029731547	0.097399439	-0.026463464
UMARY	1078	-0.073792876	0.056718588	-0.205346223	-0.231351993	-0.097207858	0.100977273	0.227965458	-0.491874965	0.033376799	-0.123059615	-0.323493563	0.074466904	0.10474113	0.331547823	-0.144203123	0.141662703	-0.267477553	0.133471203	0.229143769	-0.14365216	-0.266483922	-0.206534465	-0.219733506	-0.205934061	-0.329102013
UMARY	1079	-0.019138172	0.000973929	-0.176813625	-0.079941099	-0.090819095	-0.15714998	0.144275078	-0.216380776	-0.107103107	-0.095487015	0.174379743	-0.329187199	-0.312279274	-0.177126941	-0.079090268	-0.090322074	-0.108635439	0.014933157	0.187423977	-0.090696036	-0.125420154	0.136935635	-0.184806351	-0.165361129	0.185313651
UMARY	1104	0.055209963	0.152282692	-0.032493809	0.020895088	0.08384427	0.038060925	0.08955188	-0.073945779	-0.111699484	-0.00945915	-0.089052706	0.045689821	0.257771123	-0.100162514	0.00085628	-0.065138487	-0.04894506	0.248505171	-0.253740246	-0.047755209	0.023553834	0.123362348	-0.258993693	0.045841455	0.060348979
UMARY	1105	0.199445706	-0.162758064	0.076902947	0.126997991	-0.083869084	0.23821637	0.285227133	-0.318278642	0.00253549	-0.042446409	0.607663833	0.069326117	-0.115282232	-0.133977237	0.065293441	-0.02668628	0.062885292	-0.193623581	0.113432731	0.101927945	-0.225672143	-0.092945085	0.23228334	0.086961415	0.043657021
UMARY	1114	-0.170119448	0.022110649	0.041129651	0.085857442	0.289217934	0.12780329	0.238130134	-0.004196842	0.042507114	0.052656355	0.029790072	-0.487217503	-0.268736994	0.082714809	0.092533053	-0.178498539	0.078496418	-0.01175071	-0.225286426	0.031828572	0.292892853	-0.167439926	-0.358715206	0.071862643	0.093646507
UMARY	1133	0.180192814	-0.169647035	0.338671711	0.067179576	-0.182142825	-0.145914745	0.130565338	1.552314905	0.150805094	0.162567539	0.20245918	0.045154292	-0.8849292	0.381656501	0.225027902	0.055172307	0.170909762	-0.349566351	-0.225298998	0.043725799	-0.247254531	0.176449685	-0.897960377	0.122156679	-0.09420733
UMARY	1134	0.032153501	-0.000931714	0.075967831	0.112810908	-0.063788748	0.006568606	0.145835167	0.089119953	0.02850536	0.055662357	-0.281621716	-0.144229398	0.013805778	-0.090366051	0.042756546	0.043266449	-0.035340788	0.008126381	0.048846951	0.111615188	-0.330112808	-0.328551751	0.337296366	0.011900611	-0.058054487
UMARY	1136	-0.063991238	0.156792279	-0.061458431	-0.076304563	-0.149236972	-0.072409168	-0.140816248	-0.329219272	-0.00327719	0.028120394	0.049533529	-0.490520164	-0.258925398	0.03110684	-0.062370348	-0.100185106	-0.026206892	0.004952473	-0.469621848	-0.123592125	-0.090705673	0.025109889	0.369856926	-0.120375501	0.140154649
UMARY	1158	0.046452453	-0.209312222	-0.012246777	-0.027204641	-0.02204253	0.112213082	-0.110332446	0.753790012	0.005661874	-0.076385585	-0.144177309	0.412224212	0.083997269	-0.027448813	-0.048975267	0.012694369	-0.079480286	-0.140725347	0.120247453	0.023632877	0.063504548	-0.150271334	0.289632905	-0.02780895	-0.140874647
UMARY	1170	0.165268707	-0.262826239	0.02042224	0.008661658	-0.141642021	0.143437188	-0.172463977	0.556530972	-0.028488301	-0.005237316	0.002257041	0.349751586	0.079405513	-0.035952474	0.007839347	-0.001095859	-0.095695272	-0.204472517	-0.329073931	0.034194775	0.052515686	0.251240756	0.019600877	0.024296376	-0.172306038
UMARY	1206	-0.026734991	-0.100434679	0.037173241	-0.046424097	0.029975101	0.051798779	-0.401111212	0.405609037	-0.044470376	-0.073513286	-0.275293005	0.492738985	0.139962268	0.024921713	-0.03284214	0.223741861	0.052677442	-0.044162817	0.0787899	0.045747349	0.740521518	0.235021057	0.605988102	0.135495821	-0.273869901
UMARY	1209	-0.134577088	-0.246434743	0.112952512	-0.034569844	-0.08064223	0.129522348	0.253046619	0.522742105	0.076263522	0.013125852	0.057647972	0.670975353	0.443274136	-0.196163193	-0.059150036	0.114795787	0.072541316	-0.076968794	-0.06721636	0.010689967	-0.318413269	-0.3627102	-0.120573922	0.000130814	-0.097646762
UMARY	1226	-0.097115928	0.116041055	0.026989858	0.046606566	-0.00525459	0.107144472	-0.000929973	-0.136417243	0.044759694	0.130256363	0.134815803	0.032165702	0.399868045	-0.012631929	0.037185079	0.134887319	0.071655787	-0.215847637	0.094011301	0.037869587	-0.03316888	-0.254391368	-0.084505663	0.089756434	-0.256251037
UMARY	1230	0.063886729	-0.118707178	0.037284312	0.015616442	-0.03946753	0.012357376	0.08089176	0.57117063	0.036512724	0.013649632	-0.019736526	-0.313153019	0.067926761	-0.015484798	-0.06039132	-0.184138233	0.046110688	0.108987006	0.068838626	0.062995433	0.038246776	0.062457226	-0.172191747	0.033474626	0.191218262
UMARY	1260	0.253890389	-0.033813732	0.118672025	0.142750973	-0.020020305	0.128787972	0.0954065	0.251387581	0.1856518	0.136320356	-0.06229228	-0.549683063	-0.034144027	0.058084672	0.142157938	0.181300318	0.075069428	-0.035678693	0.117666406	0.218618324	-0.169768927	-0.263836278	-0.124488546	0.116022395	0.144638681
UMARY	1326	0.083727061	0.102612609	-0.006188819	0.055823217	0.332688976	0.06490442	0.145579314	-0.140728907	0.002012377	0.04413899	-0.134503865	0.035775265	0.053640676	-0.177510947	0.006455205	-0.199363234	-0.067494257	-0.115317736	-0.422503803	-0.058899198	-0.074624433	0.108562704	-0.382114566	-0.051760471	0.264631971
UMARY	1454	0.038694591	-0.265533126	0.129048601	0.07183519	0.153044914	-0.073527287	-0.08751658	0.110406213	0.011304961	0.023132421	0.112029423	-0.025334301	0.176413733	0.04418048	0.104522396	0.084897569	0.107975703	0.043533979	-0.135364717	0.04624399	0.598250245	0.183814696	0.094573135	-0.018428617	-0.301168809
UMARY	1465	0.024014296	-0.048353897	-0.016638651	-0.023792527	-0.171271871	0.099919215	-0.290153136	-0.654848243	-0.082058564	-0.102490757	-0.219557591	0.754115019	-0.125497488	-0.172635362	-0.070640488	-0.079896997	-0.19737852	0.089181507	0.230788978	-0.051710912	-0.05658448	0.023961166	-0.004864428	-0.038714598	-0.212849401
UMARY	1486	0.006212901	0.269338969	-0.136918006	-0.031416923	0.388341958	-0.136837976	0.077359502	-0.223855666	-0.043921913	-0.108877928	0.135717416	-0.04173138	-0.265574873	-0.123347897	-0.048610497	-0.02635415	-0.072181118	0.035948083	0.094147304	-0.088365828	0.060828865	0.027489641	-0.030114916	-0.056844516	0.088128163
UMARY	1498	-0.03784662	0.169350058	-0.047496676	0.060192063	-0.057588359	-0.019858251	-0.198952844	0.17572743	0.013909957	-0.047526141	-0.016884428	-0.159827005	0.390073631	-0.095442817	-0.038657225	0.055155017	-0.10070206	0.176423762	0.090162901	0.016326206	-0.052933608	0.130462756	0.347113177	-0.03824522	0.087564633
UMARY	1502	-0.13563826	0.136830836	-0.081860954	-0.141327507	0.345807431	-0.042348879	0.182281406	0.055925418	-0.134249935	0.047752108	0.184960886	-0.108413623	-0.216540289	-0.203358488	-0.102236509	-0.298283482	-0.020692469	-0.032174841	-0.357616145	-0.101097291	0.04050261	0.146788215	-0.629799608	-0.02747027	0.138460467
UMARY	1535	0.110361557	-0.178583076	-0.029685964	-0.069713131	-0.01333802	-0.071387263	0.004349966	-0.173945301	0.056453404	0.155920435	0.298025597	-0.02402744	0.015719496	-0.023101512	0.051548479	0.022612179	0.111581383	0.188149305	0.373208377	-0.007887043	-0.05792818	0.007653347	0.354561973	-0.024370301	-0.101700251
UMARY	1540	-0.236291467	0.485806016	-0.094032599	0.008677274	-0.425510685	0.076474404	-0.24180767	0.248874091	-0.09243031	0.002095044	0.233229844	-0.497531643	0.142390832	-0.109182334	-0.082319675	0.043836728	0.003215307	0.047976549	0.168828039	-0.147297287	-0.316992499	-0.25651368	0.254699447	-0.011749238	0.016114493
UMARY	1541	0.009017588	-0.126981103	0.029984954	0.05393925	-0.113424751	0.065611094	-0.061852275	0.057055015	0.034638368	0.114127417	0.239881149	-0.092452895	0.021200744	0.081168189	0.101119326	0.0615856	-0.012270904	-0.0158692	0.052002276	0.064585952	-0.087391933	0.015985127	0.399714689	0.104527731	0.105306113
UMARY	1544	-0.05831433	0.106534074	-0.112496809	-0.091281703	0.107273742	-0.033595477	0.321300428	-0.147051744	-0.099625862	0.003731176	0.366429284	0.072145387	0.110198637	-0.141498473	-0.023252315	-0.013058383	-0.117760283	0.115558568	-0.146557431	-0.170413845	-0.134942387	-0.101173745	-0.475188089	-0.021189462	0.166477711
UMARY	1545	0.039015864	-0.155173595	-0.017853792	0.082225032	-0.323758418	0.011716709	0.311370039	-0.484806221	0.089982797	0.297864999	0.559825999	-0.668701606	-0.566563421	0.184313186	0.167778972	-0.409271483	0.238478598	0.123291519	0.223513801	0.022044241	-0.101595959	-0.223735561	-0.310073869	0.094258596	0.144064246
UMARY	1568	-0.085344485	-0.079314452	-0.026680221	-0.074373599	-0.059330233	-0.099442476	-0.022778197	-0.086950507	-0.02027759	0.138299929	0.079188669	-0.158168263	-0.001515638	0.090959678	0.06756273	-0.051648256	0.1191943	-0.050445731	-0.085102882	0.005151828	0.41057468	0.218810933	0.016411705	-0.003304715	-0.143703603
UMARY	1570	-0.041323831	0.355722149	-0.01582154	0.032693137	0.049288132	0.012691499	0.032565866	-0.12506668	-0.016767535	-0.049700508	-0.176807159	-0.048523879	0.033370887	-0.124877811	0.038950596	0.057580215	-0.113236683	0.128569636	0.232294036	0.010148363	0.015374295	0.210176047	0.444550479	-0.028586734	0.203581526
UMARY	1571	0.034081306	0.005148266	0.063762114	0.016571351	-0.057462229	0.008597672	0.294283056	-0.670203271	0.035427034	0.157382672	0.44945123	-0.322781495	-0.419642548	0.102895656	0.032798455	-0.390701635	0.070514777	0.096711788	-0.13799897	-0.060922987	0.070478636	0.065583413	-0.628730589	0.086670327	0.345017432
UMARY	1578	0.051812463	0.173816452	0.024446109	-0.092308214	-0.345986032	-0.180722569	0.301580426	-0.522921498	-0.046111041	0.214179779	0.292368449	-0.473738958	-0.401507544	0.026205295	0.040427477	-0.172664338	-0.020416571	0.215847461	0.028864575	-0.133849168	-0.275435346	0.067608827	0.460657926	-0.047662676	0.104681417
UMARY	1583	0.105577487	-0.051660866	0.081306584	0.086570119	0.285624339	0.23342816	0.214665628	0.256932032	0.200096343	-0.049780428	0.277829951	0.054505119	-0.185901099	0.142842271	-0.00401093	0.035440787	0.432015849	0.123027496	-0.093695583	0.178118323	0.685817194	0.09952353	0.804958521	0.11619759	-0.311598757
UMARY	1584	-0.195100988	0.028397376	0.039328408	0.061907489	-0.101434502	-0.171511467	0.064778076	-0.128857293	0.023168974	0.072451796	-0.018087779	0.162286764	-0.066061883	0.168194707	0.12782996	0.026237185	0.033248633	0.083942144	0.303361769	0.018624146	-0.23234935	0.090470605	-0.159515994	0.014287212	0.131273264
UMARY	1611	-0.034704521	0.150375501	-0.231911783	-0.233710091	-0.171112713	-0.199247338	-0.313174063	-0.768108375	-0.136105722	-0.029372809	-0.077268292	-0.274974883	-0.412793411	0.275708828	-0.012646149	-0.097204071	-0.084823193	0.016177185	0.127943401	-0.21444572	0.180497052	0.073326752	-0.017746965	-0.166218482	0.157105477
UMARY	1612	0.138447693	-0.101725649	0.107079129	-0.043386756	0.02546087	-0.027613865	0.023078469	0.4935096	0.063116013	-0.105475156	-0.470408601	-0.304428456	0.240407082	0.306290938	0.036569765	0.376878986	-0.208788233	-0.311108051	0.210400462	0.048692503	-0.235906956	-0.278874562	-0.382472946	-0.003973153	-0.203099565
UMARY	1613	0.107420023	-0.245192025	0.183546592	0.084408579	0.203701089	-0.06140704	-0.486046374	1.313680934	0.0073147	-0.030839144	-0.746913997	0.511258175	0.211248212	0.075896778	0.128674786	0.418814191	-0.110015296	0.133706862	-0.506704344	-0.016877742	1.176242215	0.257514006	0.968665413	-0.096695277	-0.373194673
UMARY	1614	-0.050787722	0.093990001	0.082018876	0.058675287	-0.048078834	-0.017562491	-0.322208245	-0.091899549	0.12823548	-0.016446443	-0.376948194	-0.036587759	-0.223328573	0.101058989	0.114083937	0.135766761	-0.046024584	0.028446305	-0.085929705	-0.00881681	0.076900091	0.094063011	0.268335787	0.01189838	-0.135183302
UMARY	1648	0.006260137	0.330726563	0.051301439	0.042501948	-0.134195161	-0.120702796	-0.02735725	-0.099413382	-0.049133875	-0.139792426	-0.436081384	-0.516613255	-0.032940248	-0.019992977	-0.012051173	0.141163589	0.014535278	-0.296782419	-0.052925449	-0.028874678	-0.118842681	-0.045969409	0.013711701	-0.049119221	0.341426962
UMARY	1652	0.1502833	-0.181071354	0.058734734	0.013331336	0.338215607	0.004279387	-0.341990101	0.665439174	-0.011599267	-0.061072559	-0.629856621	0.349346318	0.289084008	0.18294224	0.090602862	0.411992478	0.034666694	0.280348425	-0.003682557	0.110524521	0.971204727	0.109679852	0.6179548	0.050076026	-0.563578781
UMARY	1668	0.118211747	-0.153775557	0.097523255	0.055416867	0.334743651	0.145850587	-0.171118414	0.053921544	0.092096479	0.087282973	-0.213362642	0.118222066	0.300312521	0.048751806	0.196264819	-0.054675547	0.051291721	-0.123773084	-0.215294039	0.0549713	-0.07098147	0.073282977	-0.100890069	0.112647729	0.002169815
UMARY	1710	0.264546399	0.049831739	-0.104307111	-0.156026845	-0.17939124	0.118864675	-0.193855934	-0.274622452	-0.102899576	-0.10256841	-0.256085415	-0.239281986	-0.025279019	-0.032404014	-0.033510068	0.039791498	-0.182334844	-0.056113535	0.228871972	0.047945058	-0.291112203	-0.157262437	-0.016009646	0.04243371	0.039492191
UMARY	1712	0.02558533	-0.10871925	0.068501138	0.066366102	0.037385942	0.147881053	0.139104685	-0.163886527	0.050962256	0.005414982	-0.0157386	0.31019558	0.016561523	-0.040963977	0.077297301	0.000848792	0.1038973	0.121615336	-0.167557086	0.069383888	-0.073129528	-0.253463895	0.15718349	0.074514561	-0.041281394
UMARY	1713	0.015687478	-0.265651277	-0.032933485	-0.040952577	-0.034606009	0.08992655	0.225930563	-0.328308462	-0.071855779	0.019777433	0.337805497	0.655452006	0.065003854	-0.098942653	0.04241517	-0.103963917	0.021204151	-0.101221818	-0.072159959	-0.047769904	-0.065187118	0.08041846	-0.247076208	-0.078441812	-0.038519394
UMARY	1715	0.100061328	-0.167813647	-0.020360581	0.038341419	0.021484467	0.044379641	0.107030823	-0.375699153	-0.025018451	-0.039387932	-0.099073481	0.439494405	0.081083954	-0.179552891	-0.008560036	-0.099139844	0.166737789	-0.074359747	-0.00968516	0.047262416	-0.016913746	-0.092986881	0.061363934	-0.029833602	0.053518544
UMARY	1792	0.066495559	0.247506252	-0.038890479	-0.020304634	0.164071315	-0.061988628	0.060560422	-0.481889727	-0.006225343	0.074378749	0.090319464	-0.240513249	-0.191435328	0.00609133	0.090560421	-0.097596337	0.076403466	0.141262999	-0.072643486	-0.010873108	-0.057734584	-0.28429862	0.082626232	-0.035322118	0.122961039
UMARY	1795	-0.047636441	-0.027670866	0.061441895	0.020276001	-0.078945929	0.031411983	-0.067235021	-0.045720743	0.013595572	0.043961412	0.464008971	-0.165677379	0.270981969	0.002773473	-0.010793989	0.208312359	0.015848593	-0.042907423	0.277628016	0.000962902	-0.21876057	-0.136552606	0.153397819	-0.037340474	0.040872432
UMARY	1797	0.114348108	-0.136245889	-0.075182322	-0.082963497	-0.188013855	0.02050044	-0.28193837	-0.405894425	-0.059587409	-0.116847617	0.149063646	0.18443389	0.310798331	-0.100628248	-0.052880905	0.078242843	0.086143436	0.043214189	0.172130965	-0.071468571	-0.170513362	-0.197690706	0.047474864	0.036914969	0.107032647
UMARY	1825	-0.100574	-0.00304904	-0.121876577	-0.008288016	-0.028435391	-0.049461784	-0.09425041	0.318882935	-0.073040487	0.012682373	0.02003886	-0.268617836	0.056460378	-0.085409058	-0.096871539	-0.156557397	0.006337099	0.098839124	-0.262388891	-0.070519576	0.209077428	-0.220513934	0.108847678	-0.02209903	-0.06660454
UMARY	1827	-0.001631655	0.20286366	0.043657805	0.019454745	-0.09225617	-0.163574621	-0.016515503	-0.597862723	0.017826988	0.163079167	0.188131609	-0.519425208	-0.227653119	0.043197614	0.081737444	0.08713445	0.108692569	0.309008689	0.084069466	-0.074029582	-0.090752195	0.047843781	0.523433017	-0.011677464	0.135750547
UMARY	1830	0.102952042	-0.243639877	0.221946839	0.221551888	0.187013098	0.149958304	-0.046260804	0.177028134	0.159473505	0.071261284	0.285861186	-0.085117258	0.529350556	0.052829139	0.113192517	0.25739212	0.257674073	0.036488132	-0.170714906	0.113398369	0.442001391	0.144477546	0.310255366	0.21161313	-0.368261334
UMARY	1846	-0.030655256	-0.010219338	0.075000738	0.021544956	-0.031862658	0.043915363	0.055293214	0.266291466	0.004105669	0.016601085	0.314791453	-0.334790771	0.023185942	-0.150653409	-0.016657398	0.026164635	0.082197814	-0.06344103	0.049029277	0.036864164	0.044557137	-0.096957996	0.496052646	-0.012443417	-0.071833839
UMARY	1847	0.087633299	-0.244006127	0.026112109	0.002672473	-0.030135866	-0.095286912	0.225391166	-0.494664436	0.026264691	-0.008185027	0.438575197	0.648426753	0.09321255	-0.076678889	0.006359	0.134876677	0.217533332	-0.197420189	-0.041785575	0.020770695	-0.178076198	-0.10722017	0.268592354	-0.053555266	0.0009672
UMARY	1849	-0.103992825	-0.006824147	-0.072668865	0.039144948	-0.334703463	-0.174629065	0.012770662	-0.563994124	-0.035372184	-0.041373773	0.070886221	-0.632523709	-0.439440896	-0.10560283	-0.066003948	-0.567583197	-0.02646641	-0.162264615	0.048151406	-0.118401151	0.262802751	0.285979325	0.191692962	-0.070281725	0.021813019
UMARY	1862	-0.012691211	0.025174612	0.041204966	0.073050901	-0.139205607	-0.043632243	-0.091965247	0.053731303	0.017456001	0.125186496	0.067489863	-0.28361781	0.098399311	0.068347232	0.159246314	0.040564515	0.101832447	0.137742755	-0.073256257	0.055914225	-0.001536277	-0.146985307	0.406360846	0.045232418	0.120958529
UMARY	1865	0.066036795	-0.019009563	0.073864137	-0.05925405	-0.07620473	0.112993229	-0.040550638	0.560154725	0.051429057	-0.078823842	-0.10294238	0.162642518	0.789733388	-0.16466904	-0.069246991	0.035507504	-0.145614944	0.179413539	0.366985401	0.077955877	0.116089295	0.085275176	0.328971437	0.034108699	0.165395786
UMARY	1866	0.13939419	-0.029853211	-0.112812495	-0.070787588	-0.289499916	-0.095879533	-0.034277738	-0.075795242	-0.14339081	-0.091906742	0.028695671	0.069153785	0.001707663	-0.094339334	-0.012621299	-0.084002809	-0.107048861	0.014573519	-0.076466513	-0.056765561	-0.109099756	0.241839842	-0.03059537	-0.101033621	0.165215182
UMARY	1867	-0.028504579	0.253321696	-0.014824145	-0.073677115	-0.035203498	-0.050477486	-0.032614976	0.015918417	-0.025624599	-0.102041551	-0.270039678	-0.060042008	0.406769748	-0.125595356	-0.049209263	0.018794383	-0.080130616	0.128693328	0.032405702	-0.036787753	-0.170904192	0.199591299	0.203281957	-0.004337514	0.201963419
UMARY	1902	0.041618648	0.164478678	-0.042251102	0.044087492	-0.080134433	0.059321792	-0.167839597	-0.061091499	0.015255824	-0.031850593	-0.401944294	-0.330847928	0.200522609	-0.136121533	-0.035770696	0.120991586	-0.103462043	-0.076397629	0.40856362	0.073835569	0.009814345	0.003145561	0.076697272	0.088879921	0.243662378
UMARY	1903	0.103268117	-0.072630403	0.088070084	0.079619161	0.052177361	0.090489448	0.091412556	-0.542488252	0.053302446	0.057387505	-0.310114727	0.033928404	-0.199786382	0.005229226	0.201996688	0.002228857	0.038820243	-0.14223488	-0.135286654	0.081472672	-0.09104097	0.155979515	-0.137687508	0.114872185	0.224153761
UMARY	1907	-0.128296596	-0.140087694	-0.092316218	-0.031990198	-0.187895019	-0.149937071	-0.257809863	0.571246445	-0.140527196	0.046799316	-0.167003084	-0.177141022	0.181626522	-0.126283584	-0.150627583	0.021973617	-0.300320581	-0.100882909	-0.122606883	-0.106102907	-0.063810188	0.027360457	0.010917969	-0.161929396	-0.172840856
UMARY	1917	0.235297384	0.042136064	-0.026574391	-0.108362984	-0.070223667	-0.005494432	-0.126149647	-0.222872267	-0.101800754	0.126139033	-0.096368004	0.05349568	0.181334709	0.080848671	0.039189415	0.292118481	-0.056832014	-0.012462664	0.322890917	-0.065532683	-0.205146817	-0.154390819	0.337817689	-0.032093255	0.247718513
UMARY	1935	-0.095564298	-0.181403526	-0.07468332	-0.144960335	-0.201789827	-0.106854085	0.034379613	0.668700294	-0.087254314	0.064887347	0.153120423	-0.188166587	-0.329883995	-0.032100804	-0.041710493	-0.080339258	-0.140453048	0.094062715	0.208647636	-0.171821825	-0.200202827	0.263631873	-0.191976805	-0.108802854	0.114257945
UMARY	1936	-0.089634195	-0.08740334	0.031687045	0.075513928	-0.214113505	-0.168612276	0.007306872	-0.749613434	-0.05142109	0.162301689	0.267455677	0.205860854	-0.624042708	0.045539021	0.061269323	-0.315991754	0.037085728	0.011114116	0.240889931	-0.003683087	-0.266085614	-0.227795873	-0.113206678	0.045871299	0.031511458
UMARY	1939	-0.451024837	0.248588714	-0.388371222	0.271057632	0.614187688	0.724509521	0.384707505	0.585187902	0.236401329	-1.154614766	0.558141884	2.057231723	1.439983018	-0.901668069	-1.166039832	-0.209704367	0.042708975	-0.437594532	-0.447014587	0.481404186	-0.745589946	-0.289165183	-0.241837775	-0.128156425	-0.225190691
UMARY	1940	0.046479844	0.316298293	-0.042207388	0.025774947	0.195162048	-0.01396726	-0.448054691	-0.030608457	-0.00691889	0.070859116	-0.657853317	-0.92349274	0.117198837	0.136276698	0.092818988	0.014163696	-0.181910576	-0.021877179	0.320859045	-0.053599078	-0.132921469	-0.068458129	-0.251777682	-0.029701778	0.136142164
UMARY	4263	0.275882699	-0.240838722	0.022651458	0.050309482	-0.101911023	0.005875371	0.018585552	0.938820079	0.02304873	-0.112877322	0.108847959	0.684685321	0.337929864	-0.134277163	-0.108673626	0.312959627	-0.121475437	-0.031647918	0.347664359	0.014490273	0.020101756	-0.304491372	0.595873158	0.024909854	-0.051940435
UMARY	4540	0.033706171	-0.133526969	-0.112325311	-0.017490327	0.239562501	0.133998214	-0.039201069	0.813860021	-0.176907134	-0.153639336	0.055583295	0.380937393	-0.00135833	-0.271690131	-0.193727818	-0.158115564	-0.053079292	-0.230952961	-0.589537428	0.079407061	0.042163015	0.121277202	-1.011689986	-0.061868752	0.148094826
UMARY	4542	-0.135770836	-0.023845466	0.108903116	0.113560733	0.161935558	-0.200147026	0.117430811	0.123329877	-0.003451563	0.127048458	-0.012011709	-0.450708963	0.366073737	0.124259428	-0.001958333	0.235006284	-0.024408385	0.076013264	0.036654445	0.016876334	-0.289357666	-0.096155798	-0.482574239	-0.001027222	-0.070597596
UMARY	4543	-0.05553525	0.13042454	-0.056561006	-0.03470021	-0.193948242	-0.028558235	0.132243124	-0.534894411	-0.061404126	-0.132481893	0.017606941	0.288634782	0.021830741	-0.122590022	-0.060589521	-0.075781353	-0.01356239	-0.004772893	0.143872499	-0.00579687	-0.258266838	0.151192513	-0.376934395	-0.006559022	0.124198193
UMARY	4549	0.00383286	0.564065045	0.009988539	0.10665815	0.047066169	-0.053512496	-0.04317684	-0.402733762	0.016115187	-0.045618491	-0.421964899	-0.156831013	-0.098198131	-0.084940946	0.068962966	-0.198056857	-0.055109194	0.251625578	0.144426195	0.029491541	0.005819371	0.011034168	0.200472876	0.055273257	0.15597066
UMARY	4590	-0.36140652	-0.057792387	-0.138565863	-0.28815037	-0.197538895	-0.106876405	0.24133937	-0.393812565	-0.01611244	-0.029962995	0.026382165	0.453206214	-0.119368077	0.393024835	0.079903369	-0.007427293	0.166510086	0.123676518	0.448012661	-0.198492644	0.208234294	-0.034273245	0.157097575	-0.044105809	-0.039273341
UMARY	4593	-0.031923065	0.107524443	-0.118498868	-0.005324664	-0.143606162	-0.098946189	-0.013047672	-0.152327273	-0.049832993	-0.012776286	0.003581829	0.428090292	-0.113398986	-0.005462715	0.050606967	0.073921442	0.064699419	-0.069406586	0.007294014	-0.032080053	-0.161439143	0.232607687	0.214455585	-0.101431813	-0.106459129
UMARY	4598	0.023711917	0.232793532	-0.132066554	-0.042273935	-0.004001101	-0.022470759	0.19052748	-0.207486445	-0.05532353	-0.061343824	-0.118288591	0.282426186	0.072653058	-0.1114706	-0.063819374	-0.084193074	-0.029467976	-0.092432895	0.157120027	-0.121775611	-0.048227828	0.180727342	0.079558118	-0.096877621	0.182796159
UMARY	4636	0.038057052	0.043911782	-0.013334587	-0.117562852	0.06967291	-0.066508569	0.246905683	0.192511533	0.009706056	0.008763279	-0.122001103	-0.681651553	0.172766955	-0.025293521	-0.023113654	-0.057995391	-0.061477844	0.015646115	-0.000183771	-0.001810936	-0.169356552	-0.097379725	0.196092511	-0.084206982	-0.00281718
UMARY	4640	-0.116542873	0.014183963	0.01306306	0.015811413	-0.238741402	-0.116632725	-0.034509301	-0.060393306	0.028949175	-0.007527734	-0.207694974	0.622448738	-0.159535855	-0.03915518	-0.111077062	-0.048359611	0.008839697	-0.328593604	0.169413129	-0.044229154	-0.000222535	0.382127135	0.308577191	-0.030970264	-0.052565346
UMARY	4725	-0.067403705	0.324698309	0.012108539	-0.027254295	0.14948512	0.073945374	0.266292749	-0.587038137	-0.087724335	-0.099331331	0.114178028	0.06288555	0.253939457	-0.138643682	-0.149135059	-0.431324514	0.022337404	0.136084636	0.094285268	-0.002708931	0.162285125	0.273774646	-0.51021805	0.044898499	0.290519172
UMARY	4726	0.102389204	-0.072574053	-0.022397818	-0.029773168	-0.173269799	0.028991781	0.317024072	-0.307658377	-0.020793249	0.048312214	-0.059673972	-0.28477921	-0.171569373	0.102903978	0.058352518	-0.191505181	0.081312459	0.226015249	0.179457084	-0.02943411	-0.207227045	-0.068702388	-0.364026902	-0.01039102	0.016497276
UMARY	4727	0.163513669	-0.257076102	0.095487318	0.036163872	0.036423956	-0.058706891	0.304174773	1.065485731	-0.001428984	0.202401	0.510404472	-0.377809973	-0.382355231	0.080970268	0.121348328	-0.150176847	0.204096251	-0.323534046	-0.621852448	-0.031714243	0.133959256	0.051545967	-0.920000238	0.081342282	-0.238928619
UMARY	4729	0.034598669	-0.167569721	0.150764894	0.154456853	0.125298141	0.097429939	-0.308754613	0.573802182	0.072275288	0.039214452	0.026866767	1.155675692	0.494533281	-0.116427725	-0.085164029	0.044921454	-0.026971983	-0.008844894	0.145349953	0.165993471	0.237794113	0.12472215	0.30468994	0.11372851	-0.36706948
UMARY	4782	-0.221322565	0.052108593	-0.045990455	-0.056834724	0.030642479	0.031303677	0.316832603	-0.299037194	-0.115652017	0.051887844	-0.179752493	0.297290764	0.041801808	-0.014084185	-0.109862	-0.153331672	-0.021791731	0.281497303	-0.119221816	0.028409827	-0.206885126	-0.01104698	-0.132846815	-0.098623492	-0.023517225
UMARY	4786	-0.060090746	-0.112787998	-0.063747091	0.027404402	-0.007363935	-0.024453672	-0.070920534	0.326591346	0.031414608	0.042960899	0.028916825	-0.491524562	-0.283852457	0.059202787	0.057453926	0.102855695	0.030973882	0.005533501	0.191457988	0.009503251	-0.201406702	0.144077983	0.200303841	0.054531655	-0.194784498
UMARY	4788	-0.029929477	-0.118493857	-0.216977376	-0.233275047	-0.161351059	0.227131067	-0.026544955	0.403514769	-0.076093353	-0.279022864	0.16155319	1.601843063	-0.448052986	0.076310062	-0.185544583	-0.25633345	-0.253819946	-0.355290612	0.007406754	-0.276926559	-0.279829349	-0.122431666	-0.687281827	-0.216530647	-0.555372328
UMARY	4789	-0.139756728	-0.135712075	-0.001408662	0.05979693	0.328048612	-0.097080434	0.407095885	-1.136413273	0.162865962	0.246737525	0.562684593	0.376001598	-1.039955453	0.418554941	0.157396288	-0.342423679	0.243056051	-0.366056852	0.101866591	0.167306637	-0.588871841	0.381695488	-1.676568903	0.018580043	-0.45482928
UMARY	4841	0.188456376	0.057912551	-0.077587044	-0.02929426	-0.224306806	0.063972315	-0.644285247	-0.185339795	-0.037516979	-0.008490485	-0.158113733	0.125680577	0.172599456	-0.056859752	0.068639074	0.247753473	-0.080462672	-0.150849751	-0.075215979	-0.069801796	0.044698771	0.080717908	0.353279189	0.002226849	0.149733608
UMARY	4842	0.286621355	-0.121260749	0.132665137	0.106616662	0.179131216	0.101710885	-0.22251884	0.062636839	0.088662523	-0.157819902	-0.497676417	-0.024311923	0.333013655	-0.064203634	-0.040072599	0.420264536	-0.07277212	0.118570219	-0.071457854	0.09034736	0.96542416	0.100834887	0.312460115	0.095980875	-0.283941087
UMARY	4903	0.155306524	0.049768759	0.041533453	0.007269462	0.049779609	-0.044754714	0.062296845	0.204244131	0.092108184	0.163419273	-0.311083768	-1.299612237	-0.253647846	0.00851154	0.019773866	-0.03406104	-0.145066724	0.117402479	0.119137636	0.077436297	-0.099704706	-0.278827767	0.003432436	0.097266067	0.181233575
UMARY	4915	-0.013315525	0.055693169	0.020195184	0.101169166	0.11632004	0.090624232	-0.494650953	0.004703483	0.057265687	-0.02745704	-0.349973334	0.223199535	0.445509321	-0.044123173	0.095337829	0.194854865	0.007654921	-0.108076453	-0.019120051	0.005191121	0.324067459	-0.011157593	-0.376713581	0.134990949	0.174354496
UMARY	4916	-0.001947692	0.015841157	-0.098132503	-0.098249489	-0.139708857	-0.011116585	-0.413346703	-0.694197373	0.02240806	-0.10367273	0.008645	-0.170372939	0.160639228	-0.043440172	0.025290932	0.253030503	-0.240240473	0.076955215	0.450372864	-0.068406684	-0.004149692	-0.191687947	0.362100127	-0.054054122	0.201239533
UMARY	4924	-0.016287231	-0.150653993	0.257135798	0.133388627	0.102601523	0.061338633	0.670713735	-0.142656135	0.222122745	0.045183992	0.349924135	0.343405018	0.155825444	0.062206782	-0.140612469	0.175671	0.246845353	-0.191616823	0.058928755	0.236083705	-0.148086976	-0.588443417	0.198819948	0.119803949	-0.064302424
UMARY	5024	-0.013688066	0.118560717	0.014281849	-0.028674346	-0.084022181	0.09747075	-0.179952024	0.167929042	-0.043399498	-0.109182256	0.406424341	-0.286280134	-0.538276095	0.01486064	0.081569188	-0.283564017	-0.013365893	0.305253368	-0.257532789	-0.004950947	-0.710235684	-0.601482437	-0.282193328	0.041857954	0.26250652
UMARY	5028	-0.152425668	-0.158099448	0.077496527	-0.053013342	0.331242874	0.044401374	0.208785632	-0.598881092	-0.003398004	0.060640202	-0.015312928	0.653209769	-0.541035117	-0.046501555	-0.041856956	-0.031490127	-0.029890646	0.193248027	-0.210980491	-0.15997043	0.286894023	0.198860165	-0.358908883	-0.010304193	-0.16117077
UMARY	5078	-0.223570039	-0.039301861	-0.155648474	-0.071643059	0.015276834	-0.065440835	-0.057201432	-0.035891622	-0.131365448	-0.169061811	-0.068033112	-0.169408866	-0.047238149	0.021059412	-0.019406144	-0.164283573	-0.138474944	0.023707992	0.084518666	-0.123387677	0.04480751	0.087120875	-0.139771056	-0.176303753	0.11453885
UMARY	5079	-0.158977034	-0.160010936	-0.028963405	-0.103389978	-0.012529393	0.004801629	0.125690139	0.385548639	-0.032715196	-0.018845777	0.152286144	0.5048967	-0.282658991	0.076556473	0.028654301	-0.166133735	0.021582304	-0.137994682	-0.316305686	-0.072123723	-0.228571564	0.074795763	-0.356794552	-0.06533251	0.006519163
UMARY	5081	-0.070726718	0.125588523	-0.045363172	-0.032627214	0.014886691	-0.086664364	-0.034941713	-0.180856174	-0.038985085	0.085522002	0.064690156	-0.196662115	0.146477291	-0.036341416	-0.025438448	0.100006045	-0.058458754	0.021284605	0.046053405	-0.062201614	0.086285565	0.075968457	0.085170135	-0.042031013	-0.222367857
UMARY	5086	-0.158749375	0.075870128	0.014175454	0.072776902	0.086691333	-0.038364885	-0.140932833	0.173809805	-0.048188218	0.078476939	0.293498332	0.237802246	0.003657763	0.142982147	0.032760785	0.140020028	0.045939113	0.018879225	0.483759817	0.018695312	-0.044956531	0.047380715	0.176779351	0.043442349	0.111109766
UMARY	5087	0.136375654	-0.141367032	0.145006768	0.023796698	0.280095505	-0.021999971	0.191485582	-0.085082519	0.089301591	0.071315865	0.275877855	0.008806818	0.12414385	0.097905946	0.16723867	0.075030329	0.284135627	0.136835653	-0.707762513	0.066813146	0.23395082	0.055805998	0.017815788	0.02339869	-0.090173972
