FID	IID	1	2	3	4	5	6	7	8	9	10	11	12	13	14	15	16	17	18	19	20	21	22	23	24	25
BLSA	745	0.158526437	0.288302369	0.43137793	0.204504825	0.263826471	0.974287101	0.225232544	-0.277880631	0.069516387	0.479893027	0.398737797	-0.467328327	-1.315945228	0.313558832	-0.069252616	0.465445726	0.89681745	0.364598681	0.059859736	0.799135949	0.295072547	0.491304036	0.19867263	-0.231618418	0.363717296
BLSA	827	0.208335562	0.111702073	-0.158683694	0.129556942	-0.309364844	0.852107307	0.074036891	0.080234362	-1.117376836	0.404344882	0.226168917	-0.864451458	-1.206906855	0.035520446	-0.503156031	0.26525128	0.387130012	-0.001511502	0.087227993	0.661514289	0.389688372	0.979367541	0.189923097	0.157452955	0.065588243
BLSA	1556	-0.036474065	0.047448464	-0.23288916	-0.14479125	-0.136324673	0.31290193	0.205125748	-0.22713719	-0.171663902	0.078161257	0.121317168	-0.195954267	0.471195518	-0.02218731	-0.089959455	0.1343172	-0.046597466	0.24442736	-0.115379711	0.266872358	-0.284629491	0.175629446	0.169345368	0.085144601	0.161347645
BLSA	1579	-0.077416891	-0.26816707	-0.254239082	-0.172884363	0.226026624	0.048198421	-0.245554392	-0.090601982	0.28406848	-0.133202724	-0.151174357	-0.068740877	0.372939675	-0.208132218	0.039725727	0.14924284	-0.343395332	-0.197988863	-0.110163421	0.019548815	-0.262768722	-0.117645018	-0.222756305	-0.088611465	-0.283737155
BLSA	1595	0.432949353	0.220092275	0.082366648	0.289654359	0.257498961	0.20175238	0.394088625	0.311733782	0.420660317	0.939083235	-0.081952133	0.192641854	-0.452467821	-1.738075105	NA	-0.0500318	0.676717066	0.215433339	0.350076769	0.04813002	0.439987315	-0.342598769	0.873185494	-0.72824938	0.254247098
BLSA	1603	0.359372382	0.054463116	-0.000309126	-0.082524546	0.182063568	-0.572343346	0.04651293	0.017632789	0.053242624	-0.104073067	0.054848052	0.150251006	0.069576408	0.157629767	0.348796467	-0.173228232	-0.274079756	-0.035017276	0.021314036	-0.46055085	-0.066587014	-0.609307676	-0.191592632	0.056666527	-0.00682038
BLSA	1640	-0.400442727	0.104663812	0.224472876	-0.222464235	-0.141494565	-0.066205756	0.164803797	0.070331547	-0.239916989	0.210100439	-0.022410545	0.022263389	1.040281436	0.066920823	0.000910305	-0.072256598	0.065062355	0.108633162	-0.073004136	-0.434737732	-0.183354816	-0.05305844	-0.023814867	0.13820864	0.023754158
BLSA	1775	0.03302528	-0.077577579	-0.459310635	0.650381892	-0.811018162	0.998711786	-0.597940145	-0.230375438	0.179841781	-0.129081218	-0.017836724	-0.506742227	-1.186992245	0.004558906	-0.397030759	0.010572187	0.193326833	-0.317469751	0.186649736	1.586178183	0.160738426	0.594031807	0.102340088	-0.184248871	0.083317131
BLSA	1802	0.158601334	-0.040053899	0.097642239	-0.008666071	0.138497873	-0.420677826	-0.197498652	0.043231977	0.57178444	-0.152931427	0.084656291	0.102861371	0.243338172	0.234859938	0.149970387	-0.14056272	-0.171892846	-0.083294598	0.004827835	-0.411732901	-0.064363367	-0.382230704	-0.23676449	0.069683651	-0.188521807
BLSA	1805	0.07872043	-0.228297991	-0.079117834	0.047509321	0.18299831	-0.939308048	-0.138023612	-0.092770142	0.331672414	-0.260966609	-0.130203136	0.274330156	0.379328566	0.131349377	0.40467141	-0.259270117	-0.359234715	-0.212840554	-5.22E-06	-0.440918088	-0.118919591	-0.659079893	-0.286840556	0.00392025	-0.098631812
BLSA	1838	-0.126032736	-0.108800084	-0.186688153	-0.185343467	-0.00745003	-0.258737788	-0.186937278	0.068414868	0.366439832	-0.004700247	-0.148450281	0.286768351	-0.073242326	-0.064176746	-0.017629989	-0.146874351	-0.111599684	-0.101041444	-0.062217967	0.013278473	-0.089951729	0.195217205	-0.017298187	0.285274311	-0.033739059
BLSA	1839	0.102869413	-0.169130136	0.164889265	-0.099840091	0.284868766	-0.475264048	-0.068050038	0.050544329	0.527227368	-0.291388007	0.039043936	0.685459523	0.091135306	0.56381428	0.094971259	0.128183738	-0.44565	0.004286913	0.040241126	-0.098501409	-0.048057955	-0.206817206	-0.335774672	0.149638185	0.077037405
BLSA	1840	-0.119680308	-0.055199838	0.0347915	0.031234776	0.179309805	0.108824402	-0.032277327	0.024316552	0.135756739	-0.295200478	-0.03367129	-0.001237262	0.010234988	0.520600948	0.122034352	-0.212377189	0.100953729	-0.159403062	0.010948207	-0.196784438	-0.116004594	-0.108228831	-0.15014953	-0.012554517	-0.098095036
BLSA	1883	-0.25195699	-0.074827281	-0.057717589	-0.014003823	0.087348358	0.070039926	-0.163727978	-0.142701551	0.212345989	-0.035850367	-0.07153871	0.319170256	0.00229272	0.042303619	-0.205767535	0.100501726	-0.166482575	-0.116374998	-0.071423309	-0.087303827	-0.139033228	0.114566772	-0.142547109	-0.059413528	-0.23133773
BLSA	1889	0.081104922	-0.06132094	0.104012634	-0.016740201	0.129685373	-0.160631243	-0.028780719	-0.177386451	0.239041421	-0.293522738	-0.11469453	0.16479342	-0.114279383	0.204128333	0.2249609	-0.062307341	-0.197672443	-0.161865476	-0.078473616	-0.218058104	-0.156789121	-0.311527476	-0.218764452	-0.087047961	-0.133966382
BLSA	1924	0.124586659	-0.058354097	-0.005598244	-0.148990021	0.212741227	-0.350351678	-0.047801351	0.109003077	0.309999281	-0.10603221	-0.078060537	0.717640119	-0.007649012	-0.034644662	-0.154194559	-0.192282448	0.032151519	-0.060523863	0.097200753	-0.439850958	0.056958122	0.354739026	0.015097639	-0.15213669	-0.030239356
BLSA	1961	-0.179863485	-0.069817728	0.162801421	-0.625208335	-0.215306403	-0.579897764	0.228110367	0.166904299	-0.606602105	0.03791732	0.187886553	-0.192836739	0.051905373	0.188755783	0.282732141	-0.023758696	-0.253904917	0.012301548	0.051421265	-0.330475439	0.033880822	0.17264881	-0.063209739	0.138503719	0.088016003
BLSA	2000	-0.048443583	-0.193917859	0.015311923	-0.10512913	-0.24518711	-0.401992377	-0.188889527	-0.022879366	-0.359238389	-0.267865914	-0.197964798	-0.28112733	0.417685698	0.37141579	0.175984304	-0.303562758	-0.305050828	-0.09436347	-0.130310016	0.112620062	-0.107991014	0.009740035	-0.232346369	0.065592686	-0.042528562
BLSA	2020	0.0057273	0.190039012	-0.085970992	0.173671965	-0.104090983	0.595399362	0.008215016	-0.121302215	-0.165269207	0.136374183	0.033226052	-0.056039549	0.217180079	-0.431771748	-0.106937816	0.302716726	0.271123079	0.052792034	0.044597986	0.013016549	0.115548081	0.112193552	0.096341632	-0.073740181	0.032709403
BLSA	2037	0.098832505	0.049251092	0.213982206	0.270310651	-0.343236698	-0.209289917	-0.065423241	-0.083527229	-0.288508746	-0.211561732	-0.1194451	-0.267188882	0.559381781	-0.090374816	-0.094363702	0.00116838	-0.143483306	-0.021795711	-0.29515197	-0.386058903	0.006723947	-0.2627901	0.009707242	0.1537973	-0.441232967
BLSA	2066	-0.184822492	0.011984962	0.056270512	-0.217997519	-0.091004953	0.183257707	-0.016864099	-0.027866187	-0.018109626	-0.037389454	-0.07003204	-0.054091479	0.0322385	-0.202859701	0.093003764	-0.106537797	0.001268448	-0.069747832	0.034000708	-0.079097558	-0.116850005	-0.101480901	-0.127893868	-0.033342737	-0.046154346
BLSA	2069	-0.22217771	0.121983251	0.166664866	0.168393508	-0.183786542	-0.60697973	0.201559336	0.14079709	-0.641598146	-0.179114926	0.213891417	-0.29879343	0.361595404	0.486427255	0.062525861	0.091283285	0.007753508	0.270662736	-0.114116004	-0.023953512	0.178446736	-0.133830663	0.132743087	0.181561916	0.183413129
BLSA	2093	0.090725457	-0.124192122	-0.224801804	-0.104195128	0.350798964	0.217242056	-0.031408999	-0.007431476	0.539318825	-0.202244028	-0.250895744	0.495728993	-0.249360886	-0.144046059	-0.292189903	-0.123928881	-0.269803269	-0.057985117	-0.045651063	-0.218314862	-0.074797393	-0.291596061	-0.177557385	-0.017268099	-0.183146934
BLSA	2102	-0.286066047	0.329726198	-0.009257707	0.183559938	0.092600663	0.478957144	0.461492101	0.418715186	-0.632631951	0.419250803	0.12855374	-0.157376611	0.286534131	-0.385575731	-0.069804512	0.218295837	0.45654314	0.418087745	0.107530284	0.306043885	0.153053672	0.380753508	0.639953884	0.182787108	0.485004015
JHU	384	-0.323195792	-0.188557552	-0.003155089	-0.169372201	0.050212528	-0.516003042	-0.030212281	0.034461407	-0.23583905	-0.245798884	-0.073833457	0.2220988	-0.177016479	0.354017718	-0.074432963	-0.049693193	-0.206985013	-0.062464844	-0.0204892	-0.017031907	0.046812862	-0.45111115	-0.240740248	-0.033099915	-0.030157504
JHU	705	0.359922216	-0.205038145	-0.012790896	-0.136252837	0.331200506	-0.356110561	-0.015251197	0.104920798	0.306262727	-0.142711127	-0.107780784	0.468055052	-0.10814698	0.194942985	0.216647391	-0.175564733	-0.252964898	0.013938966	0.128510626	-0.19535171	-0.008664392	-0.463662129	-0.150111418	0.235481276	-0.11661784
JHU	710	0.133019814	-0.025564875	0.136834075	-0.017899877	-0.008023152	0.249516288	0.151444037	0.141488036	-0.092470232	-0.044106268	0.166616777	-0.045085762	-0.527728201	-0.363635185	-0.010385266	0.004900148	0.019330232	0.084612825	0.033681555	0.108349229	0.12218792	-0.24711509	0.037103848	-0.113935332	0.105323484
JHU	712	0.100562814	-0.106237353	0.094176153	-0.120804337	0.145072384	0.045014521	0.084111161	0.030560265	0.395842429	-0.051199134	0.150252344	0.503131376	-0.379483014	-0.100180697	-0.179663513	-0.030273388	-0.007668051	0.029494279	0.048813622	0.122095678	-0.053341375	1.064314569	-0.069297027	0.136783625	0.00464641
JHU	713	-0.160581773	0.413822246	-0.239111281	0.443873227	-0.269464015	0.177288287	-0.198542304	-0.329269273	-0.64640473	0.440131846	-0.254026442	-0.538505832	-0.395356301	0.426937475	-0.13993179	0.195453672	0.901483127	-0.215269424	-0.451460316	0.211939054	0.036766611	0.319451078	0.378090187	-0.38767276	-0.066041366
JHU	719	0.090390569	-0.04679738	0.156108969	-0.097895787	0.041468076	-0.662344442	0.078610961	0.157164129	0.009496872	-0.048388322	0.138770177	-0.191310288	0.575421876	-0.08922676	0.429128909	0.029873682	-0.364786233	0.169637689	0.072663039	-0.3977624	0.003411246	-0.459587008	-0.101748522	0.003204624	0.003433388
JHU	993	-0.017973623	0.124856859	-0.222692219	0.235346206	-0.221036347	0.653959179	0.025843022	-0.171989928	0.113979829	0.107196129	-0.149881708	-0.358283037	0.331702403	0.059736546	-0.282691242	0.152494131	0.198725117	-0.023599027	0.078032499	0.40926458	-0.108450617	0.328095691	0.122559253	0.224129143	0.074926908
JHU	994	-0.002678734	-0.099019164	-0.104142363	-0.086159567	0.017211543	0.193322258	-0.181555705	-0.090377748	0.173604398	-0.124879366	-0.084461173	0.016451594	0.065237654	-0.081324997	0.144458333	-0.260430616	-0.304793108	-0.13571346	0.079901122	-0.200708134	-0.081034457	-0.270906068	-0.165075291	-0.051388829	-0.052980192
JHU	995	-0.179465492	0.132535363	0.194772651	-0.050834826	-0.086641524	0.215357512	0.085552305	0.123042314	-0.024472242	0.109755124	0.214344266	-0.076551903	0.615369042	-0.401267086	-0.103129858	0.133240298	0.017658828	0.139362997	0.030347052	-0.04079439	0.042312204	0.180520107	0.189219219	-0.013501832	0.077466711
UMARY	142	0.195592987	0.033554532	0.02129648	0.023183552	0.049199562	0.572347367	-0.055487307	-0.018273531	-0.097484667	0.09128763	0.03203624	0.464419937	-0.380745133	0.40320052	-0.220285614	0.211381781	0.203525692	0.042504945	-0.085887842	0.22099694	0.018638436	0.142124993	0.023055884	-0.067260536	0.053045859
UMARY	602	0.066226008	-0.046359446	0.102024445	0.014132257	-0.355799636	-0.061206686	-0.063809012	0.044647505	-0.124023666	-0.1550883	0.004437789	-0.346150012	0.069471645	0.118162232	-0.024551896	0.066310227	-0.141715514	-0.049544171	-0.052489544	0.148351459	0.002426442	-0.054391377	-0.072058817	0.191832508	0.074001563
UMARY	604	-0.017340719	0.015984266	0.065895336	0.247405942	0.075777757	-0.26803385	0.040881023	0.026744473	-0.085937615	0.031290329	-0.007517007	-0.06170358	0.339311014	-0.017196674	0.206602168	-0.023065447	-0.008882882	-0.000326089	0.00280497	-0.187763256	0.05821587	-0.035156737	0.010414109	0.043735222	0.108067667
UMARY	813	-0.15099925	0.036330237	0.062440162	0.044107389	-0.019795142	-0.391873338	0.017296345	0.015708068	0.0057327	0.064958765	0.027929914	-0.233392994	0.202417092	0.220802451	-0.027246176	-0.096149809	0.040037597	-0.00099239	0.036994867	-0.007323146	0.000855728	-0.231689161	0.050905474	0.097493363	0.069311629
UMARY	819	-0.051397639	0.028734357	-0.037525727	0.054167683	0.192073864	0.047598462	-0.06890252	0.040945566	-0.005707099	0.10718296	0.028166934	0.370525663	-0.85849225	0.017466272	0.069759083	0.08554989	0.122917491	-0.045056323	-0.02885508	-0.042988433	-0.022500954	-0.043550353	0.064423741	-0.03331093	-0.001153059
UMARY	871	0.116201802	-0.027193359	0.013368792	0.037986949	0.091625692	-0.288555761	-0.040218288	-0.010206045	0.152944586	0.102666161	0.042594909	-0.068179658	-0.203477913	-0.216602846	0.020376515	-0.030819089	0.02512774	-0.00450613	-0.012252542	0.071183835	-0.008167507	0.159914502	0.019898131	0.056045187	0.016711603
UMARY	879	0.00928874	-0.032648211	-0.086453234	0.164527761	0.025181204	-0.116535785	-0.200603513	-0.062805208	0.163056472	0.071746761	-0.059604417	-0.146351025	0.405722137	0.105195582	-0.005368756	-0.10035789	0.023158273	-0.019987965	0.027695003	-0.144619992	-0.091360128	-0.052956827	-0.020422699	-0.06168196	-0.027998221
UMARY	880	-0.085355821	0.145893151	0.196734594	-0.259658484	0.166920003	0.396419851	0.234365508	0.086100283	-0.002852608	0.163917044	0.142337957	0.330135141	-0.773011459	0.198488183	-0.176850357	0.379464995	0.036505308	0.212703131	0.012280682	0.145351622	0.027364481	0.191275104	0.124486284	0.108930626	0.140347762
UMARY	914	-0.192785721	-0.009310222	0.003195021	0.243706657	-0.006325165	0.023993287	-0.036798236	0.039985868	-0.104735292	-0.010633602	-0.004720706	0.454426404	-0.147644982	0.372574471	0.038168049	-0.004002185	0.035068498	0.044265968	0.182165191	-0.17830999	0.038539774	-0.279716205	0.053977184	-0.021333575	-0.011367277
UMARY	933	0.007843936	-0.075026015	0.072996572	-0.107474898	-0.10759181	-0.47601072	-0.09492689	0.021072657	-0.274717559	-0.270464234	0.025410818	-0.256454952	0.270218274	-0.04671598	0.000910725	-0.148584833	-0.185719753	-0.105759581	-0.033173585	0.102472439	-0.092173496	-0.060872916	-0.193996004	0.127223732	-0.055240497
UMARY	1028	0.265062552	-0.205000844	-0.141200425	0.024053172	0.16208059	-0.390749317	0.024357588	-0.252574683	0.287836851	-0.101793516	-0.265599462	0.056714801	0.17725484	0.702417285	0.098240924	-0.259576065	-0.103250358	-0.202403218	0.108499963	-0.199902205	-0.025851246	-0.123279692	-0.282579746	-0.14880303	-0.226187365
UMARY	1037	-0.212878981	-0.094411846	-0.016503779	-0.165238907	-0.009529264	-0.458105801	0.065696334	-0.107544275	-0.41246287	-0.119314614	-0.148217688	-0.288857444	0.411492009	-0.383214432	-0.052851858	-0.11788697	-0.123590665	-0.074786204	-0.106531912	0.291317954	-0.184292489	-0.019809298	-0.131418004	0.057526485	-0.157066311
UMARY	1064	-0.334068178	-0.002139964	0.005991294	0.073841017	0.148103382	-0.20071327	-0.002811538	0.087108025	0.063342527	-0.107885648	0.028556463	0.563798138	0.467390352	0.010054647	0.087097282	-0.052125723	-0.097833673	0.051483578	-0.015358941	-0.381520452	-0.045005755	-0.194329926	-0.099780783	0.133713966	-0.016637008
UMARY	1065	0.088186551	-0.087146818	-0.089366718	-0.327393176	0.139771763	0.13367461	-0.115693297	-0.030600196	0.175784309	0.048116107	0.153807171	0.235237525	-0.108649299	0.241028823	-0.053597724	0.157257833	-0.237970377	-0.004937811	0.068356598	0.096872205	-0.02388477	0.315573029	0.104999596	0.17870095	0.122948191
UMARY	1076	-0.259998095	0.043141913	0.018322507	-0.024984583	-0.253691996	-0.141131607	-0.05564924	0.080458612	-0.144314546	0.11385197	0.076534735	0.214044425	0.273397974	0.249370419	0.248666621	0.02204738	0.053769368	0.0597675	-0.013353846	0.056232507	-0.025592947	0.171719957	0.114406624	0.040214488	0.022263186
UMARY	1078	0.273889967	0.203457624	0.011405002	0.055442044	0.428858655	0.027485786	0.38971872	0.042756016	0.325414308	-0.156838853	-0.03841495	-0.20359001	0.258511727	-0.360214136	-0.083399823	-0.352929471	-0.001829864	-0.075218231	0.029141863	-0.538514229	-0.071876595	-0.344453753	-0.19740164	-0.094834214	-0.210073463
UMARY	1079	0.117079578	-0.159177889	-0.097760275	0.176459851	0.087913823	0.074454141	-0.037085845	-0.120782912	0.075559274	-0.075261856	-0.14800078	-0.035442227	0.346655733	0.238214125	0.004104695	-0.00730904	-0.075314169	-0.10950024	-0.103028177	-0.153314268	-0.171483261	-0.097143087	-0.158126381	-0.151034918	-0.155722264
UMARY	1104	-0.088471139	-0.037103841	0.014759644	0.102478238	-0.234884133	-0.204776605	-0.092178706	-0.004023185	0.0223753	-0.047340909	-0.063662715	-0.338694451	0.164435717	0.308226668	-0.097446801	-0.036668803	-0.029080704	-0.040426159	0.123521084	-0.00867629	0.012491262	-0.032839357	0.048212744	-0.008681562	-0.019447379
UMARY	1105	0.006201465	0.128233661	0.045566113	0.142420739	-0.009582588	0.24337978	0.114615723	-0.001698892	0.043716761	0.184841539	0.044937282	-0.299414317	-0.08172509	-0.60806859	0.058815515	0.18713601	0.16814124	0.099182539	0.033894853	0.235781926	0.047231799	0.229898357	0.220358497	-0.011518779	0.095510085
UMARY	1114	-0.30847246	0.093120827	0.098967646	0.066996667	-0.003309894	-0.242255955	0.126467806	0.112702361	0.092961013	0.018850841	0.088654719	-0.441496868	-0.109087528	-0.322100342	0.113567217	0.098466388	0.049467162	0.111287	0.015343276	0.07279428	0.007735469	0.011537905	0.083153542	0.012865341	0.036725193
UMARY	1133	0.031552035	0.020894773	0.246878013	-0.2362922	-0.201866362	-0.668683207	0.074749488	0.123680469	-0.948601979	0.058024391	0.152662342	-0.687493795	0.291442468	-0.107631409	-0.020389154	0.087340282	-0.093715815	0.174101723	0.017636265	0.510573745	0.06054885	-0.025092723	0.026121215	0.420439899	0.152064834
UMARY	1134	0.135596772	0.050144502	0.053317275	0.002206875	0.145424305	-0.110984509	0.05541296	0.008196634	-0.061555596	0.101733755	0.071041911	0.041999978	-0.332528719	-0.485869414	0.209773631	-0.012860501	0.053363424	0.087945059	0.050305892	0.03949352	-0.092636989	-0.119294515	0.094282305	-0.084535065	0.072726752
UMARY	1136	0.183605853	-0.082935852	-0.057144477	-0.001486581	0.200511182	0.186417282	-0.051402704	0.014818261	0.086956111	-0.084968056	-0.063550264	0.30616537	-0.064456753	0.015340615	0.114040358	-0.098901821	-0.133590753	-0.099876263	-0.003088531	-0.188891362	-0.079207905	-0.108227016	-0.092041265	0.019102785	-0.081159449
UMARY	1158	0.003953042	0.064777254	-0.077106717	-0.11383302	-0.182536636	0.159167038	-0.002522939	-0.005348056	-0.122880693	0.064939056	-0.00051353	0.065948535	-0.7963137	-0.244752485	-0.148986491	0.046219645	0.075475694	-0.026437323	-0.156873572	0.156335614	0.079858071	0.148559889	0.01471389	-0.080799554	0.045302618
UMARY	1170	-0.001551784	0.037482869	0.044809796	0.007841149	0.010827939	-0.039401493	0.048063812	-0.042993099	0.006922684	-0.007777031	0.015851334	0.055979209	-0.139796612	0.024951231	-0.123396817	-0.039950609	0.098436857	0.015838005	-0.003646504	0.060516393	0.025673133	0.030983134	0.086668162	-0.06914731	0.020906507
UMARY	1206	-0.20098206	-0.015143926	0.075628864	-0.178573423	0.022684635	0.498130812	-0.039612201	-0.005699349	-0.075434799	0.032404769	0.069526045	0.518846111	-0.066998427	-0.088929401	-0.204558659	-0.054491684	0.04609995	-0.015512106	-0.032893403	0.116536799	0.047630321	0.073939949	-0.019675677	-0.009850056	0.054832897
UMARY	1209	0.158030665	-0.040000507	-0.025417044	0.154602868	-0.283088467	0.084605215	0.064855412	-0.089456137	0.249231726	0.084050176	-0.033646228	-0.489437641	-0.306844922	-0.180435658	-0.029967879	-0.058451933	0.013896707	-0.043921621	-0.007156242	0.03528785	0.070447907	-0.051712593	-0.007298152	0.107038995	0.032959162
UMARY	1226	0.10835249	0.052748115	0.000947753	0.305597221	0.105655931	-0.204694921	0.051666746	0.074781415	0.160946844	0.073006017	0.050055455	0.407938049	0.073249019	-0.403583125	0.101218421	-0.041113835	0.048035762	0.074961074	0.040257004	-0.205727381	0.175236209	-0.107868399	0.131132078	-0.054683281	-0.021864299
UMARY	1230	-0.099105854	0.062413094	0.015364926	-0.090172826	-0.022510139	-0.29002242	-0.014220367	-0.003267173	-0.057502915	-0.033103481	0.020897445	-0.148089639	0.177859368	0.079178797	-0.011438761	0.08929998	0.074850929	-0.024608825	0.120348063	0.030797154	-0.025268345	-0.071836284	-0.051803356	0.033925094	0.03553045
UMARY	1260	0.279659477	0.118283392	0.145591787	0.161778332	-0.102922584	-0.145961988	0.210136678	0.093517734	-0.075235008	0.23789018	0.129765796	-0.1837868	-0.082229539	-0.061764031	0.048348139	-0.007258101	0.160319831	0.13473758	0.06427122	-0.204848028	0.195653312	-0.232329293	0.106730881	0.056113199	0.15315071
UMARY	1326	-0.244725098	0.025810629	-0.053134481	-0.028882859	-0.195160306	-0.165751506	-0.028946869	0.004815345	-0.151793544	0.109792625	-0.030073367	-0.441805446	-0.047919229	-0.005700007	-0.002145607	-0.161434604	0.027920922	-0.005519976	0.007017166	-0.0518763	-0.032379501	0.176364962	-0.012450578	-0.040349652	0.036808663
UMARY	1454	-0.037872333	-0.067001473	0.008220071	-0.111654891	0.091265999	0.018258943	-0.021897264	-0.069892921	-0.101552535	0.019616403	-0.076336005	0.319101995	0.258036038	-0.084888145	-0.14624543	0.159007428	0.005137082	-0.077052921	-0.146197413	-0.002833155	-0.030706464	0.099051728	0.073662262	-0.079999943	-0.037534447
UMARY	1465	0.112992113	0.031729796	-0.0095269	0.136629676	0.012126092	0.435168978	0.025235091	0.098804827	0.256494594	0.024494591	-0.064270138	0.540525462	-0.117791815	0.368557439	-0.077540831	-0.003614478	0.080448089	-0.040895329	-0.016969739	0.004035927	-0.004997401	0.139048662	0.039298535	-0.130335305	-0.011239386
UMARY	1486	0.022841875	-0.087147069	-0.103044909	0.068222101	-0.007624825	0.101046012	0.008458344	-0.160839339	0.082316363	-0.115984561	-0.149506341	-0.065799219	0.183938203	0.157338387	-0.055642318	-0.069676308	-0.06718616	-0.055863234	0.008909881	-0.01839326	-0.126299011	-0.111373915	-0.175161978	-0.049067506	-0.066745224
UMARY	1498	0.122110719	-0.073921659	-0.024667739	-0.029068066	-0.094603235	0.248386106	-0.162055855	-0.036692879	0.027273942	0.009007331	-0.035780866	0.125199474	-0.127911041	0.145017922	0.049220061	0.025507299	-0.033393449	0.00462114	0.006809102	0.105801352	-0.045299972	0.085388716	0.015041443	0.008277325	0.0562966
UMARY	1502	0.111669356	-0.112137902	-0.115057758	0.048365072	0.028213352	-0.41660939	-0.050537644	-0.106675889	0.066872067	-0.07847543	-0.065288776	-0.543073238	0.408217037	0.236774458	-0.106484174	-0.16606705	-0.087405844	-0.106507059	0.0834679	0.054925794	-0.119117867	0.025636122	-0.068714641	-0.081996483	-0.103402729
UMARY	1535	-0.100328221	-0.017557992	-0.04034583	-0.17207453	-0.120132877	0.072135005	0.016546988	0.004509246	-0.276975356	0.063695954	-0.006616794	0.171311218	0.253991738	-0.312447129	0.16297731	-0.003418628	-0.114149608	-0.058607706	-0.189320714	0.15435574	0.025936069	0.068298801	-0.100235718	-0.023807842	-0.061847775
UMARY	1540	0.130825871	-0.062300267	-0.032808209	0.116621796	0.088765393	-0.591759968	-0.002393718	-0.026429499	0.139410802	0.026549743	-0.04230848	0.371729785	0.224600917	-0.054074399	0.052704985	-0.095217523	0.020506531	-0.095162816	0.076250157	-0.29046159	-0.02045124	-0.53024081	-0.030497211	-0.056632742	0.002376811
UMARY	1541	0.078514037	0.102010333	0.077067038	-0.029200944	-0.030371301	-0.143803049	0.092912375	0.094165562	0.057517702	0.109500764	0.101828485	-0.091847264	0.05077816	0.458486932	0.103435023	0.027481779	0.004460294	0.114014023	-0.078449942	0.089071179	0.025841772	-0.100056995	0.11490484	0.075958404	0.131565553
UMARY	1544	0.068706055	-0.066862315	-0.021152465	0.008168147	0.059892225	0.180790206	-0.000954711	-0.029780901	0.164798293	-0.083585784	-0.094844197	-0.137738203	0.042587558	-0.21352739	-0.051807478	-0.040445634	-0.098159483	-0.033697557	-0.165952439	0.094751195	-0.109423923	0.203126651	-0.088665201	-0.086419896	-0.144351187
UMARY	1545	0.155399471	0.146436452	0.119295302	-0.362284299	0.181226212	-0.580363092	0.229581018	0.060211238	-0.137168136	0.062160964	0.078100492	-0.146500619	0.167679315	0.05455607	0.334185213	-0.121544168	-0.119035214	0.104877028	-0.091137091	-0.003018787	-0.040397316	-0.021138805	-0.014558693	0.144799097	0.031065137
UMARY	1568	0.039919611	0.014134006	0.121089901	-0.311263379	0.25367615	-0.429434078	0.024320609	0.0517837	0.006752802	-0.07426601	-0.036512287	0.090427028	0.398585189	0.022706348	-0.036903783	-0.172114024	-0.150925645	0.115019717	-0.152689738	-0.106321201	-0.03896447	-0.125347518	-0.007468722	-0.087012211	0.025912458
UMARY	1570	-0.082865245	-0.011959418	0.04618861	0.208654231	0.020532828	0.008489745	-0.040998993	0.025249192	0.234849201	0.016463388	0.025647061	0.009044862	0.063547574	0.132764013	-0.059975155	0.08888203	0.142721881	0.027813595	-0.029073028	-0.099926118	0.020223574	0.084323272	0.039550332	-0.011649207	0.076335543
UMARY	1571	-0.044894805	-0.028775797	0.082167167	-0.019200818	0.137913826	-0.724343639	-0.008512057	-0.0567721	0.000892613	-0.034503126	-0.000290121	-0.244869718	0.38709386	0.30966631	0.344896486	-0.097984063	-0.076488149	0.048256087	-0.049035264	-0.109285987	0.138116251	0.181757742	-0.132839305	0.079585345	-0.059125077
UMARY	1578	0.015055046	-0.099919552	0.097212937	-0.10695947	0.078461149	-0.48693951	-0.052766833	-0.167078025	-0.102881654	-0.091872061	-0.048874928	0.000461753	0.468875878	0.163682521	0.317944014	0.015606745	-0.210983144	-0.049425688	-0.07830876	-0.110353741	-0.066289443	-0.255562906	-0.129826278	0.058104382	-0.019010292
UMARY	1583	-0.188534397	0.125491595	0.015297656	0.084065477	-0.31118469	0.403582777	0.154759532	0.126163334	-0.539481796	0.151854695	0.024387018	0.403420037	0.194323923	-0.173233278	-0.160709268	0.176868154	0.08843369	0.06500787	-0.024167688	0.195857457	0.116120423	0.080545494	0.090530578	0.040481311	0.00325058
UMARY	1584	-0.023891346	-0.133665414	0.091113636	-0.115815257	0.069047017	-0.006544399	-0.051675759	-0.098842725	0.287548394	-0.092741133	0.039667801	-0.007735973	0.187869017	0.184838897	-0.034962787	-0.028953185	-0.154818934	0.045884411	-0.089479897	0.025463481	-0.022786649	-0.309561393	-0.043242337	-0.007795078	0.065334906
UMARY	1611	-0.317525082	-0.104943473	-0.083987462	0.003824546	0.127875154	0.019218189	-0.129485179	-0.105222349	0.031198602	-0.317621717	-0.174172799	0.509254647	-0.094615765	0.60048124	0.096002603	-0.040907306	-0.170368896	-0.177170659	-0.00274171	-0.271086732	-0.087258839	-0.002336791	-0.265819051	-0.045841155	-0.106321965
UMARY	1612	0.057916906	0.066603255	0.152594497	-0.101138297	0.052454095	0.391408774	0.092318272	0.057626008	-0.186704054	-0.044030763	0.136260193	-0.045888183	-0.615536689	-0.37779263	-0.398892353	0.144318047	-0.123602435	0.094978919	-0.011885948	0.117547928	0.022838196	-0.017899048	0.04392701	0.118090465	0.205364476
UMARY	1613	0.056603611	0.067046104	0.100401215	0.263151495	-0.026398646	0.2572814	0.106422405	-0.011765234	-0.198781512	-0.046510006	-0.011172538	0.255063525	-0.605094149	-0.186750919	-0.316651134	-0.014757752	0.043674907	0.11562551	0.220240491	0.265686167	-0.004853496	0.115229012	-0.0247801	0.115327886	0.026995597
UMARY	1614	0.018635511	0.075976459	0.090305278	-0.038353906	0.124286831	0.025829389	0.007580492	0.195140728	-0.188209114	-0.035934007	0.061144109	0.449900192	-0.40314472	0.198059374	0.185839983	-0.00277232	0.098321408	0.022097229	0.158751302	-0.067122627	0.079882135	-0.030854134	-0.029055406	0.004552165	0.0519093
UMARY	1648	0.138153494	-0.00140088	0.021975077	-0.032950288	0.203324659	0.094228344	0.050806121	-0.081402502	0.510326776	-0.051203232	-0.035084167	0.035424321	-0.216074021	0.160888781	0.020242756	0.074428482	0.05210433	0.007075078	0.035552721	-0.221742292	0.090002478	-0.243574828	0.023095037	-0.020940476	-0.038056448
UMARY	1652	-0.151442018	-0.039571741	0.023502285	0.22486105	-0.205003041	0.315737044	-0.027249607	0.117227792	-0.087674594	0.02588269	0.016971277	0.505390004	-0.292302794	0.234587324	-0.225445956	0.028175554	0.099374446	0.001307595	0.219418334	0.147822307	0.100430446	0.282793864	0.025713429	-0.034194887	0.10958646
UMARY	1668	0.009111203	0.200335488	0.100414982	0.102000388	-0.183353704	0.018474826	0.133877167	0.127289244	-0.272854	0.072487733	0.083684947	0.019270573	-0.160621308	-0.051315149	-0.026186595	0.073152585	0.134652028	0.095900318	-0.022082237	-0.022855181	0.076481641	0.083109009	0.125571324	-0.028781473	0.094643404
UMARY	1710	0.178727282	0.022502258	0.006644447	-0.114867428	-0.160984626	0.739951828	-0.082921537	-0.017439833	-0.153977229	-0.073296867	0.119778659	0.251364281	-0.44700207	-0.040401243	0.029902873	0.07261849	-0.011029753	0.027982508	0.081547937	0.008249546	-0.029526746	-0.001292443	0.136626952	0.002771958	-0.151542586
UMARY	1712	-0.120212862	0.078140932	0.095573823	0.015725721	-0.1024781	0.194544204	0.087536729	0.097072826	-0.13518398	0.025147153	0.052127967	0.098725152	-0.469670205	0.119948339	-0.016047788	0.032899402	0.079142972	0.093613044	-0.114461304	0.100318549	0.052399457	-0.016533455	0.121507125	-0.023572619	0.058923925
UMARY	1713	-0.096754085	-0.09510432	0.025769644	0.099324746	-0.146452372	0.323684214	-0.052963749	-0.105976307	0.068332806	-0.084202649	-0.049604391	-0.333448299	0.276747108	0.316267489	-0.080939076	-0.037519407	-0.126720513	0.042163955	-0.062762407	-0.011837027	-0.076806819	0.123789709	-0.08923535	-0.162042521	-0.023006498
UMARY	1715	-0.03557168	-0.053759279	0.010644373	0.331431551	0.039873422	-0.106860518	-0.012094626	-0.030217728	0.080143757	-0.02441145	-0.002223432	-0.226430873	0.003946743	-0.393575874	-0.019210688	0.063586651	0.084006614	0.016758244	0.140913166	-0.088697423	0.043683867	0.114138023	0.07456866	-0.120530953	0.042812029
UMARY	1792	0.091554517	-0.059032113	-0.012393289	-0.111650439	0.080654935	-0.112033303	-0.001176583	0.074115254	0.066367151	0.017671828	0.050162089	0.154267354	0.097075545	0.144631139	0.352460057	0.151836922	-0.024504262	0.004921845	-0.207258563	-0.035079858	0.087997569	-0.189484324	0.006179058	0.082265305	0.081034533
UMARY	1795	0.11865778	0.079978023	-0.035133742	-0.193958334	0.104230701	0.221160132	-0.083343988	0.098960273	0.058352116	-0.003824191	-0.102777058	0.147944476	-0.087426852	-0.071797105	0.143036404	0.00165107	0.034537394	-0.028240215	-0.065553235	-0.045760837	-0.040819314	-0.092533126	0.029765505	0.028250598	-0.04966265
UMARY	1797	0.107850667	-0.010754092	-0.08056496	-0.067567257	0.080276126	-0.030628987	-0.031905719	-0.077139011	0.122341535	0.144375577	-0.042480537	0.177042526	-0.245221787	-0.042854968	-0.114578747	-0.115895622	0.052655466	-0.059183252	0.006094433	-0.048316336	0.10948794	0.161451195	-0.014749092	0.02533369	-0.091704972
UMARY	1825	0.024350191	0.037030854	-0.128077775	-0.063193617	-0.071834248	-0.136151065	0.006243169	-0.121015445	-0.2029778	0.011854608	-0.059411499	-0.035897686	0.004725025	-0.136839124	-0.036705832	-0.010538281	-0.015893983	-0.086043464	0.214661835	0.136355791	-0.036426781	-0.124019341	-0.097825237	-0.013481773	-0.086590307
UMARY	1827	-0.05345962	-0.031143535	0.072513084	-0.227921166	0.368117851	-0.042699921	-0.005569729	0.047088596	0.056902373	-0.09810926	-0.058452905	0.379733958	0.241985447	0.068593513	0.268128929	-0.19748141	-0.181034128	0.014978368	0.121902664	-0.057566521	-0.015741744	-0.21670084	-0.002693414	0.031843966	-0.007204257
UMARY	1830	-0.142122483	0.147522609	0.192724226	0.071877698	-0.024243154	-0.015276204	0.132671661	0.136170613	-0.410410521	0.19768859	0.163630791	0.073310989	0.198119038	-0.622233421	-0.19767022	0.058450797	0.173634824	0.144009472	0.036084076	-0.0439358	0.053845644	-0.100034556	0.170415151	0.086854269	0.187828543
UMARY	1846	0.310001654	0.049460399	-0.067305536	-0.100369205	0.151026053	-0.036117434	0.003006202	-0.036224351	0.27823584	0.144377144	-0.035863168	0.148032502	0.175167207	0.244588328	0.121114769	0.012864967	0.01947016	0.054779709	-0.110491249	0.043621391	-0.010234897	-0.181210977	0.095413027	-0.101705841	-0.015632002
UMARY	1847	0.230293191	0.001049819	0.028710376	-0.015751517	0.150386086	0.169915252	-0.035045058	0.106198188	-0.028630368	-0.050830294	0.020674411	-0.074640359	0.213609832	-0.343652152	-0.026070156	-0.087925774	-0.025909691	-0.047304859	-0.071536009	-0.057420652	0.03200924	-0.058872583	0.055763282	-0.117610514	0.038322941
UMARY	1849	-0.276416166	-0.103105275	-0.107421345	-0.0306132	0.068046941	-0.349679769	0.030091958	0.066816411	0.070785523	-0.03072495	-0.037318025	0.087851876	0.435327779	-0.259021395	0.259369368	-0.049282613	0.04283221	-0.112152247	0.176293447	-0.379945314	-0.079315765	-0.016405243	-0.018808788	-0.054764707	-0.09578032
UMARY	1862	0.009167995	0.057715181	0.105719266	-0.09462046	0.033657053	-0.150436091	0.014109608	0.093433778	-0.164124066	-0.0213948	0.073267202	0.307944021	0.062214418	-0.362716625	0.280284536	-0.069695681	-0.072725146	0.081748024	0.027564142	0.14717827	0.06123617	-0.079418689	0.159460665	0.006039982	0.074820078
UMARY	1865	0.276345662	0.077612798	0.008901583	0.038932758	-0.028133015	0.135379821	-0.029974594	-0.079945696	0.290140439	0.030946057	-0.007337111	-0.184126622	-0.112678731	0.315286615	-0.074540469	0.09749045	0.070507961	0.014885824	-0.041498905	-0.039158275	0.001890458	-0.185250484	0.017791406	-0.038287494	-0.029364525
UMARY	1866	0.18454855	-0.132609425	-0.121421139	-0.111581725	-0.003313787	0.307894499	-0.093198864	-0.087571375	-0.099440116	-0.14305838	-0.106418196	0.015171844	0.063090335	-0.161233654	-0.026079631	-0.055616427	-0.058555198	-0.132089933	0.018478625	-0.134249188	-0.0653368	0.03614371	-0.110000179	-0.070561264	-0.088860046
UMARY	1867	0.092510534	-0.059175076	-0.061578255	0.101805026	0.048508311	-0.256968764	-0.060765905	-0.057767881	0.213890812	-0.021540373	-0.08360707	0.061262888	0.026969207	0.202498583	0.02590586	-0.075038527	-0.009119016	-0.046936887	0.142286295	-0.076319599	-0.018214017	-0.106788325	-0.074492198	-8.32E-05	0.000116897
UMARY	1902	0.123560806	0.04391689	0.050017628	0.11385241	0.177703777	0.356046802	-0.004287421	0.016867773	0.41456182	0.069069892	0.0220059	-0.092039775	-0.342566161	0.28599391	-0.044104504	0.008173608	0.066355313	-0.016142276	-0.030087786	-0.057716644	0.015524372	-0.188662796	0.039317286	-0.037251496	0.047456431
UMARY	1903	-0.121763428	0.041470527	0.145324668	0.231343916	-0.108026504	-0.052854992	0.06904625	0.050409298	0.215932653	0.079866499	0.099085959	-0.35131084	-0.25440912	0.227008738	-0.027021145	-0.112523275	0.115302281	0.034885135	0.094060865	-0.081459779	0.065404894	0.148087959	0.061176017	-0.03458292	0.020329762
UMARY	1907	-0.07392959	-0.11108361	-0.124956007	-0.03729497	0.035269036	0.05424725	-0.112030057	-0.098592305	-0.011451897	-0.159696122	-0.058785059	-0.05263946	-0.224834523	-0.183177916	-0.129827316	-0.124191125	-0.09487825	-0.218321393	-0.058947367	0.077035748	-0.075614774	-0.222731126	-0.082146926	-0.041914849	-0.107803105
UMARY	1917	-0.141317829	0.025909206	0.014631985	-0.140901745	0.047990533	0.353741274	0.036242512	0.018619402	0.344607733	-0.142340268	-0.044166021	0.385519825	-0.163560378	-0.029997138	0.223190438	-0.040096562	-0.049714433	-0.066343663	0.065642591	0.063198913	0.074687014	-0.213986334	-0.085186466	-0.054465701	-0.01256099
UMARY	1935	0.092319495	-0.142720744	-0.041033826	-0.251636079	0.023016797	-0.120867153	0.010595705	-0.14713272	0.068297096	-0.156473749	-0.142281919	-0.296698434	0.460898608	0.068827143	0.023231304	-0.132449296	-0.091506658	-0.153074937	-0.097271466	0.361382901	-0.114397937	0.25393449	-0.198152363	-0.105740062	-0.133280171
UMARY	1936	-0.177908796	-0.015844182	0.040065068	0.013172343	0.030464999	0.132248934	-0.013724459	0.017659688	-0.11315714	-0.044726081	0.053257936	-0.172023105	0.017230147	-0.023784055	0.048826512	-0.023135535	-0.083536638	-0.034098681	0.261944686	-0.182385736	-0.053706469	-0.174938456	-0.028980559	-0.079505328	-0.009615517
UMARY	1939	-0.273624138	0.127344504	-0.964560429	0.871416178	-0.666099838	0.809630255	-0.464703951	0.112736006	0.014496094	0.699698531	-0.084175139	-0.909126187	-0.117920052	-0.486617764	-0.373341041	0.484171685	0.802282925	-0.039918507	-0.203516019	-0.095543896	-0.023157106	0.463371297	0.492430969	0.258643746	0.136808909
UMARY	1940	0.02531129	-0.061377773	0.060390806	-0.213239928	0.027145309	0.048318126	-0.013241679	0.155540008	0.451582699	0.015076402	0.0361256	0.587413083	-0.334169799	-0.123316391	0.036162263	-0.183957083	-0.269356436	0.044574009	0.009946362	-0.278427975	-0.005698405	-0.172400758	-0.034100606	0.145377839	0.018123079
UMARY	4263	0.048278724	0.057280239	-0.000427995	-0.214983902	-0.074056916	0.424623293	0.105963516	-0.011255991	-0.00765485	-0.029327512	-0.053156783	0.052091195	-0.116153656	-0.074667625	-0.083351097	0.007013225	0.113749035	0.000372829	-0.213152137	0.07543177	0.188378443	-0.006145418	0.187377843	-0.092751411	-0.093533211
UMARY	4540	-0.06540485	-0.05132732	-0.147073024	-0.079212173	-0.052884567	-0.331969291	-0.064892634	-0.163830217	0.147797265	0.016391608	-0.121216425	-0.683263593	-0.102446987	-0.249491476	-0.37071249	0.246275866	0.090577061	-0.087731554	-0.069206646	0.315145123	-0.002389533	0.168392533	0.060023614	-0.040118354	-0.094694994
UMARY	4542	-0.012472052	-0.080103571	0.079448738	-0.229749202	0.129752338	0.153377248	-0.04651516	0.057704374	-0.061424433	-0.048312554	0.119585944	-0.239846753	-0.092980848	-0.347512977	0.001578777	-0.166652281	-0.178116599	0.017036275	0.1226529	0.120855473	-0.077351965	0.0539058	-0.007805672	0.097414251	-0.025755572
UMARY	4543	-0.112880725	-0.008003362	-0.081014534	-0.171523187	0.165577912	0.169864335	-0.101081424	-0.09781163	0.013031507	-0.045052009	-0.02690743	-0.176889788	0.297470502	-0.226855181	-0.049660873	-0.177047997	0.076664228	-0.039096438	0.024090718	0.013475651	-0.001843258	0.133426369	0.007177256	-0.069136741	-0.067398412
UMARY	4549	0.284638333	0.073345762	-0.043028957	0.031669999	0.152793359	-0.314454111	0.007252089	-0.034446442	-0.221673329	0.055040798	-0.03278656	-0.074011285	-0.098197002	0.335309881	0.162876992	0.00347841	0.05411112	0.044270419	0.104416224	-0.105582814	0.051462584	0.084753675	0.057473108	-0.055870326	0.031530293
UMARY	4590	-0.266993789	-0.049399075	0.010526484	-0.233336702	0.10742022	-0.066740061	-0.155939275	-0.078282319	0.361754655	-0.12407531	-0.119727985	0.129661259	0.346655864	0.603771558	0.058725486	0.028641014	-0.052046487	0.067801711	-0.14451549	0.055057625	-0.101882061	0.193290972	-0.145270361	0.096087084	-0.05449689
UMARY	4593	-0.052887944	-0.002653251	0.055003648	0.059508339	0.006597934	-0.021628232	-0.002172173	-0.019555035	-0.058797814	-0.049218253	0.009988044	0.071322056	0.351254668	-0.085689854	-0.031106792	0.269922605	0.02293505	-0.057360379	-0.070062788	-0.095806211	0.036015708	-0.059554488	0.046707064	-0.11620618	-0.050935493
UMARY	4598	-0.227087651	0.002502061	0.020217493	-0.022719686	0.013465246	-0.094176312	-0.015800932	-0.054459859	0.020692562	-0.092538778	-0.070060932	0.073680916	0.038108553	-0.053197139	0.013598836	-0.126847471	-0.102443344	-0.035992233	0.029734306	0.03108062	-0.03948862	-0.148975646	-0.098646411	-0.051332637	-0.054995572
UMARY	4636	-0.053563331	-0.050123045	-0.039445722	-0.213781131	0.055489843	-0.024507497	-0.031824106	-0.060962234	-0.088152926	-0.145748485	-0.048012997	-0.14413493	-0.086819722	-0.042589669	0.045199213	0.087752043	-0.051119186	-0.047895373	-0.033159673	-0.184072802	-0.07085066	-0.062202836	-0.081791296	0.017504933	-0.059333084
UMARY	4640	-0.198809919	-0.065779025	-0.132324469	-0.134486976	0.04984	0.00301747	-0.097486396	-0.072440248	-0.265550838	-0.034332201	-0.076087147	0.050697326	0.218987709	-0.155528877	0.030578884	-0.166415723	-0.138820444	-0.080540558	-0.094084479	-0.208417226	-0.112931863	-0.098279486	-0.076447217	0.054081775	-0.062334915
UMARY	4725	-0.041953168	-0.084621756	-0.172482723	0.14407898	-0.039229214	-0.388136424	-0.072366972	-0.206373228	0.17927771	0.035651168	-0.078567642	-0.559145086	0.250128125	0.101376323	-0.133805929	-0.243080155	0.125493756	-0.102617859	0.131828069	-0.049528176	-0.052063141	-0.031501005	-0.023770584	-0.086590557	0.004315295
UMARY	4726	0.058352748	-0.025639103	0.041764081	-0.156828565	-0.058434418	-0.214851826	0.023876597	-0.031752348	-0.05773965	-0.035500547	0.008495788	-0.30887266	0.108589662	-0.049211285	0.19797778	-0.085183881	-0.067948495	0.051038867	0.051977275	-0.167885412	-0.018093263	0.027015755	0.016913948	0.027737521	7.62E-05
UMARY	4727	0.115924991	0.051665618	0.100908873	-0.063130864	-0.2899099	-0.376399487	0.074846577	0.099661209	-0.26584663	0.019681972	0.080688186	-0.747425422	0.339979539	-0.495245823	-0.045259647	0.022401582	-0.132186382	0.040700061	-0.047079673	0.129103569	-0.026595614	-0.00084834	0.061908837	0.076533131	-0.025740636
UMARY	4729	-0.095303391	0.170404561	-0.039696096	0.242171582	-0.213609696	0.353456844	-0.024568484	-0.047504403	0.154708493	0.255321621	0.052765252	0.148912369	-0.137646546	-0.210295309	-0.137208668	0.17553625	0.225338184	0.003452244	-0.057051096	0.049242131	0.12269518	0.064540602	0.051373108	0.035434836	0.063525853
UMARY	4782	-0.065173601	-0.041486755	-0.201379469	-0.127638637	-0.39511978	0.238541562	-0.086558643	-0.127581581	-0.120765818	-0.074733206	-0.147062947	-0.437497121	0.287598855	0.542098201	-0.007743223	-0.131457328	-0.026191776	-0.17603878	-0.010950032	-0.045571804	-0.098696235	-0.003690411	-0.107403076	-0.019831683	-0.026687143
UMARY	4786	0.134627432	0.110549983	0.045340457	0.033304093	-0.077998126	0.103793857	0.015940495	0.077855425	-0.221961203	0.093097556	0.123997152	-0.029954987	-0.037425968	-0.331059572	0.197986887	0.017318744	-0.062359515	0.054075144	0.028589624	-0.071539797	-0.025950311	-0.290945063	0.045058978	-0.033586849	0.056166303
UMARY	4788	-0.062206582	-0.194925304	-0.360422605	0.447716872	-0.566143472	0.538523262	-0.057458894	-0.206607309	-0.318276472	-0.233496258	-0.034920069	-0.341321903	-0.081266145	-0.299346679	-0.315881232	0.43230771	0.271636356	0.037524261	0.073692008	0.510280564	0.317328631	0.561112317	-0.203001637	-0.309679701	-0.041901462
UMARY	4789	-0.161869488	0.168794548	0.097975285	0.384422047	-0.675000695	0.580295869	-0.042426663	0.111517406	-0.481963448	-0.078154078	0.476672418	-0.443734106	-0.032091105	0.114336088	-0.130233736	0.472489104	-0.210673604	0.096402825	0.09072317	-0.103614275	-0.072827819	0.458666906	0.077303518	0.129199382	-0.053608931
UMARY	4841	-0.019443186	-0.027360403	0.011988518	0.130062051	0.348928336	0.253818712	-0.068198658	0.019238275	0.551452645	-0.017654157	-0.007352216	0.440570368	-0.274974268	-0.17368169	-0.059620617	-0.149235204	-0.057480023	-0.002531892	0.061988416	-0.017287587	-0.029747779	-0.150449952	-0.027965906	-0.015124868	-0.084881936
UMARY	4842	0.11414701	0.056928865	-0.026113676	0.026160712	0.107381339	0.089392137	0.135242496	-0.060847954	0.233809534	0.157469457	0.093796439	0.643702105	-0.286814302	0.388255263	-0.234524011	-0.129605807	0.125832012	-0.076970138	-0.001615521	-0.039269453	-0.052301053	0.271350558	0.087757797	0.092420694	0.042041221
UMARY	4903	0.036371724	0.00492478	-0.017430619	-0.273466485	-0.091250715	-0.282811289	0.071722159	0.046483643	-0.329375604	0.050497391	-0.025689123	-0.173962666	-0.13091713	-0.151751244	0.107279909	0.032151279	-0.051647188	-0.072830549	0.065823679	-0.00021454	0.018650532	0.190964719	-0.099814475	0.089832695	0.044781628
UMARY	4915	0.027663984	0.044971234	0.124348599	0.113950409	0.166368006	-0.14168021	0.072400413	0.019664654	0.479092703	0.033670196	0.019246679	-0.001806695	-0.501036186	0.289152719	-0.169074262	0.341139791	0.260620786	0.085034726	0.030313453	-0.009001955	0.105390431	-0.103230269	0.066333594	-0.09565876	0.034653625
UMARY	4916	-0.014185236	-0.095729538	-0.023028279	-0.040993253	0.256806646	-0.062848629	-0.093903515	-0.000336334	0.192301558	-0.136755773	-0.034400329	0.521146816	-0.37502403	0.354584332	-0.099155713	-0.003316631	-0.021595256	0.036295771	-0.097879915	-0.266679122	0.078997138	-0.222876889	-0.087486789	-0.100054451	-0.101089106
UMARY	4924	0.067288236	-0.057463981	0.183543569	-0.138404195	0.152154677	0.308110247	-0.115189675	0.214619947	0.000260753	0.219504537	0.010045699	-0.253650942	-0.115826684	-0.270794108	0.149282322	0.304815444	0.314840969	0.19999557	-0.026918803	0.202983756	0.107888904	0.154819916	0.317182044	0.129433629	0.172714966
UMARY	5024	0.372535492	0.075051274	0.048686352	0.640452316	0.07797551	-0.250211305	0.054525247	0.08454907	-0.007016145	-0.070843487	0.018458973	0.290592664	-0.022898351	-0.078501761	-0.07914497	-0.125352426	0.030216434	0.035485262	0.144198462	0.42234015	0.032946766	0.334385758	-0.009227739	-0.060841391	0.032944053
UMARY	5028	-0.185286783	-0.008921704	-0.016116572	-0.208557616	0.03700954	-0.35817915	0.113998867	0.060789474	0.026546073	-0.009858537	-0.055795893	0.146627358	0.167777716	0.058335141	0.012141378	-0.201396325	-0.044018267	0.044682792	-0.088424895	-0.111418124	-0.071396372	0.047523912	-0.122661796	-0.035537498	-0.00777831
UMARY	5078	-0.002448889	-0.062035853	-0.154397932	-0.056788692	0.163347403	-0.105610757	-0.029557735	-0.101370906	-0.028443312	-0.182311584	-0.071347197	-0.120401081	0.337765727	0.219530644	0.007339317	-0.153444177	-0.145789224	-0.052283969	0.019920375	-0.057437406	-0.060437647	-0.185415306	-0.159440155	-0.035812888	-0.109821017
UMARY	5079	-0.099928286	-0.013373914	0.033894765	-0.110917714	-0.097318726	-0.072544973	-0.023470418	0.010222138	-0.153501246	-0.104734572	0.050526858	-0.380376093	0.266965041	-0.285926437	0.082828568	0.138852638	-0.034243991	0.010884823	-0.102993622	0.114251223	-0.013541367	0.080901749	-0.027552956	0.035393235	-0.005599697
UMARY	5081	0.055404709	-0.045619876	-0.067574098	-0.074867568	0.16061427	0.151336558	0.013315837	0.026470325	0.063775716	0.03845734	-0.018339711	0.220676493	-0.049047565	-0.076128637	-0.025677248	-0.127635452	-0.075807494	-0.057823695	-0.086882775	-0.006012006	-0.035583733	0.061336343	0.04043758	-0.016137045	0.046396417
UMARY	5086	0.061992567	-0.014872508	0.048436896	-0.077627204	-0.157693694	0.321468982	0.049473975	0.043425374	-0.177780843	0.086731529	0.014328859	0.176702673	-0.007057808	0.341588263	0.213767068	-0.055564954	-0.111581513	0.01703463	-0.102609426	0.521509039	0.004505851	0.030302057	-0.033148498	0.081249382	0.022209004
UMARY	5087	0.019261427	0.079070854	0.156544811	-0.14174417	-0.132079777	0.188477289	0.186552146	0.1010082	0.004295645	-0.035078123	0.099303016	0.064797494	-0.026244338	-0.149558811	-0.061685752	0.111251016	-0.061131856	0.18462236	-0.015251047	-0.073477	0.090651002	0.422068438	0.045044969	0.012889054	0.072961277
