FID	IID	1	2	3	4	5	6	7	8	9	10	11	12	13	14	15	16	17	18	19	20	21	22	23	24	25
BLSA	745	-0.166920632	0.494410354	-0.044050661	0.121618934	-0.177103686	0.553809057	0.031724772	0.342801467	-0.41114394	0.052755374	0.043848571	0.239088091	0.239749168	0.465459052	0.390855401	0.04702379	0.293042984	0.225866742	-0.343190973	-0.105930317	0.166555074	0.438530608	0.088536289	0.050498214	-0.063408459
BLSA	827	0.211138097	0.03736009	0.035439323	-0.173823779	0.156594101	0.726125027	0.055376913	0.175711978	-1.108718444	0.190553215	0.256210065	0.106187126	-0.451649639	0.231093027	0.473956473	0.39436586	-0.23177368	0.163177098	-0.040117998	-0.192303362	0.363448347	0.063727537	-0.014638722	0.146367554	-0.366839966
BLSA	1556	0.0803268	-0.098922953	0.046575205	0.297699286	-0.144009521	0.330735491	0.147751704	0.097549244	0.281086816	-0.01804838	-0.116462509	-0.000808464	0.349696014	-0.114834974	-0.104046751	0.373962203	-0.137253091	0.162563487	-0.199755532	-0.058954451	0.125038879	-0.091623352	0.169052211	0.019211362	0.102951239
BLSA	1579	-0.093986415	-0.257744996	-0.270093636	-0.228230718	0.29859231	-0.185769534	-0.215262757	-0.329254343	-0.23946071	-0.095586365	0.084221099	-0.235130881	-0.376092278	-0.247650252	-0.017333623	-0.231616778	-0.243949808	-0.2285435	0.105007703	-0.114352025	-0.171791785	-0.230924516	0.13608331	-0.197901435	-0.34814006
BLSA	1595	0.205784074	0.100285762	0.321652854	0.43571695	0.35706869	0.012447673	0.564498332	0.687151448	0.008111294	0.909697004	-0.159898412	0.179773546	-4.968203476	0.560220112	0.419106831	0.104342797	0.397394896	-0.472064801	-0.382144477	0.295880502	-0.155214051	0.948395195	-0.10218691	0.139776572	0.237202649
BLSA	1603	-0.068727361	0.004988962	-0.1047642	0.075048899	-0.258717948	-0.488472037	-0.006968114	-0.029027364	0.07278843	-0.082159308	-0.044554987	-0.016452545	1.132147943	-0.123884735	-0.205538296	0.030128592	0.38806856	0.04335431	-0.04573617	0.247412594	-0.191373229	-0.083434472	0.134175751	-0.009202323	0.375178653
BLSA	1640	-0.015400769	-0.114951284	0.013173583	0.085256253	-0.201753672	0.108479797	0.193571903	0.130016846	0.108881135	-0.120103081	0.018310987	0.082398121	-0.193758515	0.083668177	-0.009211461	-0.070548775	-0.051865369	0.11920418	0.155002632	0.065125202	-0.161547873	-0.034735022	0.028972274	-0.003066671	0.122685208
BLSA	1775	-0.082926148	-0.001490345	0.094334016	-0.079558165	0.073037261	1.161114396	-0.325868815	0.183558411	-0.574438385	0.08202728	-0.038744465	-0.120774737	-0.629715469	0.288231308	0.012702816	0.227008434	-0.262580145	-0.296403303	-0.232877246	-0.416055026	0.244939149	-0.103548019	-0.234594688	-0.146561592	-0.039332731
BLSA	1802	-0.178256155	0.053454589	-0.216671439	-0.173417851	-0.108653935	-0.722023992	-0.060962731	-0.043076576	0.180483909	-0.103383939	0.082090368	-0.055163943	1.136449997	0.025889746	-0.06060721	-0.203049461	0.150842311	0.091237738	0.06954856	0.016702686	-0.007223648	-0.199348301	-0.153152032	-0.054401028	0.255327041
BLSA	1805	-0.165786968	-0.129308735	-0.221762213	-0.200398177	-0.351752158	-0.225743814	0.035436813	-0.230043464	0.379759941	-0.293186032	-0.24575148	-0.094293385	1.20827117	-0.220886468	-0.367848585	-0.267449101	0.467356511	-0.104633531	-0.177386444	0.581447016	-0.232864249	-0.174531235	-0.262672305	-0.118949308	0.472967653
BLSA	1838	0.025977835	0.015845925	-0.015741252	-0.024111584	-0.075093465	-0.062682	-0.330408574	0.069486493	-0.076005804	0.164877892	0.023719525	-0.020990493	0.596625837	0.092249168	-0.475000663	-0.556500363	0.088190263	-0.127217055	0.143259543	-0.180441847	-2.21E-05	0.045639259	0.176273266	-0.094667344	-0.114743754
BLSA	1839	-0.096299276	0.008088257	0.056838719	-0.043454464	-0.051468898	-0.143647243	-0.006452648	-0.178435019	0.245088833	-0.325434098	-0.123795356	-0.156377221	1.044172207	-0.215954869	-0.823133918	-0.299588797	0.123728864	0.072690762	-0.00039056	0.120415454	-0.189310332	-0.145282756	0.006387076	0.073401183	0.06343892
BLSA	1840	0.026789358	-0.089049095	-0.012514851	-0.11417373	-0.1130698	0.145826766	-0.186529298	-0.316377614	0.010526157	-0.271072146	-0.026957042	0.159241694	0.615652905	-0.290527354	2.82594812	0.562355264	-0.009964313	-0.148469399	0.120139139	-0.011258354	-0.087197498	-0.174177442	-0.182531877	-0.124321907	-0.053457286
BLSA	1883	-0.159426866	-0.010897245	-0.070218398	-0.023211499	0.256679813	-0.840310003	-0.06190843	-0.086148504	-0.001271699	-0.185073386	-0.194373593	-0.045291824	-0.16775127	-0.089977437	-0.534519592	0.197970727	-0.201084375	-0.101571327	-0.069186968	-0.019613893	0.082234321	-0.169279828	-0.105617217	-0.048540623	-0.211664087
BLSA	1889	-0.068614974	-0.060185884	-0.081979773	-0.060924285	-0.010257667	0.089092256	-0.19070977	-0.1816626	0.189684509	-0.279273507	0.033116861	-0.107114005	0.876631587	-0.267600866	-0.431238391	-0.227420726	0.078904033	-0.060565655	0.125645598	0.062895335	-0.080378106	-0.131668491	-0.007805815	-0.069919511	0.110075927
BLSA	1924	0.138307518	-0.054339571	-0.023808336	-0.083316586	0.749290012	-0.072729964	0.013740948	-0.024982916	0.171153474	0.025259174	0.01929989	-0.088268898	-0.569254524	-0.033129454	0.126092713	0.058161355	-0.064364099	-0.219793646	0.01932361	-0.10373631	0.035548008	0.112091457	0.01407823	0.049791011	-0.372889824
BLSA	1961	0.115584144	0.024908992	0.137270523	0.176693173	-0.128078609	-0.737444482	0.159460783	0.067749182	0.37478584	-0.031585454	0.006316607	0.016549453	0.64257545	0.042193968	-0.032768358	-0.017152501	0.185747392	0.188741212	0.119859965	0.051732487	-0.159949527	-0.079958805	0.018886613	0.149821581	0.187699809
BLSA	2000	-0.06031521	-0.131257917	-0.234223249	-0.106684579	-0.223748149	0.885146463	0.146589733	-0.178244093	-0.086201778	-0.068835811	-0.253506725	-0.008564601	0.653930049	-0.297229146	-0.527528001	-0.132199514	-0.005327064	0.219348618	0.078360533	-0.073112483	-0.086541035	-0.100143265	-0.034089758	-0.070612863	0.138375189
BLSA	2020	-0.024427704	0.116287595	0.195785273	-0.049959679	0.168412843	0.164307973	0.070681189	0.03639713	0.035380443	0.068077005	0.224037875	0.044919314	-0.618550144	0.071963342	-0.128781492	0.081637466	-0.30998778	0.061778417	0.057392688	-0.074940398	0.079888851	0.072040171	0.042670215	-0.011558887	-0.06485656
BLSA	2037	0.100424665	-0.022984907	0.12443188	-0.036079899	-0.324171191	0.452399994	-0.062359458	-0.356192856	0.03812168	0.004735068	-0.02923565	-0.006778152	-0.057695378	0.066856031	-0.08913983	-0.091435361	-0.56976189	0.143853061	0.323643109	0.119788282	0.186683148	-0.174470728	0.176496492	0.313134911	-0.136783433
BLSA	2066	-0.079997667	0.01412006	-0.104359688	-0.058543206	-0.110727123	-0.249575918	-0.163141121	-0.116364549	0.181323118	-0.080874158	0.164873237	-0.057382625	-0.129206647	0.030015616	-0.409875448	-0.105315553	-0.159969228	-0.022091686	0.132376721	-0.232608501	-0.009330752	-0.08007268	0.129220055	-0.04820641	-0.133922148
BLSA	2069	0.117321687	0.044870815	0.079417277	0.09488842	-0.101726889	-0.335442492	0.015214702	0.03401266	0.140512646	-0.001209689	0.090945705	-0.038428505	1.062202581	0.264693634	-0.224279958	-0.190559903	0.216299165	0.161183803	-0.035127244	0.347339313	-0.035392888	-0.038206046	0.076419507	0.143471904	0.038112837
BLSA	2093	-0.10734978	-0.142596059	-0.14230917	-0.136721967	0.723189756	-0.597988825	-0.032598163	-0.205870146	-0.264401304	-0.09670801	-0.006289034	-0.09137489	-0.38122092	-0.387925333	-0.189026286	-0.221449201	-0.160496556	-0.100633822	-0.02581178	-0.041643162	-0.003569887	-0.190947068	-0.130765948	-0.104344985	-0.295552579
BLSA	2102	0.346781745	0.199107589	0.437578212	0.305688252	-0.402532076	0.032345412	0.209122087	0.451245183	0.343953838	0.554551355	0.192578461	0.315037824	-1.015006646	0.067067706	0.38121551	0.537329547	0.018802418	0.228988298	0.102165594	-0.283788742	0.28737117	0.521927799	0.030803981	0.016780596	0.097575763
JHU	384	-0.16617764	-0.129137074	0.008030876	-0.024039943	-0.337571419	-0.166820849	-0.171664879	-0.235105975	0.051992302	-0.114841829	0.058044424	0.020961345	0.05420906	-0.147859208	-0.227579643	-0.107633715	-0.039703254	-0.024222561	0.022713048	0.014055987	-0.065637452	-0.08474579	-0.231789727	-0.00951035	-0.176702409
JHU	705	-0.095663164	-0.122454448	-0.091609504	-0.146533694	-0.401040128	0.519064726	-0.083582645	-0.06731234	0.146065919	-0.237262462	0.043357457	-0.045406402	0.689446462	-0.121528948	-0.099937635	-0.121331108	0.433182556	-0.22382049	-0.062263448	0.060044219	-0.223402982	-0.115290384	0.310014361	-0.112277949	0.076091703
JHU	710	0.055388317	-0.04807148	0.091033325	-0.047430386	-0.077295875	0.002791302	0.181121584	0.002329547	0.156251733	0.005603776	0.193424966	0.034332485	-0.500109549	0.028894047	0.095219116	0.13841907	-0.069617548	0.030884872	-0.082533938	0.08581622	0.095519162	0.130833227	-0.088159889	0.156572745	-0.109062919
JHU	712	-0.010152578	0.06379582	-0.00356053	0.089256952	0.207614876	-0.321713026	0.104687077	-0.002631166	-0.346096084	-0.038297104	0.03941859	0.110174972	-0.457859741	0.08680999	0.034133775	0.077885851	-0.161084429	-0.002531961	0.03260563	0.128047358	-0.087740028	0.025667452	0.168923056	0.0029978	-0.264868972
JHU	713	0.146389082	0.120658214	0.019988931	-0.096416005	0.048607608	1.156791875	-0.649338759	-0.036208781	-0.268197513	0.13364448	0.184187571	0.215494984	0.13877608	0.057071603	0.302446152	-0.487856155	-0.409694235	0.22910848	-0.146253656	-0.369056205	0.439450193	0.42875479	0.322810601	0.137417375	-0.00523792
JHU	719	-0.041150309	-0.07160734	-0.065017512	0.053645813	-0.225201643	-0.479770613	0.185286773	-0.053546147	0.087081678	-0.070177261	-0.175396072	-0.066846151	0.458546132	-0.041658719	0.03497158	-0.073060372	0.039207991	-0.045643042	0.007577104	0.341903833	-0.150910325	-0.160350678	0.325447832	0.032733879	0.615872376
JHU	993	0.102245478	0.232520029	0.048251853	0.035425356	0.242935647	0.068567207	0.164192496	0.325774844	-0.374480239	0.328959306	-0.009177329	-0.073141579	-0.443230734	0.021546092	-0.072683608	-0.196852152	0.259147953	0.153135197	0.13628512	-0.218374709	0.128752399	-0.106653848	-0.397255518	-0.180083749	-0.373365148
JHU	994	-0.068522761	-0.081020471	-0.060609435	-0.006180067	0.477368448	-0.657065675	-0.075170791	-0.06090977	0.233835115	-0.072091875	-0.260136985	-0.213859246	0.676074463	-0.039718542	-0.17174507	0.634770494	0.166574319	-0.156041644	0.033968748	0.054848604	-0.139260315	-0.184973651	-0.480862641	-0.120011119	0.335988053
JHU	995	0.077643574	0.035316751	0.053491995	0.142271974	0.064582486	-0.121844946	0.344469144	0.127609789	0.313547088	0.064462969	-0.073722621	0.018289593	-0.615852172	0.156443685	0.105175333	0.135658086	-0.218013353	0.03913115	0.057901392	-0.097285306	0.003229347	0.066758882	0.070871925	0.092161368	-0.098714765
UMARY	142	-0.081220407	0.046952507	-0.03879671	0.056552983	0.382618965	0.056036246	-0.133214104	0.036505449	-0.175672703	0.108334047	0.123962769	0.115112795	-0.699057289	0.158114111	-0.067265481	0.020805487	-0.193875895	-0.048293736	0.016051338	-0.112895484	0.112476594	0.037992291	-0.008600988	0.052039749	-0.329485213
UMARY	602	-0.028514163	0.036380302	0.010486487	0.001653992	-0.020717878	0.907108976	0.093256419	-0.069969502	-0.192050362	-0.103126606	0.116691395	0.072100127	0.352118268	0.041822372	0.007700454	-0.180976455	-0.014774516	0.021937857	0.129364912	-0.07805999	0.015420336	-0.11453652	-0.140843207	-0.051958255	-0.33613319
UMARY	604	0.160130644	0.07132402	0.12747015	0.056493076	-0.011614006	0.165323994	0.066990352	0.021707529	-0.116973468	0.069490411	-0.081680717	-0.009351488	0.027637863	0.129479499	-0.022326058	-0.176002282	0.164084544	-0.021425067	-0.004317501	0.140254583	0.012790929	0.02833332	0.027308384	0.125116932	0.309781363
UMARY	813	0.01400294	0.024663107	0.050898429	0.017349784	-0.103835391	-0.260624094	0.078440702	0.044000187	-0.117438715	0.029190757	0.058977607	0.067011205	0.319348892	0.028377956	0.140290055	-0.274278415	0.118529844	0.068182216	-0.063088182	0.158403748	-0.094933598	0.021581287	-0.192107191	0.054961473	-0.010319767
UMARY	819	0.028898448	0.015864809	-0.02863522	0.021764162	-0.040544017	-0.197732559	-0.027072835	0.123940464	0.213680281	0.030235914	0.02974575	0.038817219	-0.063489772	0.023083347	0.143473828	-0.047397375	0.128995797	-0.005336939	-0.044210888	-0.00386526	0.099868855	0.101855402	0.091504411	-0.044605071	0.04598402
UMARY	871	0.05525712	0.01965145	-0.02289745	0.046919605	-0.297559217	-0.044903402	-0.046546919	0.070885092	0.001163434	0.026381253	0.134731983	0.030875621	0.085786547	0.048272756	0.021746451	-0.281184878	0.108909538	-0.001099683	-0.096344885	0.200352054	0.002514364	0.013251757	-0.399669072	0.054614383	0.061159749
UMARY	879	0.002802822	-0.023627137	0.033542486	-0.079907758	0.020052198	0.107123489	-0.080982215	0.008658977	-0.020125607	0.055037714	-0.076433432	0.013993509	0.271592315	0.017653656	0.061425826	-0.165840065	0.274251265	-0.029342804	-0.068929639	0.112763785	-0.036190442	-0.047286011	0.14205028	-0.041777864	0.058672778
UMARY	880	0.119010145	0.089310714	0.076586581	0.238598997	0.449916974	-0.595107447	0.117181432	0.179003825	-0.214147378	0.115975247	0.149664285	0.109551066	-0.508537053	0.093258219	0.192610351	-0.180108984	-0.129969269	0.10365391	0.034294686	-0.066769204	0.012436762	0.149947783	0.085705863	0.186226955	-0.22066789
UMARY	914	0.078819832	-0.032938463	0.032079909	-0.00512912	0.236220664	0.544938282	-0.081097678	0.053004967	0.245735092	0.028670993	-0.155019508	-0.053458749	0.255267389	0.005520732	0.034026986	0.269237174	0.050568898	0.060669662	-0.155878091	0.185066737	0.065107538	0.110247581	-0.06037666	-0.047669099	-0.04852577
UMARY	933	0.035427349	-0.042740018	-0.083151491	-0.021204296	-0.239796775	-0.357811472	-0.053334995	-0.218914228	-0.071732189	-0.16527536	0.268445619	-0.003880322	0.631772161	-0.072298935	-0.099545361	-0.317204387	-0.16961043	0.060264366	0.133796447	0.062074306	-0.084145768	-0.146900617	-0.104650237	-0.036495399	-0.224365235
UMARY	1028	-0.155808674	-0.156909293	-0.026823169	-0.005915971	0.072253823	-0.124248782	-0.091111421	-0.270812424	-0.142930718	-0.290054548	-0.168727142	-0.210957099	0.558613599	-0.10700989	-0.293677092	-0.072394441	-0.059677698	-0.157884792	-0.059585712	0.000957093	-0.200701238	-0.024740513	-0.07742266	-0.13687803	0.030993003
UMARY	1037	-0.033603797	-0.223630144	-0.147753813	-0.061103925	-0.323459854	0.012464148	0.118712737	-0.077619942	-0.037130497	-0.110834707	0.071630653	-0.127260538	-0.020895164	-0.200757034	-0.17044786	-0.370007427	0.060461835	-0.038120252	0.121388492	-0.011339244	-0.183208855	-0.080591368	0.175543013	-0.072571195	0.319862162
UMARY	1064	0.004913214	0.058159827	0.053369265	0.032069976	0.001253254	-0.189606073	-0.128321631	-0.055325036	0.298490596	-0.167094357	-0.238380988	0.085648097	0.466477012	-0.110425585	0.060360871	-0.344175796	-0.150979088	0.152897838	0.023942385	-0.069929224	0.021229532	-0.120955942	-0.144981377	0.063482881	0.109742827
UMARY	1065	0.028856957	0.071890704	0.07017239	0.012401616	0.263932415	-0.233535587	0.055991006	0.079890142	-0.073971987	-0.082243932	0.16454277	-0.096167536	0.328604834	-0.11632882	-0.283966449	-0.235770341	-0.081454766	-0.121952852	0.255157113	-0.077089905	0.033986387	-0.261015756	0.263834022	0.022629454	-0.269658255
UMARY	1076	0.008724958	0.045807736	0.010212756	0.076426738	0.048859993	-0.223525299	-0.003361223	0.079302589	0.281555883	0.182309737	-0.176618436	0.054759884	0.180617538	0.030897088	0.098402491	0.082119525	0.068493313	0.049233516	0.086250084	-0.131519829	0.103141155	0.025934835	0.061579815	-0.01292745	0.224982581
UMARY	1078	-0.007054184	-0.206044996	-0.194888077	-0.174989515	0.004938733	-0.435226103	-0.003459878	-0.189665898	0.137872086	-0.095116246	0.359883225	-0.075293201	0.406496073	-0.088423243	-0.235503843	-0.207085814	-0.200828032	0.154523396	-0.216918611	0.025934829	0.006824431	-0.079220676	-0.119816283	-0.071316215	-0.030513122
UMARY	1079	-0.157182003	-0.149351695	-0.13110827	-0.077182649	0.199496698	-0.238040388	-0.256047889	-0.165954534	0.180515965	-0.146872382	-0.181241291	-0.072512735	0.35424002	-0.164625362	-0.083899147	0.104554345	0.012030675	-0.168211175	-0.101354023	0.062141326	-0.202443286	-0.079958986	-0.244170433	-0.126961727	0.232901135
UMARY	1104	-0.054007007	0.004419295	-0.041672852	-0.042414211	-0.29551599	0.342158975	-0.087861679	-0.040942443	-0.04692058	-0.032013374	-0.057001512	-0.018414522	0.236053004	0.005445807	-0.009259112	0.015961424	0.192426178	-0.024736031	-0.033022942	0.089799953	-0.007617567	0.046352142	0.111458548	-0.091837096	-0.011556414
UMARY	1105	0.11823484	0.098553234	0.16843738	0.059978733	0.068232419	0.199897413	-0.024674014	0.176151113	-0.218699926	0.22005804	0.012892058	0.133660837	-0.59725409	0.050810381	0.131510036	0.236014013	-0.050624114	0.085956264	-0.053103549	-0.051257469	0.149369308	0.116921312	0.335310443	0.048685293	0.091521672
UMARY	1114	0.077500576	0.057033191	-0.021653824	0.122260814	0.028595757	0.179568925	0.069329191	0.081851107	-0.103528523	0.032256191	-0.184041028	0.064655437	0.250194924	0.041552887	0.001217789	0.119296203	-0.08088645	0.064308697	-0.02280327	0.106316119	0.041333077	-0.025997692	-0.01534179	0.039570979	0.24409503
UMARY	1133	0.141448178	0.072050505	0.068733451	0.212546364	-0.525344708	0.708138759	0.255635567	0.066542386	-0.385332951	0.066046942	0.155803913	0.093677645	0.027958082	0.082814579	-0.094490535	-0.125544723	-0.128530179	0.167637574	0.364126163	0.171809088	-0.004391645	0.013403539	0.004241453	0.276595865	-0.004023679
UMARY	1134	0.089505409	0.010409208	-0.019715741	0.092384268	-0.068898064	-0.290209497	-0.016896892	0.07068697	0.155562359	0.08813236	0.075136767	0.026166741	-0.019753573	0.066880223	-0.011243007	-0.02687635	0.043975422	0.00666442	-0.025183414	0.09645048	0.11183022	0.01711997	-0.089597038	0.030716067	0.129871925
UMARY	1136	-0.063803166	-0.041592702	-0.007698033	-0.088577182	0.097232407	-0.191740238	-0.031997266	-0.11333002	0.122000414	-0.068433997	-0.000611211	-0.073125151	0.178854832	-0.098035961	-0.001522239	0.465361821	0.021128663	-0.037992476	0.004730758	-0.059875618	-0.051515127	-0.092352556	-0.059268656	-0.040875432	0.102461853
UMARY	1158	-0.005314026	0.007690432	0.051770934	-0.088563288	0.099804542	-0.178945345	-0.004195998	0.010370292	-0.041833105	0.024697852	0.16592249	0.014612614	-0.508009006	0.075989224	0.009975627	0.132746852	-0.16448476	-0.013734516	-0.004641461	-0.172314514	0.061242253	0.064958772	-0.177575641	0.016793549	-0.108274959
UMARY	1170	0.063673835	0.014019917	-0.00908968	0.057839794	0.068941827	0.064858908	0.07786445	0.01025037	-0.037680736	0.029393383	0.120057406	0.011516213	-0.378870609	0.063888728	0.084457286	-0.021221942	-0.132901488	0.032008661	0.036112549	-0.03168229	0.03481791	0.025928733	0.058995944	0.123369194	-0.087416938
UMARY	1206	0.057511214	0.008257297	0.079715707	-0.031857986	0.039175686	0.324739827	0.008507831	-0.053485023	0.039024025	0.024605803	0.174436168	-0.052544841	-0.597937884	0.102419311	0.014401661	-0.207831072	-0.274187868	-0.005612811	0.027307487	-0.058489188	-0.036411098	0.028204226	0.150216091	0.052977861	-0.34580721
UMARY	1209	-0.011669101	-0.01208786	0.029998061	0.035718386	-0.57399309	0.277787504	-0.140676933	0.088876621	-0.070224592	0.098551664	0.163173615	0.036664585	-0.233254577	0.067325505	0.072100478	-0.224051236	-0.031261329	-0.066437532	0.020797645	-0.060208376	0.07134643	0.112979686	0.092709269	-0.058846434	0.021008697
UMARY	1226	0.100141351	0.044144359	0.008219643	0.041583866	-0.072218245	0.316708917	-0.009576883	0.060808863	0.223437694	0.050402553	-0.065147303	0.030934408	0.097287233	0.042691165	0.085725822	0.083352687	-0.07139772	0.073646269	-0.083368379	-0.00119569	0.124509505	0.069365535	0.149383697	0.034162939	0.293968847
UMARY	1230	-0.012747955	0.026231176	0.016635254	0.013982801	-0.415375543	-0.183436781	-0.02416867	0.001482697	-0.001229016	-0.047889608	-0.062422067	0.028873569	0.121154614	-0.041749879	-0.00431877	-0.068528849	0.086607231	0.069675316	-0.090579558	0.02255058	-0.019301359	-0.033305543	-0.407903182	-0.068934456	0.035853312
UMARY	1260	0.155819813	0.126413177	0.12710616	0.141503283	-0.160846459	0.42019483	0.108827135	0.16220306	0.112188304	0.204607277	0.04242738	0.099099096	-0.252496945	0.128659822	0.141878091	0.071271369	0.061446389	0.147786106	-0.020200756	0.019319878	0.091817597	0.104418363	0.009423611	0.232050127	0.071703592
UMARY	1326	0.020745836	-0.02083554	0.035806542	0.022023166	0.064345606	0.138194424	-0.074263761	0.043625511	-0.003671721	0.06123118	-0.087274067	0.007485173	0.080621065	0.08044925	-0.101464544	-0.145705209	0.194425602	-0.021494999	0.06757066	0.127168648	-0.062653809	0.107254566	-0.040868472	0.010236625	0.004974604
UMARY	1454	-0.038906975	0.026500297	-0.023011912	-0.006185885	0.211498563	0.556699817	0.079230704	-0.037691713	0.100974893	-0.08254486	0.057300946	0.01944526	-0.420220683	-0.040465694	-0.077760728	-0.304230373	-0.316609174	-0.003959898	0.093326327	-0.134849657	-0.079530629	-0.078654249	-0.113358943	-0.017681519	-0.115565168
UMARY	1465	-0.060825059	-0.034693633	-0.028207305	-0.094404197	0.074965677	-0.324716489	-0.056521544	0.008380241	0.139038109	0.03538382	-0.178581971	-0.077734529	-0.489777176	0.017005045	-0.085278777	0.617497904	-0.115139423	-0.048068457	-0.029133961	-0.172179965	0.058418861	0.104899205	0.056050554	-0.055768378	0.079583973
UMARY	1486	-0.118280502	-0.021589107	-0.131721827	-0.003350142	0.069241776	-0.13187617	-0.070477581	-0.023877909	-0.108109636	-0.083015356	-0.145842663	-0.075715768	0.323552471	-0.058886983	-0.102685006	-0.150465899	0.230040536	-0.020713705	-0.066431423	0.127696387	-0.081305463	-0.018576528	-0.197433336	-0.113509166	-0.061558932
UMARY	1498	0.0267139	-0.018712884	0.007803239	0.027748209	-0.002213138	-0.134096826	-0.107151331	0.017728201	-0.193855528	-0.049020605	0.006849026	0.002137016	0.021223868	0.029633016	-0.009861049	0.008642922	0.110230072	-0.10762045	-0.029397756	-0.116595017	0.010959036	-0.037277846	-0.422627627	-0.081138283	-0.032051504
UMARY	1502	-0.141218893	-0.085468901	-0.07548613	-0.102156829	0.280483473	0.506971339	-0.099733126	-0.096263858	-0.09404276	-0.064801967	-0.265175169	-0.153497838	0.501507923	-0.044791301	-0.134510015	-0.079905871	0.046366489	-0.115775127	-0.049203966	0.062061245	-0.036335333	-0.08930362	-0.321493533	-0.083158995	0.14621797
UMARY	1535	-0.060099832	0.001877202	-0.123635496	-0.007382016	0.165208384	0.122734959	0.056529089	0.006579747	0.36896807	0.071572074	-0.008797127	0.010279373	-0.391505623	0.003685975	0.016647267	0.036043242	-0.168637052	-0.066680882	0.084173038	-0.089386477	-0.024620249	0.025886434	0.294695827	-0.010750486	0.098737357
UMARY	1540	-0.008966526	-0.085379716	-0.064509003	0.022075953	-0.42709351	-0.334390801	-0.050268438	-0.087886375	0.014100648	0.039242326	-0.07915047	-0.074530485	0.544031613	-0.053093309	0.040379134	-0.109485759	0.219483441	-0.096123052	-0.231592495	0.219885245	0.050969146	-0.019610556	-0.186389723	-0.074285946	0.088376837
UMARY	1541	0.1269727	0.115943825	0.068079366	0.118656754	0.036912084	-0.045786962	0.053105776	0.121450485	-0.044870002	0.045111135	0.150908551	0.082128538	-0.187710462	0.048821175	0.162831833	-0.135117192	-0.112648306	0.076932827	0.050760285	0.000931348	0.10034147	0.107185996	0.321150568	0.121870091	0.028379208
UMARY	1544	-0.089154103	0.033844736	-0.116977847	-0.077924442	0.087945934	0.092952626	-0.061985118	-0.04603229	-0.185745191	-0.105638699	-0.053942973	-0.066501464	0.143547908	-0.022690396	-0.003390354	-0.095795535	-0.006576254	-0.05307293	-0.00222128	-0.017214953	-0.046939634	-0.033567849	-0.103185399	-0.046924369	0.038820368
UMARY	1545	0.133561311	0.056092359	0.052978121	0.152926174	0.076299277	-0.620484672	0.110403453	0.047039722	0.269822009	0.021479288	0.005445061	0.069711845	-0.025398943	-0.041423117	0.034667368	-0.112593172	-0.011777522	0.118195189	0.028073798	0.141135788	-0.078050327	0.081609084	0.373183388	0.035850422	0.266722191
UMARY	1568	-0.035142911	0.029321457	0.016639388	-0.012514507	-0.010350828	-0.384353974	0.184079972	-0.031292306	-1.83E-05	0.031811589	-0.045281302	-0.105287476	-0.1500473	-0.050476402	-0.020100092	0.021280555	-0.071855575	-0.031605901	0.032056834	0.060832324	0.053974404	-0.037301341	-0.040122178	-0.044653611	0.028100697
UMARY	1570	0.030541953	0.023118581	0.10423081	-0.046107714	-0.010792591	0.491855299	0.005687041	0.049728832	0.159061104	0.047110868	-0.072115906	0.028988874	-0.025098778	0.095380911	0.060349616	-0.041210143	0.133993227	0.015904984	-0.031460839	0.139838199	-0.098602206	0.118977709	-0.003969963	0.027486946	-0.001945104
UMARY	1571	-0.033051764	0.050446844	-0.084303731	0.016621344	-0.047312044	0.060609103	0.222821652	-0.034271103	0.199726533	-0.024450673	-0.282095487	-0.082890297	0.797069758	-0.053577762	-0.041348797	-0.210946355	0.251281386	-0.015241743	-0.002086918	0.311742149	-0.109459698	0.016758208	0.303629196	0.01033667	0.367168062
UMARY	1578	-0.058274474	0.018891615	-0.156552568	-0.002882883	-0.180003053	-0.393076154	0.009501466	-0.10149307	0.354863183	-0.117263521	-0.115834036	-0.074504241	0.77645834	-0.117290594	-0.205143829	-0.214317037	0.207724454	-0.096624513	-0.042998478	0.149262466	-0.083997163	-0.225523594	-0.008682482	-0.024166201	0.454522047
UMARY	1583	0.194417389	0.126604802	0.108099381	0.100700734	0.357594411	0.438514565	0.094036698	0.20150159	0.000352018	0.136062305	0.013932165	0.008995595	-0.644469692	0.087293162	-0.012726553	-0.059819711	-0.29758419	0.130921527	0.158188887	-0.136322665	0.094348246	0.093554124	0.099418096	0.073196754	-0.20911087
UMARY	1584	0.016860073	-0.044590947	0.043537203	-0.007625278	0.202335239	-0.523402828	0.04050567	0.016035694	-0.131831495	-0.110862062	0.228421886	0.0008647	0.251079609	-0.044030565	-0.098586561	-0.114151476	-0.088848443	0.044082167	-0.09947498	0.008328332	-0.065429254	-0.071500019	0.276329481	0.034250954	0.165708994
UMARY	1611	-0.06935188	-0.028879856	-0.058085306	-0.084795376	0.293720106	-0.390089521	-0.151868961	-0.370950572	0.06518498	-0.176643696	-0.29367513	-0.14700612	1.036199037	-0.129316764	-0.182813375	0.601036269	0.075161333	-0.100113661	0.025386048	0.0013232	-0.097881211	-0.168728925	-0.257047864	-0.040051362	-0.067770392
UMARY	1612	0.163522942	-0.075476123	0.015136927	0.044188304	-0.120953567	-0.43997736	0.130613615	0.09684458	-0.215065474	-0.026353804	0.351459587	-0.020431723	-0.040485868	-0.054911193	-0.068272459	0.057069574	-0.189800698	-0.051332505	0.081997217	-0.061529768	0.227543679	-0.127235667	-0.249672012	0.089631401	-0.221532227
UMARY	1613	0.064238373	-0.102645319	0.17512643	0.032990173	-0.376426948	1.639098456	-0.016774334	0.063845166	-0.523577809	-0.012734354	0.181782426	0.010153289	-0.694972985	0.009593317	-0.079407851	-0.347122462	-0.197957828	-0.018431967	0.190926484	-0.015039524	-0.030585041	0.095579829	-0.129432173	0.063195567	-0.27226364
UMARY	1614	0.043291056	0.008221021	-0.000216938	0.064998761	-0.077918752	0.148912116	0.010233576	-0.070183574	0.420471759	0.014890512	-0.049072556	0.035070401	-0.067779643	0.056854844	0.029612675	0.360915636	-0.034195781	0.046895141	0.035624826	0.026666189	0.038305739	-0.012448269	0.28033947	0.033689552	-0.15589956
UMARY	1648	0.009026531	0.008180958	0.005038907	0.044497171	-0.108195549	-0.096004973	0.001181926	-0.015358444	0.052277911	-0.020136764	-0.087170062	-0.086364331	0.218991381	0.01912116	0.113228365	-0.150139559	0.188181024	-0.023063654	-0.148402692	-0.065267841	-0.038833702	-0.00276604	0.063167275	0.046418171	-0.192220787
UMARY	1652	0.05373144	-0.087419401	0.063577288	-0.030288361	0.071450119	1.142562264	0.022319889	0.009369964	-0.13463702	-0.110619542	0.285033799	0.031032513	-0.780517164	0.07890984	-0.115973795	-0.098681337	-0.266361661	0.03379918	-0.067596372	-0.266721037	0.140874945	0.121005187	-0.097970478	-0.009835924	-0.389889659
UMARY	1668	0.08052986	0.101275042	0.121443859	0.121868866	0.001829269	0.123141462	0.138421812	0.099295917	0.073067055	0.089894373	-0.118355696	0.036104246	-0.496059361	0.098865479	0.126539993	-0.027120739	-0.059053011	0.109520288	0.086952505	0.050820674	0.173183817	0.133083886	-0.162925633	0.184425487	-0.222324065
UMARY	1710	0.064254772	0.119305147	-0.170539142	-0.065403171	0.060439435	-0.346691665	-0.018596353	-0.241442116	-0.1262935	-0.060707009	-0.100187444	-0.009757691	-0.115068504	-0.094227495	0.059145837	0.904374672	0.051335629	0.055745123	0.134153155	-0.007523034	0.021302656	-0.023807652	0.172452447	0.067460161	-0.151016953
UMARY	1712	0.085224983	0.093476045	0.127109684	0.07498343	0.09968357	-0.024255823	0.118091243	0.100433559	0.142887465	0.133009259	0.058356074	0.126502573	-0.418068858	0.178983996	0.127519742	0.127077925	0.066554106	0.070199706	-0.001404304	0.044443541	0.090703818	0.201081471	0.108413728	0.085998079	-0.0942349
UMARY	1713	-0.047174941	-0.040382352	-0.063509271	0.055265246	0.15529701	0.156381657	0.133645302	-0.028978369	-0.131785366	0.009507608	-0.157034057	-0.096374247	-0.225546898	-0.073408329	-0.027336029	0.043967418	-0.054521954	-0.116117727	0.020059492	-0.052988546	0.076112128	-0.029657348	0.311996413	-0.019185852	-0.097297731
UMARY	1715	0.035722543	0.059213886	0.091228394	0.056751818	-0.150253386	0.214100602	-0.023823865	-0.005102499	-0.206997845	-0.035675573	-0.074141523	0.07640395	0.090376246	0.096273979	0.171161639	0.051124109	0.01329252	-0.011102469	-0.009326636	0.018730044	0.137411604	0.03045643	0.126616002	-0.035524171	0.020774691
UMARY	1792	-0.003010923	0.034212388	0.110537431	-0.043689279	0.009584257	-0.464708403	-0.06917457	0.066719427	0.197578801	-0.047422744	-0.120433274	0.009998583	0.391516713	-0.070189748	-0.019881634	-0.038812611	0.255038145	-0.029464507	0.020723873	0.081727601	-0.071844211	0.069613394	0.350766604	-0.06637359	0.089629535
UMARY	1795	0.016273032	0.006428989	0.03344203	0.019250192	0.343963112	-0.158815738	0.044642364	0.003246648	-0.011607651	-0.016490255	0.103745835	-0.019648888	-0.536703795	-0.048928199	0.136583356	-0.056554685	-0.113100852	-0.001668849	0.028584479	-0.065979107	0.029639176	0.002473917	0.174155376	0.06459532	-0.038902694
UMARY	1797	-0.063632171	-0.023762801	-0.054300801	-0.092259113	0.179041251	-0.058069681	0.058425395	-0.005490008	-0.113616359	0.120441728	0.003667408	0.05938731	-0.440910428	0.046702065	0.056065528	-0.021067037	-0.117792699	-0.00518356	-0.038825288	-0.125310723	-0.008098418	-0.010954613	0.16884528	-0.003542965	-0.054543869
UMARY	1825	-0.140126602	-0.066557961	-0.124169089	-0.082049809	-0.236075435	-0.142239488	-0.136522558	-0.001528407	-0.027464154	-0.015587849	-0.016614045	-0.022651188	0.123015805	-0.132096233	0.026863257	-0.060112116	0.230252101	-0.033026989	-0.113517508	0.002052759	-0.1691501	-0.028433161	-0.392396064	-0.012053783	-0.006881673
UMARY	1827	-0.022938046	0.040424067	-0.034376167	0.006753164	-0.037474953	0.142981722	0.089576096	-0.019796885	0.222810447	-0.061629946	-0.123166342	-0.033406928	0.397695191	-0.028745441	-0.033763443	0.508382822	0.117827341	-0.012623542	0.061215669	0.113142277	-0.253874794	-0.08932711	0.01052775	-0.016913524	0.226069683
UMARY	1830	0.159004414	0.129371824	0.16888063	0.207114439	-0.266494825	0.073976023	0.147741079	0.178755976	0.187161257	0.178811244	0.08986018	0.124221876	-0.80990986	0.126033155	0.251357976	-0.263302991	-0.237822277	0.14405881	0.159162214	-0.020336625	0.022038669	0.117648932	-0.288577361	0.165188604	-0.17079997
UMARY	1846	-0.064316904	0.019518484	0.046314037	-0.036538925	0.118878105	0.436320017	0.088984622	0.022190846	0.00377236	0.076708612	0.024585422	-0.026200065	-0.319632426	0.014340199	0.021394903	-0.109972441	0.121809189	-0.017689179	-0.156781225	-0.147942194	0.010293882	0.019406564	-0.136308473	0.011097444	0.157936325
UMARY	1847	0.012627102	-0.06068309	-0.115230942	-0.033128349	0.328894573	-0.318609769	0.091534612	-0.008965469	0.207564497	-0.00093634	-0.178864348	-0.028136689	-0.174182697	-0.010547654	0.027645971	0.281626626	-0.180074033	-5.60E-05	0.094149631	0.004743063	0.002452076	-0.022398716	0.027477251	0.062501779	0.018226167
UMARY	1849	-0.032852207	0.040684262	-0.121876388	-0.000596849	-0.276466861	-0.264931128	0.258160548	0.074765242	0.267967216	-0.014652013	-0.272985089	0.001232041	0.302421119	-0.138330881	-0.025541002	-0.114408257	0.140301641	-0.019211141	-0.033335453	-0.15781767	-0.120727513	-0.056906952	0.075892967	-0.124878919	0.346119927
UMARY	1862	0.002970336	0.014619409	0.005096972	0.006583223	0.022413536	0.66167758	0.165138354	0.046849895	0.197190912	0.076376411	-0.106179826	0.031413972	0.020097655	0.044378976	0.08244935	-0.202446631	0.08052371	0.106902271	0.049175604	-0.041418852	0.027386347	-0.006671496	-0.274604663	0.063665723	0.156329219
UMARY	1865	-0.044705923	0.028103245	0.006814919	-0.106436011	0.091139689	0.031655148	-0.079744682	0.057459071	-0.265303252	-0.014320426	0.194028669	0.045924702	-0.259068814	0.048451973	0.091705913	-0.227697459	0.065439333	0.022051225	-0.059965058	0.081873478	0.00273873	0.084656879	-0.109688467	0.025637204	-0.170107294
UMARY	1866	-0.153049121	-0.065255566	-0.13767298	-0.12013579	0.190002064	-0.621957776	-0.128631575	-0.133998103	-0.056629451	-0.161705077	-0.188456535	-0.02379895	-0.120379087	-0.11818965	-0.154824547	0.317452638	-0.047526715	-0.187617426	0.043841317	-0.019363308	-0.160789946	-0.20550892	0.078234535	-0.082911008	-0.104502759
UMARY	1867	-0.017263084	-0.000279244	0.07044092	-0.092160426	-0.237365967	0.199277219	-0.140586855	-0.038203691	0.143521796	-0.053921762	0.120783721	-0.001812997	0.435464177	-0.030612084	0.084897636	-0.361930175	0.314178285	-0.073665318	-0.209158381	0.143330426	-0.152909984	0.004601811	0.030883491	-0.001511036	0.114326504
UMARY	1902	-0.042538125	0.047411045	0.097789718	0.078400535	-0.102264165	-0.112425246	-0.016064053	0.016120144	-0.356271546	0.050944885	0.029427283	0.044673801	-0.04048394	0.070410221	0.104247928	-0.183399398	0.16674079	-0.042394552	-0.121921042	0.028048218	-0.05495053	0.112372814	0.356808129	0.067557036	-0.200286017
UMARY	1903	-0.042336415	0.089892176	0.049197665	0.085641676	0.191371304	-0.290162083	0.040817885	0.029335225	-0.129222197	0.05988706	-0.043458417	0.019952246	0.067185198	0.071820419	0.040537763	-0.054512297	0.180638764	0.04868938	0.113419102	0.122813198	-0.069311355	0.020954987	0.084835347	0.030053582	1.69E-05
UMARY	1907	-0.117624809	-0.232286037	-0.110279224	0.01571124	-0.098727195	-0.050666996	-0.105596592	-0.038618455	0.044017011	-0.152083144	0.060104354	-0.184629199	-0.135078825	-0.040357092	-0.266636724	0.01114678	-0.038338209	-0.201100755	-0.035122081	0.021060202	0.042949545	-0.097104747	-0.214657586	-0.102654013	-0.211638307
UMARY	1917	-0.070419144	-0.016993251	-0.087388561	-0.073361	0.221258965	-0.815418109	0.024742036	-0.067688876	0.027921221	-0.038699815	0.005178718	0.010863983	-0.004115136	-0.000374626	-0.14558913	-0.173194056	0.1210939	-0.009368235	-0.054246586	-0.077031569	-0.104137588	-0.050012553	0.309695956	-0.018509943	0.014502027
UMARY	1935	-0.193998788	-0.173481011	-0.076085	-0.126772801	0.029337114	-0.21202665	-0.052873841	-0.153385158	-0.004323598	-0.085891298	0.038529778	-0.175833793	0.041577354	-0.171909282	-0.159174345	-0.314773983	-0.11175494	-0.156095008	-0.033811934	0.05391096	-0.216275038	-0.094125942	-0.10348517	-0.067863319	0.186377786
UMARY	1936	0.057574758	-0.093640267	-0.03569944	0.00041449	0.267961707	-0.356609406	0.075129392	-0.019971815	0.129408009	0.01999872	-0.19446557	-0.061188317	0.435926407	-0.06060714	-0.049070674	1.208386916	-0.034435666	-0.03933737	0.058774346	0.09600745	-0.069330699	-0.020869527	-0.311336911	-0.044118514	0.002894911
UMARY	1939	0.08497871	0.22124608	0.471729979	-0.073725741	-0.519164532	0.418916532	-0.846300928	0.634614682	-0.466843955	0.511928425	0.289834107	0.6673098	-0.591204282	0.511017843	0.737570228	-0.181100586	0.291758518	0.319786316	-0.207841933	-0.568902159	0.346681324	0.391849263	-0.330273753	-0.153363139	-0.137454098
UMARY	1940	0.085585756	-0.051967804	-0.025437497	-0.063769549	0.222764972	-0.545730629	0.072241138	-0.051711467	0.117905505	-0.009074959	-0.046360401	-0.04958677	0.114771448	0.049579206	-0.148940572	-0.014715061	0.03525605	-0.095686956	-0.038685799	0.09363991	-0.098825851	-0.053893001	0.256114382	0.01650469	0.026430747
UMARY	4263	0.042524424	-0.028323343	0.001365797	0.032263747	0.055363822	0.187447382	0.077184197	0.051491069	-0.283399951	-0.008006575	0.104522224	-0.131973024	-0.689913475	-0.005326252	0.102853777	-0.365629638	-0.291812556	-0.026559223	-0.208066526	-0.067875381	0.028660091	-0.080350316	0.038081923	-0.087446979	0.01044304
UMARY	4540	-0.095492971	-0.044259101	-0.113463088	-0.066849177	-0.120774288	0.593164504	-0.080716578	0.014279164	-0.692642598	-0.037285737	0.023750304	-0.02675848	-0.204796686	-0.027766359	0.17356476	-0.059358647	0.206210749	-0.15384497	-0.006963956	0.006822668	-0.000423823	0.007262254	-0.319512156	-0.133976507	-0.102694515
UMARY	4542	0.054463434	-0.02775652	-0.013413786	-0.002386688	-0.122304794	-0.314607993	0.201808711	0.03248651	-0.16578947	-0.006533769	0.189014946	-0.034018247	-0.06319916	0.083610148	-0.251430578	-0.216589965	-0.104280899	0.05667661	-0.037446409	-0.101068571	0.025550468	-0.114996405	-0.00383894	0.097323271	-0.023400667
UMARY	4543	-0.084614206	-0.046585003	-0.06644926	-0.084383691	0.290839533	-0.361438614	-0.07692836	-0.16548634	0.091561089	-0.074438899	0.088051169	-0.028978088	-0.017712741	-0.112029028	-0.12179957	-0.001003717	-0.138765694	0.00911028	-0.02236302	0.01536684	-0.067331162	0.023935777	-0.054907431	-0.068171673	0.028571146
UMARY	4549	0.026201197	0.063293414	0.006792666	0.066951812	-0.093307857	-0.28368962	-0.092165321	0.012959383	0.050302438	0.048547341	0.051819717	0.043989657	0.589013222	0.071448138	-0.035826617	-0.203850201	0.352780216	-0.030248354	0.044523505	0.271034131	-0.182120413	0.13220616	0.140133817	0.010607099	0.008657952
UMARY	4590	-0.192852363	-0.054911859	-0.027635124	-0.252974616	-0.285200375	-0.405978366	-0.27568528	-0.020514157	0.34945889	-0.087404373	0.051862732	-0.129736042	0.570509039	-0.164548133	-0.082873542	-0.200880303	0.002088234	-0.019334267	0.114334058	-0.039629004	-0.100294309	-0.038360583	0.756253952	-0.116012813	0.179809102
UMARY	4593	0.026344833	-0.024386909	-0.117926935	-0.052357603	-0.04509231	0.08342042	0.022009847	-0.067495603	0.085822318	-0.036193213	-0.050593616	-0.06476564	0.050914276	-0.012879295	0.019039039	-0.017736055	-0.156940318	0.001206648	0.0020735	0.01730221	0.017857564	0.089587415	-0.02883468	-0.027149939	0.020689526
UMARY	4598	-0.039758253	-0.02871338	-0.027519861	-0.025689785	-0.010243546	-0.177174635	-0.08889882	-0.1080666	0.108261225	-0.135456905	0.026263546	-0.015791359	0.401787087	-0.046153835	-0.060774738	-0.142550982	0.075684906	-0.123514175	-0.06242916	0.215840094	-0.134835374	-0.021217579	-0.14828989	-0.008072101	0.12667414
UMARY	4636	-0.033692818	-0.003938587	0.006066937	-0.009521996	0.0944736	-0.200714333	-0.10341403	-0.157679792	0.037142086	-0.084633607	-0.001232889	-0.010541712	0.37063397	-0.070295186	0.03479144	-0.132460148	-0.010861792	-0.09430406	-0.069216346	-0.073053692	-0.109082954	-0.023105905	-0.121249059	-0.015434284	-0.011138309
UMARY	4640	-0.144296749	-0.08405286	-0.089444247	-0.118456891	0.110587671	-0.358044808	-0.090783098	-0.043362399	0.274898112	-0.073525084	-0.026199303	-0.169502588	0.255613083	-0.071449973	-0.163099091	-0.193146711	0.028739462	-0.08928736	0.161384335	0.092054907	-0.053066193	-0.149805293	-0.083890043	-0.124113386	0.100381806
UMARY	4725	-0.051492919	-0.061048495	-0.130660918	-0.106024019	-0.277536378	0.314585461	-0.076782437	-0.030748158	-0.101592909	-0.032174186	-0.287892304	0.026497563	0.637189993	-0.067816938	0.017796322	-0.105725447	0.284915677	-0.180346804	-0.008086545	0.224396458	-0.119736508	-0.021208022	0.054918773	-0.075165818	0.242707526
UMARY	4726	0.006205611	0.032216631	0.021486791	0.035968876	-0.146435534	-0.343188421	0.053767533	0.004656818	0.247498259	-0.044246336	-0.025227968	0.074311838	0.22407023	0.019130155	-0.041814411	0.053360199	0.122653198	0.021927902	-0.003281694	0.126329607	-0.03485352	0.006883451	0.090448578	0.022642058	0.165887682
UMARY	4727	0.041677666	-0.035642881	-0.03693121	0.048841291	-0.331380781	-0.178929293	0.287458052	0.018452394	-0.242690937	-0.046121855	-0.072133985	-0.039134617	-0.319306915	-0.055113109	-0.05311677	-0.028502883	-0.374446128	0.11364359	0.01377186	-0.051013765	0.010735888	-0.108289448	0.117125325	0.116508777	0.040949243
UMARY	4729	0.096480776	0.032206941	0.043030996	0.104108681	-0.268711197	0.611660357	-0.067201209	0.15916347	-0.089674585	0.09333483	0.163068703	0.100689043	-0.62395573	0.098396855	0.119157175	-0.033464236	0.003093121	0.010072345	-0.049799423	-0.24948317	0.165600773	-0.007841703	-0.136437295	-0.080878824	-0.304309517
UMARY	4782	-0.080037851	-0.075424421	-0.02629174	0.013351405	-0.04912781	0.281462168	-0.243746342	-0.032719874	-0.271760593	-0.027128643	-0.039375207	-0.08675272	0.407360733	-0.05722868	-0.165778414	0.101262202	0.052508371	-0.135933561	0.025604375	-0.048552084	-0.095619602	-0.042967091	-0.195808586	-0.191306802	0.14154416
UMARY	4786	-0.01239485	0.082547945	-0.028994823	0.0955671	-0.169006395	-0.381476086	0.02764387	0.097196931	0.204228095	0.116731043	0.091697998	0.090235053	-0.208968158	0.03102717	0.079305603	0.036783536	-0.107667078	0.088219602	0.007698043	-0.020915835	0.050743587	-0.000900247	0.13583896	-0.046846578	0.024724111
UMARY	4788	-0.239953039	-0.027616781	-0.096079358	-0.219110063	0.538521371	1.790835189	-0.099332298	-0.288461073	0.322165971	-0.147297081	-0.227084934	-0.01099408	0.121786012	-0.16363513	-0.004327883	1.531398978	-0.293505628	0.082939588	-0.061346581	-0.377724774	0.175925878	-0.224256544	-0.197752537	-0.203130548	-0.297118938
UMARY	4789	0.128506102	0.092161191	0.096999153	0.013361288	-0.151936634	-0.18555897	0.363478578	0.001126841	-0.198614588	0.136744275	-0.130830169	-0.000321026	0.239534373	-0.128976706	0.160045988	1.701116253	-0.089977821	0.092054379	0.16088828	-0.009592998	0.8777088	-0.084118826	-0.057714055	-0.077517279	0.003091054
UMARY	4841	-0.019025099	-0.011318538	-0.001425361	-0.034853351	0.564162699	-0.347858792	-0.017326617	0.001004848	-0.197031751	-0.092126724	0.014473379	0.007954484	-0.167551611	-0.045931142	0.135121588	0.103664423	0.146061099	0.007913699	0.051700391	-0.039264869	0.052248109	-0.030197434	0.012798513	0.01260601	-0.123097814
UMARY	4842	0.016219549	0.047278894	0.077422142	0.017564612	0.361362208	0.094073069	-0.083193543	0.023728339	0.03354646	0.130876618	0.017153888	0.039516337	-0.545549408	0.100711918	0.123047741	-0.007870605	-0.094705308	-0.014351221	0.107963771	-0.233987557	0.075046523	0.084725869	-0.165783215	0.006706532	-0.367612019
UMARY	4903	-0.098092722	-0.071514396	-0.024306987	-0.028540547	-0.451859103	-0.413617409	-0.095238626	0.072070865	0.249037566	0.012827641	0.08015055	0.036494311	0.103824476	0.038237523	-0.22224946	-0.195616224	0.123748719	-0.017772051	0.159789408	-0.010853533	-0.10020716	0.103153627	0.195031608	0.043882093	-0.110402976
UMARY	4915	0.038636125	0.050780752	0.071944611	0.064938003	0.114936536	-0.077476933	0.003854511	0.007966661	-0.401510991	0.051089347	0.079312273	0.157051989	-0.255788625	0.081989176	0.069817102	0.040594204	-0.013957981	0.076705666	0.001657973	0.18486836	-0.020205512	0.090207409	0.158811234	0.077717648	-0.03291686
UMARY	4916	-0.092710396	0.059467699	0.016059261	-0.042628678	0.119708637	0.305081803	0.041774739	-0.142706159	0.043194237	0.00161345	-0.049295819	0.003577537	-0.08729873	-0.069677262	-0.103316932	0.091743939	0.236102889	-0.012944141	-0.195483432	-0.054377808	0.029205739	0.044176118	-0.449716548	0.030913079	-0.160924914
UMARY	4924	0.206196317	0.212467075	0.225377164	-0.026322413	-0.007331516	-0.529612085	0.291467963	0.214569338	0.314916362	0.346874287	0.141774107	0.038152048	-0.874589693	0.288007502	0.416727348	0.228237103	-0.110853997	0.255074159	0.070036109	-0.417232947	0.066703942	0.260324753	0.386159614	0.204568528	-0.012162189
UMARY	5024	0.072996671	0.075001264	-0.028545661	0.064206392	0.142395129	1.08887572	0.102544808	-0.022369613	-0.41229109	-0.022158874	0.148824906	0.073729721	-0.031152607	-0.073222268	-0.016206623	0.032398757	-0.11511184	0.039916252	-0.096096595	-0.17344784	0.268765974	-0.005007791	0.309805292	-0.02131829	-0.083680942
UMARY	5028	-0.088827556	-0.132490094	-0.07439508	-0.043705692	-0.047100518	-0.55354897	-0.165461368	-0.03671391	0.253259265	-0.049596518	-0.041450225	0.067774428	-0.070405489	-0.006685876	-0.063339887	-0.371424053	-0.085149015	0.048659162	-0.053578047	0.046535919	-0.217950743	0.158247261	-0.093232913	-0.01920389	0.039150587
UMARY	5078	-0.135026983	-0.10892044	-0.123437222	-0.040286663	0.112664198	0.431061749	-0.109445894	-0.127338177	-0.15306773	-0.146583	-0.061411763	-0.130361743	0.448250212	-0.111653122	-0.094641113	0.112113984	0.002149156	-0.099015621	0.019043395	0.136787423	-0.198893615	-0.135484873	-0.034677221	-0.031753871	0.053758622
UMARY	5079	-0.021121281	-0.033404398	-0.013453281	0.019771129	-0.228816604	0.036714191	-0.014674255	-0.036241007	-0.133591068	-0.034439691	0.049977093	-0.014465306	0.043383658	-0.016390632	-0.046663113	-0.082133562	-0.100749598	-0.000671228	0.075204468	0.132723396	0.037581404	-0.041731616	0.231785004	0.035013887	0.236457495
UMARY	5081	0.028485375	-0.11527765	0.10084372	-0.044969765	-0.05235477	-0.343210553	-0.027360371	0.024801446	0.107066923	-0.03377869	0.002432116	-0.0982607	0.239448954	-0.052501381	-0.064365059	0.031979933	0.171331383	-0.00793648	0.091518439	0.014701637	-0.069813505	-0.071485045	-0.20797092	-0.029934236	0.113750363
UMARY	5086	0.036302481	0.057156873	0.019278545	-0.011572374	0.147980955	-0.622894399	0.152984272	0.022532364	-0.10414245	0.019240549	-0.028946259	-0.008512734	0.166045359	0.072031331	-0.008264607	-0.161072979	0.001503491	-0.016703124	-0.111049092	0.055321148	-0.043478681	-0.112877582	-0.171769637	0.083294552	-0.070302457
UMARY	5087	0.079284686	0.037457344	0.035348172	0.082035714	0.033403646	0.182324528	0.115657325	0.069578939	0.156007367	0.007308054	-0.017799938	0.043337944	-0.489627945	0.015260461	-0.008540011	-0.001095622	-0.213766328	0.117430299	-0.036125689	-0.013208878	0.140195584	-0.017186594	0.112080853	0.065790064	0.057549094
