FID	IID	1	2	3	4	5	6	7	8	9	10	11	12	13	14	15	16	17	18	19	20	21	22	23	24	25
BLSA	745	0.318514553	0.687821294	0.296550657	0.330652232	0.501863258	0.330919864	0.442891034	-1.067650298	-0.213723162	0.137184952	0.625437592	0.251950374	0.543784848	0.720143539	0.551892077	-0.479459297	0.073790026	0.75393605	0.705018642	0.338013117	0.20271388	0.810367131	0.204417073	-0.518252977	0.214528371
BLSA	827	0.195476409	0.208422491	-0.099172099	-0.016253234	0.061985125	0.544537508	-0.089025408	-0.421153272	-0.366056124	0.066629777	0.488678054	0.288010432	0.511394308	0.577379516	0.005519864	-0.727485933	0.213223521	1.205689709	1.457390479	0.387134874	-0.32633683	0.57742892	0.192860815	-0.884252512	0.247806261
BLSA	1556	0.041018225	0.100579563	-0.120968273	0.244202102	0.082526459	0.271206583	0.146595496	1.124785892	0.147335736	0.110931318	0.199923356	0.008282734	0.70220793	0.053769011	-0.18951265	-0.009286332	0.088356487	0.628380505	0.359308578	0.055284278	0.11020161	0.156683323	0.044293965	-0.430828242	0.123190871
BLSA	1579	-0.347581583	-0.307028804	0.142779672	-0.373319223	-0.055241009	-0.110902103	-0.293120877	0.229565	-0.239998548	-0.247372614	-0.273447238	-0.271554453	0.315353562	0.344852398	-0.332917548	0.084573687	-0.143128353	-0.001866018	0.325758272	-0.336968695	0.104107049	-0.121437551	-0.186269932	-0.174286402	-0.100779271
BLSA	1595	0.137400175	0.613865237	-0.250077432	0.294163056	-0.202074176	0.316561205	-0.302295832	-2.457002822	1.142219286	-0.264300781	-1.631479786	0.532234802	-0.263814929	-0.388028421	0.839727495	-0.660076929	0.839891698	0.023342908	0.498026522	0.682783682	0.202380977	0.192725517	0.118967644	-0.312464247	0.1310637
BLSA	1603	-0.10748739	-0.1964407	0.047090918	-0.003711253	-0.044894593	-0.354349581	0.028200486	-1.574503608	-0.00230217	-0.036801619	-0.179236003	-0.131134496	-0.548056827	-0.595185077	-0.035040284	0.366191987	-0.00970421	-0.694611318	-1.160966992	-0.054578258	-0.38695412	-0.361757722	-0.069512741	0.928702516	-0.010050156
BLSA	1640	-0.001525769	0.021424305	-0.210960783	-0.016797184	0.047838088	0.319311639	0.185798695	-1.134209892	0.237674325	0.256106534	-0.085689686	0.107744045	0.537109965	-0.051292985	-0.101016597	0.129146324	0.117031428	0.513454847	-0.188927502	0.083251631	0.180628203	-0.164379682	0.084870787	-0.27481991	-0.104149815
BLSA	1775	-0.022347222	0.013095078	-0.223737307	0.036242233	0.095820832	-0.179345448	-0.027647136	2.540852174	-0.250090533	-0.190270392	0.07663461	0.135831858	-0.557132357	0.176909865	0.273613489	-0.225928473	-0.219081166	-0.141021742	1.379869842	0.060861243	0.100855956	0.33907465	-0.252846182	-0.141644704	0.076335875
BLSA	1802	-0.184019248	-0.196562611	0.114751031	0.008963442	-0.050271478	-0.287665265	0.086733359	0.111146539	-0.115571646	-0.104201019	0.058369725	-0.135991638	0.01686325	-0.142066183	0.015521125	0.561800916	-0.241430704	-0.701950377	-0.528984601	-0.365387371	0.022707728	-0.093658118	-0.124918705	0.715128198	-0.108573352
BLSA	1805	-0.215690803	-0.41785627	-0.000786625	0.017390086	-0.214310566	-0.420277704	-0.107778663	-0.056138512	-0.09118676	-0.253099214	-0.236678985	-0.254474655	-0.478298393	-0.57342741	-0.116676426	0.41341415	-0.109472221	-1.032954432	-1.185487291	-0.301437097	-0.35387774	-0.473766249	-0.109769058	1.090081551	-0.077464003
BLSA	1838	-0.070822565	-0.054068825	0.218262946	0.044615103	-0.046330603	-0.024946245	0.019163137	0.999162857	-0.236720269	-0.15483987	0.216171299	0.060190553	-0.009098819	0.408865633	-0.182577603	-0.031815814	-0.150877319	-0.732446735	0.009927384	0.023905479	0.304640917	-0.25235583	0.079793812	0.211735093	-0.060480181
BLSA	1839	-0.200722687	-0.286938813	0.29666089	0.062829832	0.143086596	0.103606335	0.096991328	0.084583565	-0.10801395	-0.058007049	0.259598623	-0.255828587	-0.162608871	-0.176827506	-0.003475589	0.327929318	-0.135449423	-0.553339002	-0.674287562	-0.249465309	-0.46001376	-0.117102205	-0.077768601	0.459796916	-0.06663585
BLSA	1840	-0.033411616	-0.176087757	0.071067441	-0.099283398	0.22121064	-0.141309525	-0.153552446	-0.185666797	-0.166953353	0.001688133	0.176128645	-0.183208015	-0.465850984	-0.088262094	-0.013444844	0.188397435	-0.244374204	0.153771542	-0.223283598	-0.261468469	-0.242372597	0.110275826	-0.215002581	0.259683357	-0.088213821
BLSA	1883	-0.080964574	-0.141481547	-0.118163082	-0.153182826	-0.105822871	-0.078838542	0.03855928	0.309375131	-0.20196937	0.114284188	-0.084459522	-0.140955581	0.23113763	0.104201736	-0.114160097	-0.122670849	-0.020253153	-0.199492274	0.070567198	-0.211943787	-0.232088628	-0.187667671	-0.087066175	-0.238368299	-0.034647886
BLSA	1889	-0.01537213	-0.17838471	0.189772641	-0.122884864	-0.091886753	-0.363485396	-0.100472585	-0.446641202	-0.129078403	-0.001495163	0.091333302	-0.150394168	-0.649851324	-0.225497122	-0.03359063	0.125354956	-0.189206328	-0.498200788	-0.613402038	-0.161026937	-0.293583922	-0.121961666	-0.116292519	0.699168992	-0.033502969
BLSA	1924	-0.127423724	-0.092062952	-0.137339844	-0.23269202	-0.161176133	0.334083653	-0.170600398	-0.32735082	0.066714939	-0.187121416	-0.065816685	-0.181216816	0.123511156	0.055875601	-0.269427777	-0.344315474	-0.022766238	-0.610655556	0.053800747	0.050352305	-0.1309391	-0.222440697	-0.072044452	-0.311449024	-0.049368283
BLSA	1961	0.193023486	-0.17709166	0.08649332	0.076628269	0.030272284	-0.113178293	0.097963045	-0.44054692	0.155555347	0.08887573	0.022133521	-0.032827114	-0.175495145	-0.574643787	-0.384236224	0.277166486	0.037644815	-0.152039043	-0.458158054	-0.122071744	-0.067047593	-1.031804803	0.137755071	0.754562585	0.215156544
BLSA	2000	-0.045403152	-0.104560492	-0.148672863	-0.030954991	-0.043862595	-0.193008695	0.006027773	1.92819433	0.003247173	0.147670998	0.037646355	-0.144009434	-0.031007211	-0.10943188	-0.161199367	0.36776705	-0.216208523	0.240179754	-0.095843158	0.056903615	-0.030637268	-0.107012048	-0.049501484	0.2247015	-0.03268404
BLSA	2020	0.121633996	0.183568405	-0.14743825	-0.115773285	-0.026579361	-0.207548354	-0.004552983	-1.402727457	0.108475131	-0.090897142	-0.008308598	0.083681376	0.13017501	0.25848946	0.11320168	-0.379799292	0.123448378	0.56984935	0.428435234	0.253157416	0.678228288	-0.0084594	0.097574272	-0.83558269	-0.078395241
BLSA	2037	0.055610163	0.188397826	-0.057429177	0.084407356	-0.346603533	-0.175323741	-0.200900266	1.693317745	0.118194091	0.220493993	0.04080375	-0.030122085	0.220754929	0.02195772	-0.070959783	0.300086976	-0.097600933	0.304150643	0.028156857	0.00795042	0.534857551	0.192852714	-0.025075354	-0.351397123	-0.044432915
BLSA	2066	0.026733358	-0.115505079	0.036771171	-0.125867805	-0.100907861	-0.138816237	-0.021264651	-0.465379857	-0.016514807	0.135584932	-0.06390896	-0.046658256	0.274869871	-0.128814949	-0.169988428	0.143301374	-0.015554957	-0.171602988	-0.17164348	-0.156584832	0.053402917	-0.036286707	-0.031931841	0.232240783	-0.040312097
BLSA	2069	0.108453808	0.147154139	-0.042794121	0.009426868	0.158926879	0.199706626	0.277093531	0.821323093	-0.060399407	0.096951677	0.260307507	0.084645783	-0.284415862	-0.1437772	-0.106020956	0.216584099	-0.051565473	0.035818397	-0.516210958	-0.053292639	0.213470568	-0.11260994	0.168991398	-0.100958848	0.041384606
BLSA	2093	-0.158465133	-0.093659665	0.060816056	-0.146595635	-0.024898034	-0.251110735	-0.107687307	-0.332633794	0.035754155	-0.016140197	-0.029764923	-0.172892698	0.1325379	0.227603222	-0.223831392	-0.31072894	-0.170844684	-0.195413204	-0.034749195	-0.163917647	-0.465036582	0.238988172	-0.143848903	-0.26956104	-0.09736837
BLSA	2102	0.413373422	0.373401546	-0.003476888	0.22779514	0.171329406	0.62017245	0.152881387	0.469298924	0.183408314	0.228144241	0.105624046	0.578696039	-0.114069638	0.247206914	0.708600465	-0.210147425	0.544131534	1.257019772	0.535684672	0.438544724	0.280692496	0.794304038	0.432323691	-0.731935471	-0.022407977
JHU	384	-0.107932159	-0.44602581	0.179769891	0.20745445	-0.001021987	-0.055053258	-0.063215455	1.175604983	-0.09186659	0.009493289	-0.159143423	-0.323291756	-0.703928351	-0.093965276	-0.366306274	0.0838921	-0.089765653	-0.376395216	-0.427133093	-0.191688017	-0.148319649	-0.433041602	-0.204012424	0.399076146	0.018562497
JHU	705	-0.223994129	-0.229491485	0.046218605	-0.038665062	0.037348275	-0.404785312	-0.023866226	1.115661577	0.153582747	-0.100913558	-0.104880639	-0.322056362	-0.465319404	-0.251836866	-0.423862251	0.085394044	-0.182466509	-0.302168402	-0.586818615	-0.086456401	-0.075812597	0.078232146	-0.257329524	0.686950837	-0.066256295
JHU	710	0.151199055	0.161839946	0.056062167	-0.02338369	0.224636431	-0.186536655	0.127637434	0.050979555	0.221851771	0.101169578	-0.039778132	-0.01146069	0.054792453	-0.222231277	-0.051858368	-0.078029997	-0.00880805	-0.122207543	-0.143063869	0.060516855	0.161986761	0.14800781	0.062439468	-0.197671411	0.049855118
JHU	712	0.092707023	-0.074262711	-0.123215674	0.015518722	0.138016583	0.203127702	-0.018899744	-0.472080358	0.000668244	0.095614802	0.000871704	-0.033456405	-0.043890644	0.171434933	-0.058362637	-0.271210587	-0.064180136	0.22910554	0.356230735	0.031485704	-0.122537194	0.068125257	0.015355649	-0.618101981	0.175801482
JHU	713	0.27360379	0.199804203	0.143476281	-0.466591894	-0.39030015	0.272503395	-0.197088216	0.788051259	-0.290609396	-0.492880448	0.41734173	0.678984975	0.384238216	0.499199993	1.26335662	-0.197883538	0.18303252	0.822240357	1.105212218	0.314044191	-0.341559734	0.432911574	0.231405558	-0.270725829	-0.13583498
JHU	719	0.086064904	-0.064414314	0.047186913	0.148004203	0.108982966	-0.304849198	0.122985763	0.211438299	0.159143324	-0.037196872	-0.09487019	-0.139915638	-0.012446593	-0.151569251	-0.316130128	0.522061069	-0.070074974	-0.668415833	-0.756197673	-0.101721826	0.061375566	-0.48255394	0.020620112	0.395330417	0.113296526
JHU	993	-0.296107906	0.371977913	-0.17438194	0.150282059	-0.285383809	0.631104154	0.068588657	-1.761772925	-0.215891654	0.359545193	0.124879511	0.235305099	0.307804941	0.270667187	0.693866024	-0.381062494	0.272614118	0.400169084	0.646726061	0.048638894	0.145911182	0.143650677	0.185685093	-0.554504592	-0.198101792
JHU	994	-0.04751557	-0.103703579	-0.060197882	0.009454081	-0.067806653	-0.150600939	-0.112257667	-0.95388654	-0.106876586	-0.080162539	-0.11739271	-0.16046499	0.054593681	-0.273493024	-0.319964755	0.245018331	-0.139441108	-0.353748785	-0.362997525	-0.187199332	-0.118472742	0.177741477	-0.156882924	0.412540193	0.057720857
JHU	995	0.071974991	0.184275837	-0.114918361	-0.002072869	0.235528344	-0.004909888	0.096115455	-0.153995851	0.16999814	0.145330554	-0.027027851	0.076355766	0.424155702	0.051793582	-0.420738231	-0.008178929	0.099089792	0.371420799	0.16804176	0.112379934	0.437428407	-0.133073399	0.102718991	-0.252893781	-0.015043413
UMARY	142	-0.069911882	-0.09089042	-0.048927165	-0.061078655	-0.199896789	0.019420295	-0.031072396	-1.604795622	0.040680255	-0.031499712	-0.035579472	-0.011708763	-0.079020787	0.300933923	0.203631829	-0.472472988	0.066566739	0.152653937	0.269539366	0.167401037	-0.243089524	0.266294758	0.036366341	-0.826264262	0.071158539
UMARY	602	-0.030049934	-0.045703879	0.045079913	-0.029651809	0.059799608	-0.115429728	0.077127953	1.399427289	-0.084297545	-0.012259825	0.182768258	-0.090884143	-0.072312695	0.134070283	-0.06936302	-0.042475843	-0.107065714	-0.128688866	-0.094197329	-0.140197527	0.037141226	-0.144359114	-0.004162714	-0.501036357	0.065915234
UMARY	604	-0.075365291	-0.004467311	0.082273674	0.06356057	-0.014778783	-0.00227742	-0.04638875	0.420133681	0.031847467	-0.02496552	-0.045983006	-0.003739671	0.192570357	-0.005998083	0.090870449	0.356174708	-0.032470762	-0.202188269	-0.154152596	0.023720207	-0.081743078	-0.215897529	0.037869454	0.165484631	0.11273433
UMARY	813	-0.019907493	0.05993396	0.015439455	0.078828765	-0.025788334	0.145355812	0.041366877	1.335959638	0.082061516	0.004775783	0.105836156	0.14636502	-0.002662216	-0.168592866	0.079517186	0.172346826	0.00411983	-0.206374978	-0.096921454	0.002876641	0.069192686	-0.455180679	0.042891748	0.20293251	-0.018447353
UMARY	819	0.028982714	-0.001251366	0.023202501	-0.059846924	-0.078084619	0.038842806	-0.002105523	-0.557057378	-0.075948958	0.064084738	-0.006904467	0.089559503	0.12661156	-0.07828141	0.025795767	0.159475847	0.113082363	-0.28512592	0.095477781	0.070315464	0.028278332	-0.137912828	0.0324262	0.45790863	-0.01312188
UMARY	871	-0.086234423	0.036759825	0.135845013	-0.014686283	0.078112884	0.035492634	0.017638551	0.83536782	0.017906475	-0.004380253	-0.006086787	0.091524669	-0.351693679	-0.140506329	0.011049866	0.135999675	0.039740455	-0.33433935	-0.203037718	0.043332603	0.07895377	-0.267948523	0.011067735	0.192788069	-0.047620166
UMARY	879	-0.082824815	0.059629483	-0.113567843	0.028570756	-0.087849177	0.038881027	-0.050490334	-0.415908997	-0.043790378	-0.099668443	-0.024311869	0.094217974	0.142830781	-0.238571962	-0.001039597	0.182067708	0.049248573	-0.111807557	0.044182233	-0.00870892	0.065461606	-0.081881586	-0.066530165	0.326337833	-0.111477047
UMARY	880	0.132492907	0.167288335	0.117800906	0.098608794	-0.049161003	0.21718373	0.152793303	-0.676779921	0.130594257	0.215190761	0.118535284	0.056503938	-0.11453343	0.194003068	-0.083344403	-0.405290447	0.18955127	0.423488685	0.283697348	0.183746982	-0.113590469	0.076382155	0.080890535	-0.532602943	0.240503346
UMARY	914	-0.027937398	-0.037762977	-0.122941207	-0.042786445	-0.024811025	-0.053691977	-0.033928819	-0.155086349	-0.010350559	-0.102525621	-0.028567329	0.023238688	-0.18422255	-0.023208276	-0.039825847	-0.219575967	0.036621519	-0.065820978	-0.257719841	0.039707776	-0.217858152	0.223686535	-0.022322894	0.210005438	0.021100581
UMARY	933	-0.09153876	-0.126073318	0.089660779	-0.103526083	0.135196159	0.006113892	0.001106449	1.651498746	-0.170511741	0.034118633	0.167028199	-0.185758868	0.029470747	0.17744627	-0.1526936	0.302865442	-0.18937004	-0.127337456	-0.230361639	-0.193173829	0.061461207	-0.427308771	0.001285099	-0.090761335	-0.081003306
UMARY	1028	-0.076154335	-0.262195538	0.118420801	-0.097205812	-0.174424481	-0.105323311	-0.191882442	-0.034066521	-0.203727366	-0.273550103	-0.13467901	-0.209773033	-0.070778708	0.058338498	0.129645519	0.024876072	-0.189620397	0.099196151	-0.367189689	-0.088466927	-0.275862095	-0.065651564	-0.213979335	0.209251561	-0.105639337
UMARY	1037	-0.048516224	-0.05343586	-0.142863994	-0.052607598	-0.084635476	-0.06501998	0.024602555	1.393059546	-0.085139016	-0.204129764	-0.017395131	-0.223937938	-0.15813814	-0.048866337	-0.100577924	0.202351853	-0.126197397	0.213339713	-0.244032435	-0.02226769	-0.15199017	-0.075696275	-0.047897779	-0.0187933	0.026466315
UMARY	1064	0.038794781	0.00657774	0.024375792	-0.045181931	0.036313986	-0.046876598	0.175249303	-0.707156153	-0.114341535	0.165450564	0.205657646	-0.069233585	0.170463377	-0.021966058	-0.115023976	0.225547918	-0.025616682	-0.348659961	-0.449064976	-0.10888278	0.225807144	-0.402827696	0.035919237	0.020562317	-0.099698123
UMARY	1065	-0.140016161	-0.063457883	-0.058614603	0.040371975	-0.122254138	-0.128004668	0.164469183	0.265441373	-0.076651031	0.192429589	0.160450279	0.169396214	-0.121835687	-0.067231204	-0.220823003	-0.222710271	-0.013359046	0.196304962	-0.10397771	-0.101920464	-0.073304564	-0.170635172	0.096981876	-0.065214273	-0.035329679
UMARY	1076	0.034471719	0.081759321	-0.0853032	0.043266102	0.067762514	0.130369037	0.026626066	-1.065457105	0.04184079	-0.006847785	0.067176196	0.126078527	0.130608926	-0.01357647	-0.057984231	0.192965022	0.100221953	0.113383241	0.058745452	0.100373276	0.091197548	0.013610394	0.021926094	0.151253064	0.017420238
UMARY	1078	0.145773669	-0.064892852	-0.302350891	0.118175625	-0.184027961	-0.11992439	-0.001386597	0.584238879	-0.157018232	0.14488925	0.075879326	-0.255369321	-0.119775336	0.084121663	-0.422515392	0.07414093	-0.105712878	0.109363291	0.195779488	-0.18356709	0.504584278	-0.043353742	-0.110612576	0.134644174	-0.029135078
UMARY	1079	0.000233699	-0.169859115	-0.176976552	-0.112142699	-0.142932118	-0.015600892	-0.169869046	-0.050637417	-0.196886962	-0.081374326	-0.194189516	-0.172337818	0.136395561	-0.110543908	-0.113113072	0.183915614	-0.071619623	0.037302507	-0.105749279	-0.166394186	-0.145828211	0.110565364	-0.089721723	0.384689919	0.011278689
UMARY	1104	-0.110996439	0.031419856	0.014152178	0.042936697	-0.02363047	0.045892399	-0.042462625	0.184824326	0.055324777	-0.045884574	-0.035185998	-0.040593533	-0.06169657	-0.134971002	-0.036022355	0.248282843	-0.05231501	-0.084946616	-0.008411631	-0.077632763	-0.034985949	0.008764224	-0.032664632	0.214218464	-0.084966301
UMARY	1105	0.114244092	0.181586974	0.041446508	0.114713136	0.106477358	0.091926857	-0.030498777	-0.283292871	0.237525897	-0.033632471	-0.099733395	0.219886557	0.18655205	0.328888169	-0.181987027	-0.14870818	0.192197278	0.085426081	0.465031736	0.135417657	0.056813918	0.657740324	0.087247987	-0.303125182	0.084013966
UMARY	1114	0.079055759	0.048990176	0.203051145	0.042369547	0.260037104	0.214620418	0.108148531	0.48576695	0.071326512	0.032356381	0.01857158	0.031332206	0.347225542	0.225655157	-0.200072146	0.313869504	0.048198621	-0.134598048	-0.24250121	0.009467353	-0.071771435	-0.058193574	0.070554538	-0.016739272	0.140619985
UMARY	1133	0.085925407	0.052867199	0.237260289	0.113373189	0.108877927	0.024794053	0.213693027	2.433736045	0.103722631	0.001212877	0.133949989	-0.01192418	0.150235161	0.276830063	-0.009869388	0.113611079	0.112446429	-0.044958863	-0.162699603	0.020453726	-0.168250479	-0.206383384	0.199374807	-0.287358901	0.20141592
UMARY	1134	0.004598999	0.151422702	0.058624431	0.047271864	-0.028360449	0.044964411	0.061868707	0.412673516	0.148141678	-0.064705305	-0.051601605	0.078794233	0.06507123	-0.11618733	0.115147	0.102684726	0.033049049	-0.086566247	-0.079706035	-0.002602367	-0.030416815	-0.1346663	0.052048299	0.216236516	0.053211407
UMARY	1136	-0.01572456	-0.07329613	0.103585324	-0.051837078	-0.017192364	-0.17856914	-0.018088301	-0.321909787	0.060599785	-0.112618924	-0.064144505	-0.111102788	-0.191831646	0.017782658	-0.112169316	-0.160757329	-0.083216736	-0.000450663	-0.197678902	-0.011778464	-0.146947038	0.10759291	-0.077807231	0.125277063	0.031783707
UMARY	1158	0.100727155	0.060701071	-0.015908881	-0.012736414	0.084964898	-0.102062828	0.041992604	0.422621235	0.022155597	-0.029492269	-0.017723344	0.034915016	-0.365134867	0.152258212	0.330714038	-0.318231125	0.064475179	0.201107314	0.253118031	0.024912617	-0.0840894	0.026372068	0.024381722	-0.41847161	0.027224857
UMARY	1170	0.087547423	0.022628912	0.070223996	-0.060057349	0.065218952	-0.01802427	-0.034656648	1.119584041	-0.012708657	0.006600795	0.022480928	0.03702422	0.033735505	0.144166313	0.073361048	-0.306599999	0.039968883	0.064078099	0.170874993	0.017735485	0.02082539	-0.041449275	0.046951729	-0.254101144	-0.009383009
UMARY	1206	-0.045287422	0.089045404	-0.058055745	-0.111066715	0.003072126	-0.023165019	0.006317305	-1.030675017	0.003282006	0.003601492	-0.012656164	0.010579318	0.021338903	-0.053331554	0.018192002	-0.369605003	-0.059848716	0.188925121	0.323399304	0.112898006	0.154063338	-0.164551043	-0.020970067	-0.434850044	0.016363979
UMARY	1209	-0.07632123	0.01504139	0.144725386	0.043357624	-0.044918295	-0.026081651	-0.068648324	0.915390012	0.05486252	-0.009621467	0.095177462	0.105506168	0.040284036	-0.117283611	0.172036417	0.18414405	0.08053299	-0.065811614	0.03294199	-0.00877368	0.17803999	-0.041169632	-0.016008256	0.103381906	-0.034047509
UMARY	1226	0.062846493	0.098557057	-0.133733385	0.034669442	0.037498376	-0.055962392	0.086588013	-0.428652683	0.034374295	-0.026580455	-0.040901219	0.078677963	-0.489425778	0.066129534	0.116380192	0.183716443	0.067004042	-0.253025824	-0.111070722	0.05413304	0.063627123	0.144755748	0.061182796	-0.142847419	0.077300528
UMARY	1230	-0.063614284	-0.05163078	0.037906684	0.041696773	0.152287363	-0.143525524	-0.063333391	1.210357191	0.011357826	-0.03831293	0.028120312	-0.010814959	0.001923214	-0.023872343	0.302470618	0.115828025	-0.018802004	0.049523004	-0.188982028	-0.03469174	-0.098602558	-0.124971606	-0.010637657	0.077603655	0.06432874
UMARY	1260	0.123041866	0.216032334	0.119308301	0.244768953	0.066819153	0.07091194	0.129950602	0.114492883	0.196535711	0.100381465	0.027653896	0.199617993	-0.180699763	-0.107143197	0.031674579	0.028979781	0.229588879	-0.016897621	-0.228670019	0.180456744	0.155047152	0.119170932	0.159489645	0.223786869	0.088654629
UMARY	1326	-0.06114188	0.040535316	0.163064037	0.153721779	-0.052190668	0.216213758	-0.022624036	-0.595270656	-0.005209559	-0.046675855	-0.009860052	0.036164292	0.185236198	-0.106826102	0.168159356	0.261450958	-0.03455478	-0.108376082	0.098144884	0.057576339	-0.071345297	-0.358515306	-0.015881085	0.374930975	0.017616234
UMARY	1454	-0.078839683	0.064923254	-0.134197137	0.024059205	-0.053704277	-0.022748045	0.075195332	-0.769054371	-0.029271281	0.056134651	0.058206362	-0.000650173	-0.040592633	0.129794863	-0.061870248	-0.146960585	-0.064320105	0.189529929	0.032209353	0.005786477	0.037140232	-0.177308465	-0.051567372	-0.386126554	-0.019162703
UMARY	1465	0.033679261	-0.030553612	-0.171164575	-0.087561086	0.143730012	0.11891032	-0.017754401	-1.137674362	-0.071886902	-0.038909847	-0.130228744	-0.033256806	0.136647704	0.193895696	0.172117949	-0.117294587	0.001935082	0.0440628	0.125121144	0.008721522	-0.107302258	0.218727085	-0.060023182	-0.042166699	-0.126084239
UMARY	1486	-0.098983184	-0.085827222	-0.017056934	-0.042751262	-0.130803904	0.071302162	-0.164444433	-0.478798751	-0.047734866	0.006280491	-0.066387615	-0.053681286	0.165147797	-0.032031786	0.071978965	-0.083086349	0.003529894	0.017345061	-0.069990942	-0.082287599	-0.013044246	0.085487369	-0.081441107	0.027356874	-0.131386267
UMARY	1498	-0.093720568	0.029555173	-0.03135828	-0.056471021	-0.060210308	0.024015806	-0.077300734	-0.09478263	-0.058962604	-0.021337057	0.033723607	0.024648944	0.097562085	-0.159897014	0.028815295	-0.200480326	-0.045675441	-0.101882352	0.160901702	0.025088141	-0.033377838	-0.111269504	-0.022587772	-0.126963607	-0.082490527
UMARY	1502	-0.028335615	-0.202166422	0.182465509	-0.029368073	-0.034809521	-0.086389021	-0.080043024	1.137704587	-0.162624536	-0.135412961	-0.115111751	-0.144167554	0.056033977	-0.148179942	-0.146544595	0.143943814	0.021947163	0.009634358	-0.028472179	-0.111646179	-0.170505295	-0.282938216	-0.093381049	0.277779761	-0.165167489
UMARY	1535	-0.002301117	-0.019431495	-0.100533656	-0.067762317	-0.029770265	-0.156487695	-0.013557064	-1.468875095	0.110814357	0.041341449	-0.073628085	0.014900997	0.137929953	0.060552935	0.054083857	-0.013877499	0.033511073	-0.036673689	0.122770729	0.081895525	-0.018355842	-0.257996957	0.015206404	-0.024679745	-0.012838376
UMARY	1540	0.034767769	0.077994264	-0.250856969	-0.006619879	0.05911005	-0.129884919	-0.091113828	0.316580677	-0.019944338	-0.127306049	-0.092148047	0.104331009	-0.297139062	-0.263851498	-0.063919405	0.49791146	-0.106194419	-0.437117965	-0.408188022	-0.112995465	-0.066841461	-0.081239004	-0.026854583	0.541572233	-0.090538897
UMARY	1541	0.078806185	0.075415763	0.142672806	0.043416433	0.032453393	0.003710703	0.090930522	0.292291386	0.06856228	0.146738526	0.069444794	0.028588941	-0.19375045	0.057982976	0.126163309	0.048083997	0.078675538	-0.012872988	0.009079646	0.045987881	0.071536217	-0.090571596	0.073782321	-0.179455893	0.10309215
UMARY	1544	-0.052230957	-0.005102241	0.076378678	-0.003530628	-0.093938868	0.104653356	-0.127449586	0.034883314	-0.111413803	-0.021975341	-0.156579208	-0.147291561	-0.164936414	0.00528836	0.06499763	0.096189418	-0.072386541	0.095712604	0.182009602	-0.115895417	-0.231986952	-0.028461166	-0.12033185	-0.042817558	-0.195837476
UMARY	1545	0.067626228	-0.022673025	0.111820164	0.063963492	-0.045612893	-0.059976494	0.126058792	1.374476465	0.167688698	-0.068516946	0.014439355	0.066853765	-0.228787582	0.060712413	-0.054276545	0.225847703	0.023645442	-0.010960829	-0.338785931	-0.022592517	0.021680548	-0.066489626	0.038296933	0.515522018	0.085754004
UMARY	1568	-0.083365391	-0.060208677	-0.135044588	0.056805392	0.055597688	0.062207094	-0.059338908	-0.528327373	-0.042255978	-0.030619646	-0.022307446	-0.106613879	-0.089461672	0.132649266	0.044312884	-0.018124142	0.063524512	-0.040720297	-0.491796568	-0.108129931	-0.085170421	-0.422063621	-0.042384429	-0.292870594	-0.018169678
UMARY	1570	0.023193442	0.0384405	0.106545191	0.017721529	0.019962504	0.087045808	-0.012757059	-0.685150273	0.041006083	0.06444052	0.039337494	0.033497593	-0.130614341	-0.22331709	0.093285236	0.211879863	-0.009071178	-0.246055054	0.017692773	0.089124584	0.24658981	-0.012373077	0.053388866	0.286362135	-0.040762196
UMARY	1571	-0.077292344	-0.050756837	0.229906032	0.096879621	-0.020883244	0.054395671	0.051815957	-0.00048381	0.022320088	-0.104069436	0.077098923	-0.084314007	0.155024528	-0.034852929	-0.043909362	0.256163104	-0.014994438	-0.056959734	-0.41744175	0.078010693	-0.103259712	-0.233017699	0.009019681	0.375959592	0.052886958
UMARY	1578	-0.030266737	-0.138873546	-0.10010016	0.026456904	-0.108352627	-0.196646973	-0.066758131	0.227186664	-0.02866142	-0.106346867	-0.053386736	-0.162678682	0.031862264	-0.014210853	-0.182779001	0.205348457	-0.116787281	-0.070021005	-0.427222527	-0.197493498	-0.043261492	-0.277713361	-0.088332194	0.38038769	-0.021493371
UMARY	1583	0.141600746	0.068862745	-0.094959495	-0.130824851	0.055086474	0.075336516	0.087422391	-1.482312706	0.13175753	0.028610705	0.10634758	0.227856515	0.724739659	0.167530426	-0.01774921	-0.282392766	0.273273785	0.494722679	0.469705207	0.166032756	0.379815944	0.069580648	0.105937218	-0.841489062	0.147955475
UMARY	1584	0.038808714	-0.012322256	0.215864779	0.038071129	-0.07205905	-0.13756431	0.177138614	0.336764394	0.034513563	0.133386595	0.042001397	-0.174138587	0.115855804	-0.261687411	-0.245806182	0.076191142	-0.03200621	0.015965367	-0.172584615	-0.049592672	-0.031480858	-0.180968149	0.019283729	0.301845929	0.011311053
UMARY	1611	-0.025331049	-0.237455684	-0.074361225	-0.167203746	0.068678135	-0.213405615	-0.046793414	-0.326617392	-0.24653795	-0.027636593	0.127799503	-0.265832389	-0.303472197	-0.101115562	-0.150083435	0.112107458	-0.235042501	-0.248019059	-0.294297111	-0.278606176	-0.212076308	0.245605565	-0.14632439	0.330645649	-0.144963215
UMARY	1612	-0.150036922	-0.068981012	0.042463146	-0.121618183	0.098554901	0.002139881	0.090371982	1.011501972	-0.048346909	0.171351046	0.155747935	-0.075658991	0.025933272	0.163775114	-0.152954572	-0.280284744	-0.066916723	0.079225946	0.122638027	-0.084540785	-0.145253122	0.416231226	0.012057228	-0.069694782	0.056685803
UMARY	1613	-0.087780966	0.100725794	-0.026189217	-0.024196983	0.032235722	-0.039949209	0.020345482	0.924014113	0.200039991	0.085025117	0.116511941	-0.002900288	0.174296025	0.182195904	-0.221135248	-0.203920131	-0.060740137	0.313984311	0.159825927	0.170746895	0.059634267	0.18925364	-0.052311527	-0.739929317	0.006051666
UMARY	1614	-0.027465668	0.072111547	0.067784301	0.106005584	0.043674475	-0.085019772	0.129337622	-1.462895084	-0.028149304	0.073209164	0.052687351	-0.051143879	-0.267026842	-0.107673841	0.034946517	-0.202944113	-0.005521356	-0.052703491	-0.303394757	-0.031897385	-0.138599995	0.135451673	0.021387695	-0.085673243	0.083077789
UMARY	1648	0.015608197	-0.025330573	-0.036677482	-0.034428755	-0.085308788	0.039014936	0.033116069	0.377132361	-0.033705284	-0.020263649	0.015871578	0.009870579	-0.0567708	-0.018585562	0.128373246	-0.065911254	0.003556965	-0.175746452	-0.085305631	-0.04348333	-0.128383936	0.266337099	-0.013269223	0.297010583	-0.0376729
UMARY	1652	0.073325044	-0.068841848	-0.16110776	-0.095943821	0.050827981	0.120861824	0.103390809	-0.981367476	-0.015354801	0.027752073	0.105689313	-0.048692713	-0.032876982	0.272786487	0.00756773	-0.369696453	-0.013236985	0.437338853	0.23803879	-0.007717687	-0.118541451	0.02507744	0.07597182	-0.716297435	0.033258884
UMARY	1668	0.163585833	0.078472976	0.00231232	0.105715531	0.224834761	0.12565886	0.082766265	0.01825017	0.111188737	0.078344963	0.005906893	0.140615082	-0.143681012	-0.000208055	0.156823316	0.033604216	0.103228258	-0.149372976	0.18365649	0.060836289	-0.013677173	-0.069665214	0.083983201	-0.275897988	0.111040699
UMARY	1710	0.097114493	0.032371767	0.244374969	-0.102052179	0.013529384	0.144794	-0.048691255	-0.372943779	-0.128917792	-0.01534894	-0.069311191	0.061185591	0.267689685	0.049599065	0.114917305	-0.123234803	0.085742895	-0.215278933	0.262722055	0.09449469	-0.157747081	0.400642566	0.049323149	-0.065482546	0.104855729
UMARY	1712	0.05473607	0.086517433	0.012723861	0.016522624	0.041201486	0.152576448	0.089022562	-0.182701881	0.143279802	0.055939161	0.002318958	0.121163038	0.10383203	-0.128369089	0.023854015	0.027738189	0.051046843	0.062466689	0.207173349	0.078029795	0.065314253	0.025357293	0.057266317	-0.061697101	0.002603487
UMARY	1713	0.043330102	-0.015763217	-0.034205826	-0.138105587	-0.048568414	0.040618884	-0.06139306	-0.725495694	-0.046377874	0.07131169	-0.101663486	-0.043541278	0.047535664	0.021137337	0.027619205	0.051203927	-0.106857008	0.092636986	0.286766406	0.032767057	0.01788913	0.159597541	-0.018668164	0.021115612	-0.064966022
UMARY	1715	0.026870089	0.083579093	0.023310915	0.091484631	0.127258172	-0.035862275	-0.040658815	-0.343632831	-0.022162278	-0.109216888	-0.045134585	0.085090316	-0.043222542	0.043605528	0.146842367	-0.152834198	0.094836163	0.223706707	-0.024873369	0.01711935	0.001684533	0.213353467	-0.008432048	0.070462101	-0.048982144
UMARY	1792	-0.0247258	-0.031369974	0.041471486	0.029603785	-0.104781497	0.011258348	0.006444383	-1.201978113	-0.012480354	-0.026552241	0.031977037	0.006407717	-0.027495884	-0.194456809	-0.004134297	0.121936165	-0.045951957	-0.199717885	-0.236961372	0.024129318	-0.076896978	-0.14935515	-0.007471416	0.339702512	0.121274347
UMARY	1795	-0.008695898	-0.005890848	-0.110088365	0.022646282	-0.044553933	-0.115068127	-0.010471701	-0.833286907	0.033016347	0.049589555	0.036318054	0.024830602	0.191820693	0.081964386	0.004695088	-0.033700462	-0.020041631	-0.10920673	0.045718632	0.022023322	-0.047331837	0.162163448	0.056494951	-0.297143358	-0.067640094
UMARY	1797	-0.06011007	-0.057871461	-0.025125081	-0.116109498	-0.002557189	0.027272162	-0.032945222	-0.177185028	0.05592035	-0.056050442	-0.042351602	-0.049090013	0.200001126	0.107183131	0.107201116	-0.062169699	0.02458943	0.068295563	0.062499542	-0.028435584	-0.11483342	0.190021062	-0.14772111	-0.061337979	-0.060298902
UMARY	1825	-0.082836642	-0.104201713	0.198546673	0.046439423	-0.086629127	0.106003999	-0.013534041	0.913774076	-0.046223944	-0.074383911	-0.029965726	-0.035186497	-0.076329555	-0.079235715	-0.168705983	0.071087157	0.02615379	-0.249596512	-0.329772901	0.058452818	-0.056511449	-0.16510536	-0.059768192	0.334039134	-0.05627426
UMARY	1827	-0.052558342	-0.038298573	0.038168053	0.053512293	-0.032627481	-0.097769576	-0.035011875	-1.184363934	0.117701813	0.081894318	-0.004704425	-0.069115033	-0.025317006	-0.117971592	-0.120887351	0.192639048	-0.107289786	-0.077891168	-0.378622007	-0.107505703	0.088728822	-0.115268648	-0.007317725	0.408573459	-0.030274034
UMARY	1830	0.125764538	0.262183851	0.037535433	0.041499696	0.048797413	0.057437451	0.157359304	0.517030471	0.191783812	0.165913022	0.034375124	0.220422331	0.220333367	0.034202258	-0.007185192	-0.152653584	0.099068917	0.213349833	-0.091414684	0.108612574	0.411441338	-0.136141985	0.17459578	-0.429993825	0.102445106
UMARY	1846	0.021679293	0.042597695	-0.061711966	0.025833315	0.02511277	-0.127170737	-0.035296227	0.56252887	0.054242492	0.013576832	-0.106326571	0.025154553	-0.147053612	0.021256369	0.121266397	0.006627751	0.019094361	-0.229047101	0.09005714	0.073950911	0.062733219	0.046825646	0.021448007	0.142384753	-0.013949235
UMARY	1847	-0.039823909	0.027905519	0.05965061	-0.053255093	-0.057550697	0.137458597	0.019675366	-0.745720327	0.036509038	-0.002579553	-0.021797784	-0.063774524	0.250161046	-0.004433636	-0.20126084	-0.003207634	0.014483026	0.092744057	0.440250107	-0.085759944	0.043696986	0.374225768	0.007542085	0.00604353	0.004061952
UMARY	1849	0.010189245	-0.010246695	-0.220792159	0.040815278	-0.132123289	0.050127503	-0.143884894	-0.627465949	0.087306587	-0.043057199	-0.089924634	0.007726284	-0.318778356	-0.088722849	-0.235499549	0.298696625	-0.025877947	-0.163420062	-0.613643434	-0.102696169	0.403334552	-0.30580628	-0.017232919	0.71542544	0.041637765
UMARY	1862	0.023400825	0.112268991	0.038642533	0.042058857	0.122245248	-0.161673036	0.101804913	0.606923076	0.159643842	0.056829702	0.027168288	0.012675272	0.067608548	-0.262004373	0.070462431	-0.032041637	-0.008044639	-0.227829996	-0.225904285	-0.001644745	0.172868652	-0.141972333	0.059200683	0.055666035	0.054441581
UMARY	1865	-0.03601447	0.044696576	-0.015711691	0.027224337	-0.072143614	-0.018395496	0.00042274	0.46072564	0.210693742	-0.032478778	-0.022240189	0.045264923	-0.32236025	0.062541358	0.41076196	-0.242303273	-0.01779255	0.053202205	0.229751413	0.01363305	0.032040603	-0.02013237	0.043540331	-0.217206967	0.045782958
UMARY	1866	-0.02724125	-0.123755533	-0.118077319	-0.081272261	-0.121128068	-0.020866354	-0.092975659	-0.407445051	-0.082873802	-0.002423158	-0.083953556	-0.084225187	0.09164909	-0.030603992	0.012461392	-0.054741946	-0.075130297	0.208704486	0.051221209	-0.159645761	-0.115940107	0.259830397	-0.103262504	0.004718397	-0.016536893
UMARY	1867	-0.107840571	-0.030867186	-0.074075042	0.088461125	-0.085659436	-0.048273269	-0.105380564	-0.305045922	-0.025610747	-0.057999428	0.015210774	0.015777121	0.009486971	-0.248452945	0.112270304	-0.042942467	-0.048944455	-0.227107823	-0.327253008	0.000547838	0.107335229	-0.263071692	-0.105802477	0.551755289	-0.057757748
UMARY	1902	0.005369547	-0.005969529	0.093516448	0.078542133	-0.002525603	0.000671845	0.031751571	0.216966787	0.09578961	-0.164214601	-0.062604409	0.029434698	0.013511498	-0.099982246	0.341873773	-0.189936272	-0.027396103	0.021902144	0.130880751	-0.053717638	0.024699408	0.144781728	0.056786475	0.030342944	0.005384125
UMARY	1903	0.054866784	0.103620173	0.122603281	0.242943691	-0.008462502	0.124890809	0.15912113	-0.020321691	0.101514111	0.105107243	-0.006166529	0.051181827	0.373320091	-0.078267494	-0.093621099	0.079357376	0.049696108	0.128357819	-0.133130374	-0.014240103	-0.007145721	0.305633585	0.082841605	0.237083921	0.041160611
UMARY	1907	0.03552011	-0.159387579	-0.06624116	-0.145332942	0.010411395	-0.231273342	-0.136557423	0.733157296	-0.119396823	-0.072486437	-0.116841749	-0.112500154	-0.218204255	-0.112025748	0.040374008	-0.129900183	-0.174449418	-0.374867044	-0.065787708	-0.16667742	-0.202620261	0.088682537	-0.192522812	-0.122622736	-0.135642297
UMARY	1917	-0.00406558	-0.085382003	-0.019431644	-0.059166245	-0.195010769	-0.217623427	-0.028783968	-1.357425645	-0.06331881	0.053181021	-0.144579507	-0.065991957	0.210036621	-0.190871371	0.135078316	-0.100766724	-0.078792185	0.107502391	-0.044554696	-0.030180923	-0.085873252	0.357358017	0.052096494	0.162092376	-0.077509574
UMARY	1935	-0.118936767	-0.141915807	-0.127614015	-0.062348367	-0.167454573	-0.047543078	-0.033883264	1.415460117	-0.163703289	-0.151051414	-0.141980685	-0.246714162	-0.574357425	0.280321765	-0.010946533	0.054943047	-0.178464763	-0.08391653	-0.074593053	-0.125992854	-0.025285816	0.045071631	-0.066762564	-0.120155469	-0.064092825
UMARY	1936	0.162331181	0.038132616	-0.051137862	0.013689422	0.058031788	0.057397159	0.048636247	-0.220976517	-0.052365082	0.010347969	-0.084896595	-0.072894963	0.257245211	-0.177554031	-0.271189523	0.050309614	-0.073591185	-0.037843797	0.136663213	-0.013587623	-0.038997439	-0.012821154	-0.076540908	0.445303363	-0.021585551
UMARY	1939	0.032883504	0.333633353	-0.15308269	-0.167554542	0.278970628	0.343819352	-0.547675273	0.008716008	0.179953081	-0.054270042	0.315934732	0.934912545	0.090402995	-0.041733184	0.80785151	-0.194088903	0.499099913	-0.009935881	1.484935916	0.5782158	1.491911974	-0.050374243	0.172267762	-0.714932234	0.137985643
UMARY	1940	0.000764766	-0.091285427	0.091856433	-0.030745327	-0.100420667	-0.0479302	0.0967127	-0.376052823	-0.08835582	0.033178235	-0.013176604	-0.099060605	0.228221921	-0.202716816	-0.151908862	-0.08174532	0.030146912	-0.198132261	0.128856293	-0.032074589	-0.183416779	0.184684142	0.066621708	0.224272058	0.115348927
UMARY	4263	-0.116125805	0.044482461	-0.305795638	-0.003784934	-0.062534105	-0.060098732	0.038224291	0.124151888	0.069154329	0.242336545	-0.175113027	0.046064287	-0.226884211	0.291148758	0.247378649	-0.522439007	0.161797854	0.778570492	0.135830045	0.122328558	0.049427285	0.439372541	-0.078179612	-0.644408852	-0.011110379
UMARY	4540	-0.140596532	0.129224104	0.051111984	-0.014339121	-0.055957256	0.129691555	-0.122152031	1.743670631	-0.117983563	-0.239125919	-0.121559056	-0.018102914	-0.21150161	0.249358271	-0.006880603	-0.27764796	-0.052258453	0.022032603	0.285139793	-0.056991201	-0.268779967	0.100787121	-0.083902882	-0.30633479	-0.034014224
UMARY	4542	-0.058815757	-0.04575467	-0.01888485	0.004529995	0.031171103	-0.150097899	0.008835776	0.275427326	0.025004829	0.119767361	0.047261912	-0.006082637	-0.06559609	-0.064689691	-0.125530424	-0.095492034	-0.061091556	0.116123795	0.062687923	-0.004037383	0.083240943	-0.064871759	-0.012874069	-0.00942139	-0.035050255
UMARY	4543	0.114231631	-0.049296125	-0.027090888	-0.00292905	-0.1694763	0.064677523	-0.01153785	0.196365697	-0.133418774	0.033789316	-0.129932379	-0.069340871	0.189774381	-0.049858649	-0.030908384	0.035709809	-0.069958938	0.205599855	0.266562859	-0.037272802	-0.066369434	-0.075157327	-0.027785812	0.285507711	-0.088404037
UMARY	4549	-0.062348503	0.010457331	0.128975164	0.124736888	-0.002423839	0.017765304	-0.025330301	-0.401923108	-0.014192285	0.038719494	-0.0125896	0.005020615	0.046897582	-0.140801377	0.011155697	0.089152559	0.036208415	-0.124291483	-0.295358295	0.087677819	-0.072271986	-0.349731151	0.059844982	0.396225956	0.106787087
UMARY	4590	-0.06637847	-0.145264829	0.080938873	-0.062626933	-0.100267064	-0.111556586	0.051774678	0.071712376	-0.063160079	0.032763087	0.109921743	0.069566823	-0.140948465	-0.063991733	-0.150501173	0.111648346	-0.153739737	0.195443384	-0.104417885	0.122071786	0.172297168	0.01767204	-0.001628431	0.453837539	-0.100235101
UMARY	4593	0.009242063	0.031697475	-0.081937112	0.005765006	0.001028423	0.078163902	-0.015705223	-1.152421985	0.006382745	0.02682284	0.001310693	-0.008712143	-0.314688764	-0.0043483	0.117596279	-0.127307701	-0.079178617	0.005187985	0.066396757	0.051305549	0.01116824	-0.249004417	-0.041437663	0.029717957	0.060211323
UMARY	4598	-0.113248134	-0.049162756	-0.075730171	-0.064425411	-0.113677728	0.025789602	-0.062297144	-0.349166967	-0.064573071	0.041993449	-0.084763267	-0.111311477	0.176791408	-0.083413387	0.057608425	0.090191563	-0.081818818	-0.038771069	0.025215281	-0.068218193	0.012338714	0.068125188	-0.077630731	0.342439512	0.057946446
UMARY	4636	-0.038890052	-0.090736161	-0.029687571	-0.036392141	-0.056109458	-0.091645027	-0.021138388	-0.043514908	-0.036757731	-0.075970984	-0.015805077	-0.137343663	-0.581547882	-0.119580259	0.17248818	0.128063538	-0.088891875	-0.132265849	0.255289736	-0.16347354	0.003084225	-0.266359654	-0.037355823	0.302267491	-0.013457599
UMARY	4640	-0.186021331	0.010164507	-0.052589511	-0.050915383	-0.12528812	0.168088665	-0.079067175	0.677884262	-0.086040184	-0.007937557	-0.049209721	-0.017946977	0.014198296	-0.010858688	-0.153203868	0.022854964	-0.019248021	0.025999563	0.001901914	-0.144932997	0.044888958	-0.114651996	-0.099394961	0.144942568	-0.152107176
UMARY	4725	-0.163476613	0.028447388	0.056038064	0.011031528	0.064658917	0.147226794	-0.080119236	-0.165445265	-0.144619285	-0.049500638	-0.005990871	0.003336795	0.02201868	0.015088677	0.102045516	0.031059315	-0.016237306	0.1476522	-0.104284219	0.122714817	-0.085597038	0.028400625	-0.075112206	0.321254912	-0.155505982
UMARY	4726	0.062128455	-0.009436694	0.020168922	0.012208295	0.007934405	-0.059714666	0.052243497	0.333538982	0.011749692	-0.032512126	-0.035541336	-0.022253168	-0.011266206	-0.113030403	0.031174276	0.110143732	-0.01785727	0.134922122	-0.035476294	0.016501439	0.01582128	-0.317878398	-0.00178237	0.345812614	0.046665958
UMARY	4727	0.091679582	-0.047499664	0.112884422	0.000853208	0.115600164	0.103135053	0.055260277	1.759390937	0.032019295	0.033283138	-0.079545452	0.029085442	-0.029301949	0.289303403	-0.310048081	0.200006951	-0.029815917	0.031496086	-0.121267226	-0.059379254	-0.019054371	0.008345944	0.017553122	-0.368434518	0.04235313
UMARY	4729	0.058746923	0.192782222	-0.076718975	0.020040426	0.082331174	-0.062735211	-0.102952204	0.352764236	0.00263731	0.062626596	0.040554869	0.121658941	0.156091255	0.065765218	0.488141548	-0.3998584	0.156026395	0.17528851	0.30989026	0.103717383	0.102796509	-0.094111074	0.042511444	-0.537506229	-0.103709902
UMARY	4782	-0.098611496	-0.112248785	0.0015739	-0.033130949	-0.143596773	-0.057515697	0.002150528	0.330007671	-0.135391911	-0.073566527	-0.006754146	-0.043462902	-0.026259928	-3.83E-05	0.004469889	0.04408639	-0.034179311	0.032503686	0.232776681	-0.048044598	-0.147140977	-0.34674641	-0.078178574	0.201782683	-0.181035954
UMARY	4786	0.107582472	0.023702797	0.012007156	-0.016673336	-0.04306172	-0.00652749	-0.025895659	0.167015152	0.181383971	0.030374723	-0.002948098	0.120731104	0.050190926	0.007101369	-0.260534912	0.112036872	-0.014581727	-0.216164137	-0.392039735	0.07042952	0.031413229	0.002924134	0.022688237	0.13903881	0.012236373
UMARY	4788	-0.088250286	-0.127646746	-0.235522598	-0.031614873	0.47241938	-2.99E-05	-0.20501565	-1.467826931	-0.242670551	-0.158578132	0.020416716	-0.2149708	0.224873215	0.270673625	-0.263922124	-0.358896057	0.099171049	0.132582981	0.684693549	0.093598533	-0.461394557	0.839677255	-0.244466465	-0.644951733	-0.270556218
UMARY	4789	0.532137236	-0.014225998	-1.14E-05	-0.056300526	0.45254742	0.037996459	0.09064047	-0.498664526	-0.096776278	0.039083516	0.120584138	-0.063121683	0.096850753	0.183279448	-0.507795701	0.218506763	-0.024200331	0.224171572	0.119905371	0.042880724	-0.361500143	0.478512496	0.189886276	-0.65489566	0.072728284
UMARY	4841	0.000440038	-0.06008839	0.132296347	-0.135467571	-0.079241658	-0.173437811	-0.042780021	-0.821609771	0.026646844	-0.035318005	0.000157561	-0.040187134	-0.219834495	-0.015070035	0.048093137	-0.084741368	-0.022050448	-0.301079806	0.049007019	-0.085252108	-0.161034663	0.580214729	0.030438198	-0.026824505	0.016699247
UMARY	4842	0.047812469	0.107075159	-0.032678071	0.099459095	0.023367144	0.097340456	0.089560487	-0.970475138	0.047186458	0.005402391	0.024749545	0.159573282	-0.253325811	0.318113002	0.061268349	-0.481215262	0.157794923	0.323657671	0.263490375	0.067694703	-0.038236424	0.081722399	0.067726941	-0.524339631	0.032824298
UMARY	4903	0.06794002	-0.02692562	0.039711527	0.069174654	0.063234851	-0.05156797	0.007946212	0.767131167	-0.005351877	-0.012637473	-0.05715354	-0.061100039	-0.17417194	-0.174502637	-0.005861293	0.187471693	0.077025743	0.13596396	-0.298607935	-0.122042787	-0.000852165	-0.153188357	0.070169585	0.268296056	-0.011983619
UMARY	4915	0.035736609	0.051146338	-0.020055446	0.036251834	0.074615519	-0.000547507	0.024042394	-0.594008648	0.047510865	0.025964346	-0.008808158	0.045539896	-0.411893588	0.029349479	-0.007404312	-0.235323959	0.078712362	-0.175268313	0.102895355	0.125524753	-0.010242387	0.117767755	0.052004936	-0.178852638	0.11358617
UMARY	4916	-0.016787191	-0.035278464	0.106442621	-0.025473392	0.032378406	-0.069079589	-0.022654172	-1.41999245	-0.035938645	-0.025730478	-0.025144899	-0.083937104	0.243662165	-0.114074679	0.002779291	0.066889881	-0.044226223	-0.224371954	-0.121562878	0.002708085	-0.058250534	0.292534455	-0.018824193	0.017709191	-2.68E-05
UMARY	4924	0.2108868	0.239806585	0.116706954	-0.068397532	0.186185895	0.272358023	0.117201788	-0.567147748	-0.000767887	0.099969267	0.20445204	0.257825348	0.297450372	0.076608423	0.252540635	-0.331874677	0.183034065	0.761828601	0.349494319	0.186720433	0.273703719	0.20968155	0.265160824	-0.438788436	0.00229846
UMARY	5024	0.029093667	-0.004798932	-0.146865947	0.326761042	-0.003716551	-0.207172341	0.04659963	3.096995243	-0.063234502	-0.054172803	0.016469794	-0.033342412	0.355113773	0.047114416	-0.061140204	0.618141043	-0.024115017	0.099358973	0.037735573	0.00196143	0.02313513	0.57867814	-0.039025189	-0.02391749	0.015832675
UMARY	5028	-0.026007532	-0.058877222	-0.152576835	-0.112456753	-0.110446398	0.030458459	-0.035858151	-0.443513427	-0.102476009	0.027375764	-0.058059952	0.042726896	-0.236140147	0.012045101	-0.019671441	0.200444267	-0.025419882	0.128335452	0.025274517	-0.091184376	-0.039684151	-0.256812195	0.009094469	0.266530409	0.015693188
UMARY	5078	-0.150607163	-0.134607097	0.017582019	-0.096095838	-0.051085242	0.072002987	-0.115474957	0.440349661	-0.066373621	-0.095315492	-0.049947743	-0.161750064	0.18085877	-0.082020869	-0.152185765	0.082321244	-0.098198552	-0.376487714	-0.22741893	-0.158828707	-0.114834128	-0.136121806	-0.108712572	0.262027204	0.031923904
UMARY	5079	-0.041109937	-0.110024178	0.048638955	-0.033334124	0.089742352	0.043003816	0.035834249	0.965491177	0.053404069	-0.07732859	0.027778755	-0.051274306	-0.0161267	-0.031267755	-0.033506566	0.182000998	-0.07339503	-0.205673429	0.007308544	-0.042968242	0.091309946	-0.175626029	-0.022523693	-0.005798238	-0.0409517
UMARY	5081	-0.03188885	0.000943956	0.168075455	-0.094072373	-0.081880624	-0.150189839	-0.05610287	-0.770171771	0.011476392	0.05853512	0.021565239	-0.002450531	0.416075716	-0.113328815	-0.053916249	-0.04136654	-0.043647463	-0.067359501	0.010162432	0.010113108	-0.142660475	-0.245196767	-0.015977434	0.037988573	0.05594305
UMARY	5086	-0.006161986	-0.013974996	-0.069557234	0.067852911	-0.046429568	-0.007592035	0.114960743	-0.192324424	0.064819715	0.162096856	0.125989452	0.000912245	0.373743089	-0.076013953	-0.213473634	0.02063797	-0.04723621	-0.022077335	-0.191440401	0.074484031	0.06967428	0.082799677	0.019922487	-0.208384165	0.033690278
UMARY	5087	0.153451052	0.046778286	-0.123365097	0.047766495	0.027821217	-0.015692136	0.112316065	-1.689203063	0.164181919	0.095447569	-0.012848311	0.013170178	-0.063554637	0.112312378	-0.047104792	0.025357721	0.045462799	-0.048519272	0.038253214	0.019557397	0.316427082	-0.17599622	0.050102527	-0.31043716	0.115466876
