FID	IID	1	2	3	4	5	6	7	8	9	10	11	12	13	14	15	16	17	18	19	20	21	22	23	24	25
BLSA	745	0.356175603	0.0948274	-0.248674768	-0.771554814	0.7531509	-0.070841409	-0.030973815	-0.137871193	0.202555684	0.771942415	0.356520943	0.474956722	-0.234431121	0.0040025	-1.548704995	0.453067638	-0.3755759	0.259225596	0.093435122	0.373284833	-0.305288524	-0.108315661	-0.020029548	-0.070776323	0.174244418
BLSA	827	0.300582589	0.25505517	0.363653128	-1.302489593	0.461760819	0.940034103	0.086008077	0.002392749	0.505134671	0.488526695	0.198734779	0.092037025	-0.038127359	-0.478683508	-0.526624972	-0.205585356	-0.46245791	-0.121341754	-0.248860506	0.164226673	-0.008699853	-0.142698134	0.313213283	0.232718899	0.126944427
BLSA	1556	0.156017525	0.084801546	-0.204982184	0.372954043	0.264746675	0.3569022	0.064802096	0.096231285	-0.003190713	0.060425044	-0.072780792	-0.036684351	0.079488577	-0.159184571	-0.064747142	-0.306039906	-0.530066874	-0.51895866	0.137770534	0.242295712	0.710952795	0.173800108	-0.021349739	0.200634977	0.107526411
BLSA	1579	-0.310844325	0.215054257	0.350781353	-0.14922982	-0.133677588	-0.42138456	0.084032271	-0.105709429	0.164883926	-0.354747987	-0.315923526	-0.189807258	-0.272880067	0.29348237	0.295516899	-0.102853862	0.106350758	0.032074819	0.027145397	-0.18486286	0.001306913	-0.138084283	-0.038374822	-0.215566931	-0.373820471
BLSA	1595	0.644935416	0.034921928	0.373521945	-0.340361192	0.293041416	-0.107182682	0.155453856	-0.462867886	0.811183994	0.228435746	0.44178407	0.09501029	0.078880296	-0.062977115	-0.492107384	1.039603042	0.546246385	0.512356544	-2.155708773	-0.436850362	-3.797459392	-0.207611418	-1.410145094	0.308019503	0.442023235
BLSA	1603	-0.08110565	-0.134748884	-0.173010199	0.500729593	-0.309146062	-0.24621495	-0.672258153	0.063280712	-0.185051288	-0.262628424	0.318772608	-0.136775471	0.031532695	0.382268765	0.414030808	0.398413257	0.761998846	0.175831044	-0.001271986	-0.044452432	0.341795338	-0.016797972	-0.00039708	-0.063893478	-0.201165446
BLSA	1640	0.098747256	-0.155554474	0.258573697	-0.024965529	0.09719185	0.507664255	0.148571491	0.141384991	0.047810362	-0.112971412	0.056147111	0.051129054	0.157269115	0.206508619	0.105868916	-0.193390154	-0.607677447	-0.241028602	-0.062182432	0.247036516	0.003110614	0.122738188	-0.001324921	-0.052710811	0.187220392
BLSA	1775	-0.141742372	-0.034934667	-0.126826814	-1.057023171	0.247518667	0.539211128	-0.339950161	0.073368864	-0.017810748	0.166706928	-0.202797758	-0.140084079	-0.197905012	-1.025154869	-0.183868503	-0.118836556	0.711716546	0.374071281	-0.299700307	-0.395148587	-0.575616791	-0.074393831	-0.425441586	0.015277908	0.085886483
BLSA	1802	-0.242497626	-0.054304882	0.019990278	0.483374292	-0.137937769	-0.393319047	-0.214272329	0.175710918	-0.212923117	-0.201658313	-0.218703186	-0.036005112	-0.080336843	0.245093373	0.458301162	0.043102754	0.596980315	-0.019547717	0.531501332	-0.000843976	0.497873649	-0.131567995	0.137766614	-0.078985094	-0.103894492
BLSA	1805	-0.276794061	-0.123701982	0.274921898	0.788577448	-0.775314721	-0.694126061	-0.580820366	0.00647297	-0.377810424	-0.281367046	-0.178763233	-0.242492678	-0.010303168	0.25799481	0.428136008	0.175236085	0.522220994	0.176462904	0.369273333	-0.103417605	0.191603272	0.084805842	0.210015323	0.040830341	-0.402275553
BLSA	1838	-0.082710788	0.069567602	-0.070575434	0.318082556	-0.30102883	-0.549379451	0.233485752	0.048588727	0.103789884	-0.09218446	-0.144148144	-0.041825558	0.060982676	0.099620437	-0.222308756	0.066895062	0.030579766	-0.105325063	0.473312345	0.043382715	0.073133832	-0.261730129	0.028886994	-0.029302525	0.114345397
BLSA	1839	-0.228538504	0.007591779	-0.432373701	0.281572774	-0.479095934	-0.656030852	-0.158011349	0.045462824	-0.264965596	-0.169382352	-0.033899424	-0.094697892	0.09829556	0.376481766	0.297083221	0.07093738	0.202873056	0.133888099	0.398011761	0.17886075	0.415493876	-0.140953967	0.298659899	-0.032363728	-0.238794238
BLSA	1840	-0.091433546	-0.075663303	-0.211702406	-0.08198468	0.023169768	0.642691903	-0.021216619	-0.004364116	-0.29632598	-0.054344397	0.299284158	0.025018572	-0.061368973	-0.060202794	0.125431204	-0.018465691	0.183214208	0.044381241	0.198956204	-0.089652762	1.235265563	0.122136563	0.216706001	-0.128113729	-0.18848556
BLSA	1883	-0.182219453	-0.010851103	0.047060849	-0.217264903	-0.086668328	0.310885313	-0.031627415	-0.06094146	-0.116939513	-0.069028316	-0.238078815	-0.067301327	-0.082665806	0.064439328	0.056516683	-0.134116789	-0.306242364	0.139152129	-0.089573224	-0.136295345	-0.073695407	0.049135973	-0.018980307	-0.160787475	-0.130477707
BLSA	1889	-0.168410365	-0.061053422	-0.208215855	0.250781411	-0.165717731	-0.133375906	-0.198925306	-0.006551854	-0.399419686	-0.030965074	-0.050723841	0.08112534	-0.089298834	0.153071757	0.409307929	-0.015481558	0.37335834	0.126055212	0.461664228	-0.073524016	0.580956789	0.006284105	0.211935004	-0.260648557	-0.107097756
BLSA	1924	-0.027177668	0.240171283	0.027002558	-0.238106644	-0.473649746	-0.017335178	0.196301353	-0.100590846	0.075038383	-0.243808013	-0.160195182	-0.159945649	-0.054333699	0.038806867	-0.232763585	0.098567278	-0.00048759	0.055733079	0.278703155	-0.058516086	-0.14913105	-0.210145295	0.047328489	0.048861747	0.061037577
BLSA	1961	-0.00208014	-0.212643241	-0.191030399	0.531221065	0.095077171	-0.011711404	-0.297301639	0.071665128	-0.232706332	-0.096869142	0.140735421	0.072376008	0.221451692	-0.094782801	0.325263506	0.054034084	-0.130440584	-0.105553672	0.224462788	0.084471357	0.426362059	0.20054491	0.403020451	0.035865916	-0.078280262
BLSA	2000	-0.128552675	-0.048800899	0.2582845	0.203265335	-0.04146061	-0.725223286	-0.296020728	0.099261264	-0.133940678	-0.270530029	-0.177688313	-0.12509589	-0.04796157	-0.066281146	0.464302747	-0.224039361	0.206404983	-0.017462937	0.069541564	-0.07843273	0.223861098	0.290449806	0.17286117	-0.022917867	-0.057907114
BLSA	2020	0.186441646	0.057667308	0.413594049	-0.292510949	0.13247153	0.264922308	0.323920703	0.039702097	0.15633756	0.103282478	0.098954914	0.045736052	-0.081357577	-0.095735776	-0.38531813	-0.321919507	-0.572692673	-0.024353743	-0.07492963	0.016967659	-0.207908272	0.065801475	-0.207918545	-0.01095433	0.113164895
BLSA	2037	0.018554131	0.138137297	0.07370384	-0.067441595	0.124432147	-0.418993808	0.738773853	0.116700842	-0.024063476	-0.016198607	-0.14857455	0.080158513	0.278256623	-0.148669533	0.360145937	-0.411993455	0.042414639	-0.238600013	-0.04811088	0.079249641	0.267783537	0.231339794	-0.061309738	0.047079019	0.101920986
BLSA	2066	-0.079643407	-0.176655057	-0.34238491	0.047376234	-0.017785194	0.314237027	-0.063619613	-0.037953469	-0.101380653	0.0499717	-0.104272884	0.023008349	-0.044469439	0.072483559	-0.07535219	0.028616741	0.04534228	-0.040881659	0.053125112	-0.088076105	0.0391125	0.068173111	0.076978056	-0.104748242	-0.173336789
BLSA	2069	-0.083970813	-0.082276667	-0.005870259	0.277204671	0.054504189	-0.265161629	0.120022877	0.065328919	-0.047360172	-0.04254872	0.001537477	0.039674502	0.207939293	-0.088125311	-0.044484373	-0.023506811	-0.313539512	-0.107961691	0.245189053	0.257941788	0.311112821	0.1087805	0.201386664	0.087448169	0.095989291
BLSA	2093	-0.119971986	-0.083659015	-0.159424447	-0.232271363	-0.213360419	0.07893656	0.118108121	-0.075669208	-0.065526961	0.065255836	-0.063849335	-0.11243898	-0.055804489	0.187692105	0.492971701	-0.198032418	-0.145185804	-0.050302922	-0.124445423	-0.223552174	0.05612043	-0.264705108	-0.040074915	-0.138506869	-0.235412714
BLSA	2102	0.486239214	0.057052028	-0.086016719	0.720064831	0.587777803	0.754795429	0.635517046	-0.053032831	0.412680874	0.364685451	0.197927501	0.302923816	0.137147432	-0.102148831	-0.456596693	-0.154211896	-0.885334459	-0.437913514	-0.457308768	0.225907397	-0.258045798	0.173013417	-0.073411652	0.353539481	0.680644589
JHU	384	-0.103847656	0.169493123	-0.27603501	0.072721868	-0.336872861	-0.096616691	-0.395256784	-0.158634501	-0.168408979	0.1620045	-0.258205316	0.032767224	-0.00259144	-0.009002126	0.280197582	-0.025060738	0.09038425	0.00408491	0.124956303	-0.018680924	-0.114927206	0.171039647	0.388948434	-0.084872852	-0.235739722
JHU	705	-0.272525438	-0.291858891	-0.352618713	0.214961458	0.108281937	-0.381184002	0.065744919	-0.133398974	-0.2098759	-0.019833653	0.11579448	0.022864674	-0.129168324	0.254305204	0.425395477	0.056747851	0.754979133	0.15795789	-0.243480444	-0.143619716	0.050299419	0.03610075	0.162697408	-0.196087213	-0.228338247
JHU	710	0.061131431	-0.095052631	-0.335198204	-0.120196142	0.062433253	-0.18127022	0.058608288	0.027960573	-0.107898833	0.031731228	0.007114116	0.081094394	0.148021075	-0.043154059	0.257782735	0.133037395	-0.160237562	0.064008975	0.017009038	0.128188714	0.019122132	-0.004250993	0.096533642	-0.019565332	0.066146665
JHU	712	0.016110297	0.066740755	-0.336856811	-0.251831898	0.083787219	0.128634458	0.068655393	0.01105967	0.027073267	-0.009899768	-0.005768397	0.094867337	0.073702323	0.016618994	-0.261566169	-0.01360912	-0.136406229	0.107234157	0.094885832	0.089795484	-0.018150872	-0.016293729	-0.040141598	-0.007819871	-0.100615026
JHU	713	0.263987391	0.166228001	0.171092005	0.173346737	0.174469948	0.378064683	0.130120691	0.095500032	0.63007005	0.244633537	0.130173393	-0.627735138	-0.694374495	-0.549266984	-0.734053387	-0.060500057	-0.114048171	-0.222009656	-0.164469752	-0.13420805	-0.068623527	-0.384218313	-0.101892415	0.385308332	0.170245384
JHU	719	-0.096173723	0.040284487	0.361539825	0.526602636	-0.325381997	-0.552506375	-0.43057255	0.056466731	-0.108296981	0.014315576	0.259433959	0.086629757	0.160088099	0.09104022	0.401806041	0.051826386	0.515594654	0.121542391	0.162016469	0.169841952	0.464775641	0.068895542	-0.033385931	-0.068201975	-0.025634851
JHU	993	0.203312585	0.026293257	0.199528216	-0.776461476	0.083275564	0.469447689	0.278182565	0.090964249	0.101785224	-0.275008876	-0.177933638	0.145692459	0.239469178	-0.121702438	-0.481510988	-0.039085276	-0.629475954	-0.063187434	0.247253622	-0.126045342	-0.313621579	-0.02468217	-0.166512197	0.073443772	0.207331123
JHU	994	-0.119419746	-0.172873965	0.443761338	0.069636196	0.068581408	0.175837408	0.036823957	-0.05744095	-0.171762832	-0.174073082	-0.007482321	0.012641703	0.028474579	0.459888812	0.49379691	0.006726892	0.167126925	-0.030918148	-0.069934056	-0.060367313	0.054005862	-0.130618073	-0.200058909	-0.129195799	-0.036354607
JHU	995	0.047424858	0.090745863	0.124787354	0.091220621	0.08142553	0.05959305	0.187693521	0.067523171	0.007314983	0.026130539	-0.063126275	0.15117759	0.176379005	-0.098727622	-0.3818482	-0.110083333	-0.487917045	-0.138713084	-0.168237011	0.095095194	-0.07287987	0.284027338	-0.106188434	0.046990938	0.182959281
UMARY	142	0.17860117	0.018406406	-0.497705152	-0.292020494	0.041473627	0.41059222	0.152510892	0.022929221	0.176564145	0.180479291	0.175014774	0.008294524	-0.034094786	0.248583972	-0.685820994	-0.040059856	-0.115044467	0.138742172	-0.165262739	0.039107244	-0.443877095	0.013375078	-0.126648805	-0.111335938	-0.071931483
UMARY	602	-0.10923575	0.151396661	-0.032267859	0.004564289	-0.063692135	-0.345878963	-0.096050023	0.057645465	-0.11407591	-0.045013719	-0.150531124	-0.0322679	0.09327771	-0.088928743	-0.334527936	-0.010737527	-0.036208215	-0.032601375	0.077679541	0.097254529	0.395615335	0.197329406	0.133905755	-0.042606916	0.023110336
UMARY	604	0.033675249	0.019789852	0.097754473	0.019703579	0.296212019	-0.299128751	-0.180078959	0.085717734	0.050738938	-0.033526595	0.12016714	0.060216216	0.028405414	-0.184376141	0.103576686	0.165518493	0.016040346	0.040593306	-0.061764737	-0.010352908	0.041889267	-0.242629509	-0.051684256	0.055103127	0.073190242
UMARY	813	0.028341648	0.033565228	-0.11644351	0.028400977	-0.317191792	-0.512599892	-0.486230497	0.039570863	-0.012545064	-0.079642437	0.193366347	0.058882306	0.051924124	-0.284625055	0.023119788	0.164865472	0.263345638	0.098523772	0.152403102	-0.009667269	0.000158121	0.103636181	0.178789132	0.048050703	-0.025860759
UMARY	819	0.079239288	0.044960867	-0.040215762	-0.110664073	-0.195551311	0.163193525	0.070100892	0.000242085	0.049062486	-0.042742277	0.087597483	-0.081090357	-0.075780697	-0.275588527	0.002561553	-0.098797336	0.306620332	0.01223624	-0.121344835	-0.046343226	-0.20654194	-0.152846928	0.056480753	0.10749029	0.101096455
UMARY	871	-0.007678659	0.049228312	-0.214271641	0.045566119	-0.288860446	-0.550929753	-0.289650515	-0.01945422	-0.107126368	-0.120508416	-0.128038558	-0.046688442	0.064550495	-0.344353881	-0.028123693	0.200370141	0.271183115	0.072368717	0.058792213	-0.040514394	0.000218027	0.250438254	0.24781279	-0.044397712	0.01587931
UMARY	879	-0.009770296	-0.163219796	0.142744545	0.03908347	-0.034476862	0.096391374	-0.203801664	-0.009728203	0.013036169	-0.173104411	-0.152824062	-0.091327854	-0.087593698	-0.069848154	0.026039879	0.183399254	0.187928325	0.05586716	0.079596205	-0.083223178	-0.258393673	0.117228847	-0.101435878	-0.050885788	0.113379504
UMARY	880	0.07842571	0.152783353	-0.379458812	-0.354000174	0.002576422	-0.49039581	-0.150669992	0.112410567	0.156748016	0.226879805	0.049446746	0.316016182	0.163651786	0.097501276	-0.329033187	-0.10333338	-0.50126067	0.10480646	0.039971755	0.129152512	0.302400705	-0.016852294	0.146156422	0.176430316	0.029049974
UMARY	914	-0.033233271	-0.006248217	-0.277513653	-0.162994358	0.146775323	0.238217919	0.103873032	-0.075505353	0.012612812	0.044486437	-0.012030844	-0.047241722	-0.054417896	0.293654005	-0.079663675	0.122831036	-0.215159525	0.080667807	-0.141055421	-0.025473718	-0.096990552	-0.09356392	-0.102656212	0.056808888	-0.019533314
UMARY	933	-0.124742516	0.166439383	-0.130720625	0.032727409	-0.281151863	-0.403782855	-0.163356058	0.037258707	-0.079086359	-0.232866629	-0.067521072	0.008791997	-0.005219034	-0.161455784	-0.043779116	-0.176787822	-0.095824152	-0.03291389	0.266750048	0.042954293	0.391764289	0.117572158	0.327852661	-0.129476585	-0.107373766
UMARY	1028	-0.142804879	0.026010244	0.195713524	0.219581755	0.021736547	-0.136913942	-0.465962704	-0.075757177	-0.132128762	-0.054610656	-0.034582373	-0.176638641	-0.134834073	0.243966157	0.203362101	0.088406679	0.27915485	0.070658452	0.051290917	-0.189965016	0.006679217	-0.142408166	-0.267814799	-0.218342527	-0.30510303
UMARY	1037	-0.046570029	0.022496337	0.509555822	0.465831927	0.200321629	-0.317987884	0.009024566	-0.022574107	-0.035711383	-0.038411163	-0.012026345	-0.102437371	-0.093048715	0.003858897	0.111550816	-0.22396031	-0.045855615	-0.006138444	-0.118267616	-0.034659642	-0.065215434	0.291511854	0.015316156	-0.072776933	-0.200961325
UMARY	1064	-0.083015317	-0.054178511	0.048987154	0.089084827	-0.325708583	-0.6792213	0.03086079	0.112313432	-0.120215581	-0.110640761	0.061023451	0.126473381	0.028013639	0.108989978	-0.120684905	-0.170645254	-0.403955426	0.216525834	0.196268266	0.045459185	0.442294508	0.098674815	0.211260384	-0.041888164	-0.108364752
UMARY	1065	-0.192024134	-0.109750049	-0.213716743	0.009110016	0.265982429	-0.847595769	-0.16826138	0.171828542	-0.149053482	-0.044672197	-0.202534768	0.085341663	0.256706617	0.419159132	0.233680732	-0.218571069	-0.091011713	-0.01301016	0.234529316	-0.033070408	0.566174777	0.08038323	0.15402552	-0.176924125	0.054616213
UMARY	1076	0.039030596	-0.034287813	-0.040090317	0.074267621	-0.012030947	0.053023861	0.270190955	0.114861545	0.036109765	0.139869371	0.043773631	0.041177057	0.068487004	0.169381359	-0.251407804	0.083182374	-0.118060422	-0.043342975	-0.003396375	0.048713385	-0.090155497	0.027846871	-0.043086979	0.070505199	0.027803558
UMARY	1078	0.041152522	0.12343147	-0.500183815	-0.104648357	-0.075872064	-0.220422867	0.165821392	0.101414647	-0.254518305	-0.059808422	-0.037329356	0.0733329	-0.151567952	-0.09037795	0.336166081	-0.244377807	-0.00311981	-0.115566903	0.016877132	-0.079224619	0.907337401	-0.150589394	0.63246866	0.016294268	0.018512374
UMARY	1079	0.019818575	-0.088497521	0.003770142	0.120718007	-0.076207211	0.86013288	-0.238274502	-0.168687513	-0.132957567	-0.047383184	-0.13875045	-0.218800745	-0.184799663	0.067297095	0.105789054	-0.151664051	0.101227089	-0.127399046	-0.055336227	-0.113345778	0.138262439	-0.002800032	-0.162609888	-0.073445183	-0.189980035
UMARY	1104	-0.038815421	-0.151940015	-0.324516984	-0.046366795	0.076727652	0.00260417	-0.257568783	-0.071251154	-0.116676983	0.07227701	-0.113385859	-0.075313444	-0.041743656	-0.117052484	0.197964564	0.026977882	0.107937943	0.035307933	0.033226656	-0.038241691	-0.131424938	0.135331148	-0.105766055	0.020816285	-0.048952419
UMARY	1105	0.072767269	0.05939766	0.199454931	-0.170185242	0.182313366	0.049148764	0.070882332	0.046832504	0.122594064	0.055254292	0.048317643	0.020336062	0.035829336	-0.045799234	0.180742177	-0.030459174	0.186460623	0.220065897	-0.06181408	0.030162591	-0.362854278	-0.09304624	-0.070072146	0.079294041	0.283238028
UMARY	1114	-0.013960275	0.080955238	0.048516807	0.029116567	-0.258152972	-0.206388193	-0.448262813	0.089961385	-0.049617447	0.059483714	-0.007937744	0.096776337	0.088227029	0.098914379	-0.030661516	0.025403159	-0.230907919	0.144455619	0.174910949	0.096773689	0.159524139	0.229845756	0.032001284	0.052194989	0.040177735
UMARY	1133	0.012864024	0.213391505	0.243390321	0.569895714	-0.26831026	-0.776709703	-0.341244657	0.114592728	0.323959562	-0.022454129	0.163327222	0.178669764	0.251903573	-0.438817844	-0.20406608	0.050676717	0.166538725	-0.020693703	0.14575587	0.19410039	0.169685802	0.485339755	0.294859716	0.088608414	-0.002142498
UMARY	1134	0.056554319	-0.02087811	-0.00306134	-0.178207141	-0.195414868	-0.487643271	-0.020646079	0.030900249	0.093359007	-0.02101511	0.141319192	0.049326514	0.078527149	-0.200462279	0.151086154	0.109945873	0.160751097	0.134011447	-0.03734832	-0.011674598	-0.186219316	0.097589543	0.024854359	0.053485222	0.059825709
UMARY	1136	-0.03188666	-0.00862652	0.008685849	0.17259549	0.140450552	0.737937029	-0.048017219	-0.049000107	-0.028271324	-0.021106161	0.036316598	-0.004877568	-0.106963083	0.316210585	0.157233075	-0.038371645	0.232066952	0.019116677	-0.087148142	0.051641579	0.119094413	-0.203939233	-0.147424508	-0.067624652	-0.014392446
UMARY	1158	0.074293007	0.039609412	-0.103859149	-0.024382998	0.021669088	0.309604304	0.272869936	-0.039970919	0.123665383	0.025589411	-0.019003827	0.024776892	-0.084943343	-0.097434883	-0.301322069	0.045070961	0.048929133	0.001254048	-0.215322518	-0.010412943	-0.231244381	0.031814977	0.020474193	0.055425127	0.078106178
UMARY	1170	-0.045837801	0.023997706	0.000623033	-0.082620371	-0.004629328	-0.134011197	0.116180319	0.057616064	0.125118948	0.0240749	-0.02358247	-0.008188551	0.022481412	0.006917886	-0.232544648	-0.057772544	0.007418408	-0.120355197	0.031735215	0.06104648	0.009045614	-0.017819052	-0.001805204	-0.019370811	0.003870183
UMARY	1206	0.018916549	-0.012677922	-0.233688161	-0.245501647	-0.050096593	-0.38013406	0.339870592	-0.023877095	0.119048809	-0.019015852	-0.047487764	0.048197735	0.034245437	-0.104007712	-0.489206482	-0.101633434	-0.300014276	0.060853285	-0.195069869	0.010024268	-0.068413317	-0.125526761	-0.111985521	0.046705036	-0.029628189
UMARY	1209	0.019601071	-0.006311998	-0.225629815	0.177380106	-0.028311948	-0.342909188	-0.09870032	-0.085256744	-0.016424878	0.001409559	-0.047512365	0.035853491	0.003075791	-0.234222893	0.140618583	-0.096783728	0.002028247	-0.089670781	-0.058233958	-0.021216075	-0.305810963	0.064862884	-0.060016239	0.030171416	0.038430741
UMARY	1226	0.011829245	0.17426705	-0.000598629	-0.16246566	-0.332835374	0.189211108	-0.369143108	0.027378496	0.024731137	0.146877517	0.088455327	0.002403765	0.025881486	-0.317752012	-0.101212835	0.007140817	-0.13687925	0.0642805	-0.23750157	0.049398408	-0.093289772	-0.171927337	0.012112693	0.089545569	0.055731405
UMARY	1230	-0.038044806	0.016531581	-0.003304629	0.300586233	0.079234692	-0.212844921	-0.242988569	-0.058848016	-0.001245268	0.124389075	-0.032594446	0.054361427	0.042707999	-0.068769664	0.01251428	0.088709464	-0.109905547	0.047341337	0.038812027	0.023611034	-0.080143239	-0.080968201	0.007173504	0.032740772	-0.092822068
UMARY	1260	0.167803276	0.067804977	-0.210324671	0.141663902	0.107575654	-0.425125038	-0.131122313	0.122567794	0.087361089	0.188623573	0.102119919	0.1415094	0.138641049	0.063347746	-0.036950516	0.183114854	0.277615535	0.017863806	-0.060020582	0.04950993	-0.278157441	-0.115461315	-0.033354843	0.123167899	0.107604583
UMARY	1326	0.024348829	-0.100106363	-0.042432542	0.093989908	0.244242337	-0.305173149	-0.384219255	-0.053674006	-0.015713774	0.032431271	0.026318292	-0.034796641	-0.038505167	0.119283363	0.166262826	0.206150259	-0.200292801	-0.07858445	0.142328874	0.012971837	-0.093403015	0.038695112	-0.058996177	0.051397438	-0.01799591
UMARY	1454	0.006742398	0.053272755	0.063052554	-0.08106367	0.030932641	-0.560839317	-0.052562166	0.057470516	0.080454436	-0.087127278	0.026010096	0.036193395	0.099750923	0.133093278	-0.2958117	-0.116858832	-0.136022826	-0.078030932	0.032933752	-0.065087624	0.110426062	0.091647717	0.058474102	-0.111152183	-0.0792584
UMARY	1465	0.034130401	-0.02774846	-0.139472224	-0.342542663	0.030790651	1.812091633	0.599794746	-0.100685928	0.024925932	0.053401752	-0.133037178	-0.045075662	-0.089866228	0.105141283	-0.225080822	-0.031101296	0.09383332	-0.030587217	-0.248947458	-0.104805026	-0.328855782	0.001867529	-0.174407782	-0.062890789	-0.006516666
UMARY	1486	-0.040031901	-0.010378422	0.124555012	-0.124109028	-0.035211872	0.041395849	0.044235179	-0.095820379	-0.078713293	-0.101858015	-0.169651533	-0.089921974	-0.118411774	0.302979186	0.089497832	0.161741883	-0.023668993	0.025125209	0.087802036	-0.077707585	-0.11368506	-0.038105004	0.017517612	-0.013161598	-0.109573585
UMARY	1498	-0.117348007	-0.094252828	-0.223510973	-0.27373907	0.072093419	-0.067292974	-0.049280476	0.021298719	0.029948515	-0.07650411	-0.000651379	0.012687323	-0.028588544	-0.277797328	0.011613122	-0.019652882	0.056363808	-0.016997908	0.046312577	-0.079903196	-0.205427244	-0.033393239	0.003699385	-0.043319573	0.043044243
UMARY	1502	-0.147657138	-0.06493884	0.236899382	0.163913787	-0.151060206	-0.212673944	-0.421036971	-0.02095102	-0.072831732	-0.025107878	-0.104339002	-0.161591366	-0.189200194	0.014031419	0.16464834	-0.077546932	-0.053442301	-0.033061704	0.082465086	-0.076431841	0.039410145	0.114985391	-0.122997995	-0.002506805	-0.155757803
UMARY	1535	-0.012359322	-0.032718115	0.153410493	0.013066558	-0.00796628	0.092494498	0.544533681	-0.015055118	0.033968775	0.021720069	0.078935157	-0.057725645	-0.007608038	0.122890665	-0.410988027	-0.137121614	-0.078402265	0.009254836	-0.125876611	0.007109118	0.016343966	0.114803931	-0.187003041	0.043189917	-0.075661097
UMARY	1540	-0.096366922	0.13659468	-0.103072263	-0.226873297	-0.598547883	0.154036364	0.067833457	-0.04805769	0.20936859	-0.103659604	0.040218719	0.008508425	-0.071407307	-0.462273068	0.016687166	0.033709506	0.362354409	0.147625389	-0.472630202	-0.090490099	-0.215891595	-0.101218838	0.178945731	0.10908818	-0.025844525
UMARY	1541	0.075493091	0.125804591	0.082040051	0.127284537	-0.054107215	-0.517815856	-0.203157314	0.113782941	0.128057001	-0.000211991	0.012025059	0.033861435	0.086810454	-0.121173215	-0.059455207	0.058761104	0.065495922	0.062610473	-0.033893897	0.041986556	0.117203327	-0.096226577	3.71E-05	0.027817647	0.140344207
UMARY	1544	-0.096583373	-0.124750865	0.19082565	-0.096893621	0.315855383	-0.142163401	-0.112484277	-0.072965451	-0.015240697	-0.09913494	-0.040295358	-0.012599952	-0.132001864	0.05605206	0.233797213	0.190825777	0.103767087	0.013172566	-5.82E-05	-0.034000467	-0.09321929	-0.044837755	-0.150874128	-0.130846507	-0.033796983
UMARY	1545	0.100875277	-0.131962287	0.698614328	0.542077306	0.368320868	-0.510615097	0.186508137	0.156606604	-0.023591806	-0.025617885	0.26917601	0.223297113	0.009390114	0.343891783	0.181891364	0.140551612	0.419786952	0.035474496	0.153090332	-0.059155213	0.263542407	0.022013563	0.087544321	0.004775381	0.034894017
UMARY	1568	-0.114263017	0.08475314	0.30624627	0.412627723	-0.274000165	-0.384831187	-0.207538746	-0.028945759	0.092291678	0.084034715	0.236574849	0.041681201	0.03619369	0.338929067	-0.504424123	-0.023396247	-0.166158721	0.041290919	0.084508395	-0.025676389	0.127706606	0.003294275	-0.002448676	-0.173416595	-0.124160324
UMARY	1570	0.029867878	0.042267348	-0.181862745	-0.179864925	-0.068054937	-0.045141218	-0.088989006	0.010548371	-0.029661488	-0.087840078	-0.098948819	-0.019347078	0.038368052	-0.156900037	-0.060789339	0.311361876	0.146498442	0.064584135	-0.036144546	0.015832787	-0.088364168	0.119327002	-0.002592398	0.061261617	0.039950428
UMARY	1571	-0.056747279	-0.033390284	0.318084489	0.359925316	0.278772793	-0.437661566	-0.366192184	0.068693172	-0.060872032	0.064706628	0.210047968	0.11280675	0.010432369	0.416107845	0.09366278	0.11601128	-0.088031429	0.00960109	0.18557747	0.109469083	0.05016169	0.069492943	-0.103490405	0.010284938	-0.080020136
UMARY	1578	-0.067759874	-0.058528209	0.155475769	0.46901479	-0.063730112	-0.564413224	0.166999493	-0.035194859	-0.206355609	-0.007655592	0.04638642	-0.120780076	-0.073768251	0.079564006	0.122608378	0.098392222	0.415889782	-0.049863149	-0.037643888	-0.000711324	0.204990197	0.01653644	-0.000828659	0.075456636	-0.169649975
UMARY	1583	0.040302743	0.181324971	0.030668378	-0.318209062	-0.026500636	0.130319756	0.379961662	0.03217519	0.268868087	0.204266056	-0.023078462	0.236343927	0.002383582	0.095590761	-0.648138147	-0.043367293	-0.385477955	-0.37684037	-0.09436321	0.107308792	-0.237604841	-0.079176119	-0.018178551	0.156593556	0.007603192
UMARY	1584	-0.071004682	0.03855668	0.003160142	0.276285117	-0.287467402	-0.574061943	-0.064071074	-0.011109762	0.023828592	-0.16546204	-0.048523895	0.009421344	0.193530434	-0.115353827	0.226780472	-0.032101901	0.102235863	-0.184332146	0.146138345	0.098284709	0.386286109	-0.004806622	0.168906735	-0.047105298	0.021471838
UMARY	1611	-0.258648386	-0.273312222	-0.084168562	-0.058921358	0.026462565	1.168907646	0.065926816	-0.057696397	-0.38707675	-0.215040845	-0.113019308	-0.140125908	-0.091086338	0.270358703	0.486903558	-0.064824479	-0.134819807	0.160403024	0.227659571	-0.149594408	0.390881881	-0.132593243	0.078591951	-0.151732586	-0.138416065
UMARY	1612	-0.018283509	0.0829751	-0.507869267	-0.089871795	0.357011571	0.608360624	-0.151953313	-0.049776488	-0.125193618	0.047808888	0.059214861	0.089942523	0.134683784	-0.299307126	0.174367334	-0.006380527	-0.20543914	-0.10103306	0.122855095	0.034797889	0.618678292	-0.035430094	0.190492087	0.02170886	0.176598992
UMARY	1613	-0.062622306	-0.049793276	-0.452329507	-0.629959069	-0.175007627	-0.372675308	0.151788059	-0.000772561	-0.03732147	0.110610076	-0.155054379	0.042790679	0.100383714	-0.280682383	-0.092761878	-0.160997539	-0.308208278	-0.057340542	-0.176916738	0.078804773	0.024492071	0.080458036	0.166789318	0.025990579	0.014035968
UMARY	1614	-0.013473551	0.003104157	-0.202836527	-0.082307362	-0.287520112	0.508987056	0.204748275	0.015551149	-0.180936841	0.039106438	-0.028368306	0.040337555	0.028111436	0.139623543	-0.107070791	-0.066617532	0.051216753	0.091356227	0.067581875	0.049309173	0.054229809	-0.046187116	0.067625436	0.064230343	-0.048714113
UMARY	1648	-0.025996244	0.02939013	-0.197776627	0.268899196	0.002415225	-0.048561618	0.198653039	-0.041195004	-0.051150015	0.047238797	-0.09374963	-0.033667879	0.033725379	0.071310586	0.049024021	0.331367943	0.487922535	0.133817343	-0.023176978	0.051314066	0.01606796	-0.090232661	0.168058624	0.031061252	-0.02427168
UMARY	1652	0.004747342	0.030062075	-0.371508192	-0.695274423	-0.344651472	0.01105574	0.31065298	0.047071161	-0.007856976	0.066825416	-0.062139458	0.024406111	-0.004734958	-0.247899637	-0.1569769	-0.235494538	-0.625736347	-0.210782581	-0.111971636	0.071863228	-0.041743737	0.049718811	0.128618187	-0.108012593	-0.094726503
UMARY	1668	0.09174667	0.068042255	-0.159078781	-0.100449323	-0.132091597	0.034453852	-0.257666159	0.028429927	0.053248609	0.137542472	0.123950971	-0.022188757	0.081909943	-0.061288934	-0.299196155	0.11138353	-0.102433145	0.145829064	0.090164443	0.114802672	-0.1567832	0.129743954	-0.010530748	0.053106769	0.062288769
UMARY	1710	0.04593844	-0.115721734	-0.297960206	-0.189644257	0.527473413	0.879298466	0.47584245	0.019252855	-0.197331745	0.155200395	-0.228979548	0.002441752	0.048332291	0.06207573	0.087243685	0.038344467	0.00148863	0.151457838	0.051995292	0.005465332	-0.194307434	0.080048052	-0.173741359	-0.004341538	-0.000946193
UMARY	1712	0.095294526	-0.028269808	0.085549802	-0.30960128	-0.202584573	0.288624985	0.250930204	0.002760009	0.044145073	0.00498256	0.052163238	-0.009306797	0.048080106	-0.18309476	-0.134391873	0.046925076	0.106221493	-0.007931546	-0.084227662	0.079352034	-0.293168763	0.094596784	-0.068407016	0.037268722	0.09787781
UMARY	1713	0.129012234	-0.03112082	0.452608027	-0.047147546	0.122934548	0.177313807	0.147663502	0.038068053	-0.083147878	-0.189918	-0.028228736	-0.059832734	-0.090205043	0.080593927	0.033697469	0.002503567	-0.304904179	-0.079172948	-0.029413819	-0.066364193	-0.091203604	0.096264304	-0.203335688	-0.137348163	0.035249728
UMARY	1715	0.062045521	0.089741809	0.301699532	-0.216201135	-0.00872656	0.081642246	0.009259909	-0.008465806	0.047037482	-0.042488002	-0.02665981	-0.002280546	0.010063173	-0.116426364	0.293604031	-0.030776209	-0.21148189	0.092660492	0.076863108	0.001383368	-0.207679612	0.004715671	-0.132237559	-0.046331176	0.113743937
UMARY	1792	0.017257169	-0.187507885	0.154785607	0.2324367	0.262372773	-0.209244767	0.227771821	-0.032042483	-0.087167072	-0.042646867	0.357249727	-0.046121927	0.025152679	0.234122096	0.001758974	-0.04838526	0.359576255	-0.016748394	-0.051643144	0.014719024	-0.043415381	-0.013278484	-0.013999192	0.022707338	-0.014359375
UMARY	1795	0.053683902	-0.077081296	0.092148058	0.056849206	0.012711799	0.153961396	0.225796831	-0.022986665	0.065177784	0.019490569	0.032196614	-0.004509451	-0.006106869	0.089108034	0.205964217	-0.086349687	-0.00587872	-0.020456867	-0.083940664	-0.021092956	0.04228139	-0.027882111	0.014992132	-0.018807596	0.129741417
UMARY	1797	-0.014754995	0.039350128	0.1515183	0.144064664	0.214374691	0.064531741	0.190750761	-0.114794198	0.01814768	0.127961951	0.02041639	-0.004379933	-0.046583012	0.218359683	0.108677899	0.033972531	0.06274864	0.038323399	0.076335374	-0.084309705	-0.244733564	-0.338524561	-0.177165955	0.005056297	-0.128974019
UMARY	1825	-0.07236175	-0.009152348	0.157481658	0.107008592	0.124161047	0.139802294	-0.009310887	-0.064584221	0.05393997	0.010698939	0.152848216	-0.074844116	-0.052391626	-0.034612323	0.017441317	0.113888283	0.140305831	-0.011626986	0.115984274	-0.042923376	-0.129057437	-0.100712088	-0.018908735	-0.002796756	-0.107600575
UMARY	1827	-0.091558919	-0.184820786	0.197633756	0.281621443	0.092921397	0.13301179	0.115853091	-0.029663729	-0.009042747	-0.14369995	0.033640993	-0.038689338	0.015745994	0.251270437	0.180232228	0.043230535	0.366953195	0.013676827	0.143447833	-0.045211323	0.054721709	-0.091053784	-0.040524549	-0.020771266	-0.125153048
UMARY	1830	0.110304229	0.081137734	0.074150449	-0.020144332	0.037609574	-0.596023877	0.279915547	0.102141747	0.170252402	0.053969098	0.081378884	0.224841467	0.153243746	-0.024468501	-0.508075258	0.168715614	-0.295838395	-0.024061338	-0.092565865	0.065289282	0.015457811	-0.001352954	0.093392529	0.072741444	0.159094528
UMARY	1846	0.053398387	0.074488711	0.341173889	0.104134349	-0.229180746	-0.464647404	0.127217859	-0.058857093	0.252344248	0.059287586	0.083029228	0.046348342	-0.049129437	0.053215556	-0.243698995	0.205003062	0.297537078	-0.126000586	-0.232092678	-0.008126858	-0.318590725	-0.156238197	-0.158534008	-0.014288309	0.012676329
UMARY	1847	-0.069411571	0.012750107	0.021682769	-0.045557247	0.329519715	0.39175923	0.138644429	-0.036973869	-0.053198056	-0.160997683	-0.011651416	-0.02170404	0.057642522	0.284154375	0.408273975	-0.034269956	-0.131723756	0.033850522	0.098424006	-0.028412444	-0.112383501	-0.071008644	0.020848286	-0.040045423	0.071387227
UMARY	1849	0.124732566	-0.012623061	0.634617997	0.184828141	-0.078386292	-0.098696518	0.235912359	-0.090368437	-0.004984727	-0.061858483	-0.105178548	0.02944423	-0.052336004	0.253999938	-0.245407841	-0.094505141	0.248589374	-0.078059766	-0.241712926	0.019655621	0.280028997	-0.121158267	-0.192852633	0.025243073	-0.01190647
UMARY	1862	-0.001391323	-0.037305289	0.114276974	0.267921868	0.105781213	-0.578709621	0.235449181	0.019456307	0.031113642	-0.001984435	0.119932333	0.004817816	0.095887319	0.206746057	-0.074377583	-0.028793868	0.026551061	0.059421957	-0.143883311	0.092200301	-0.142711702	-0.114248755	-0.050864514	0.14036073	0.032583328
UMARY	1865	0.068382953	-0.013806875	-0.231662809	-0.14369995	0.183032822	-0.331470879	0.106634894	0.00626586	0.050375157	-0.010078297	0.097315961	0.039091092	-0.00691058	-0.208623746	0.145603104	0.314726328	0.228912011	0.057897184	-0.299845021	-0.082741785	-0.183729144	-0.201684747	-0.008869409	0.017132921	0.01790442
UMARY	1866	-0.085776985	-0.218739696	-0.069100331	-0.290177437	0.247424036	0.717523075	0.00936211	-0.076277602	-0.150758453	-0.133564099	0.081928709	-0.066888138	-0.141249287	0.381530942	0.173419319	0.060805821	0.035467972	0.046233551	-0.060010899	-0.111194114	-0.023770199	0.006628817	-0.189008425	-0.06151231	-0.140557877
UMARY	1867	0.029483719	-0.059695769	-0.333869835	0.000607504	-0.143380405	-0.557740097	-0.108380381	-0.10473591	-0.05954678	-0.01567176	-0.131433591	-0.01135128	-0.080299193	-0.069857433	0.062310364	0.077665995	0.210994009	0.064646598	-0.134388478	-0.156210815	-0.05492714	0.050522361	0.066828831	0.00301697	-0.102417039
UMARY	1902	0.072295206	0.024404984	-0.358063018	0.036721724	0.152234118	-0.239712258	0.012630308	0.034799699	0.024372874	-0.011277885	-0.005676238	-0.063278256	-0.060376209	-0.170466045	0.119950928	0.159444526	0.322457817	0.102821331	-0.008645487	-0.067017063	-0.076993899	-0.163255631	0.021464126	0.108554662	0.084974673
UMARY	1903	0.074771425	-0.058258015	-0.25842188	0.040808459	0.523767768	0.639245237	-0.174422837	-0.065756565	-0.003268767	0.024504102	0.365155791	-0.073961852	0.145133663	0.096575118	0.26195633	0.14639181	-0.212620717	0.040571668	0.094973808	0.069701204	-0.194069248	0.135935684	-0.113667585	0.053102011	0.073625476
UMARY	1907	-0.12128694	-0.07145912	-0.196623654	0.134234963	-0.079730178	1.370600115	0.22538323	-0.035660928	-0.225715567	-0.215253035	-0.124694319	-0.16379373	-0.069414623	-0.010336449	0.138324375	0.094525656	-0.058467544	0.144057992	-0.02586342	-0.066506606	-0.092739062	0.041595641	-0.109264008	-0.139090955	-0.079126874
UMARY	1917	0.006050362	-0.193213208	-0.286251266	0.300523452	0.352275336	-0.224191503	0.106137017	-0.087853427	-0.167326308	0.021245261	0.029624823	-0.055825237	-0.006788127	0.108903048	0.150975481	-0.035237385	-0.038195466	0.040236793	-0.071709266	-0.060509907	0.038671761	-0.044200055	-0.053883966	-0.028204044	-0.047387791
UMARY	1935	-0.09755782	0.131109625	0.230272076	-0.018116228	-0.164456612	-0.299666175	-0.029359865	-0.082294635	-0.082637431	-0.225922837	-0.080366065	-0.124261473	-0.077559406	-0.002370604	-0.215911208	-0.223320045	0.197657897	-0.10698058	-0.084583437	-0.113159749	0.139902685	-0.086111741	-0.047799703	-0.110866038	-0.231710506
UMARY	1936	0.044801524	-0.096277403	0.103629437	-0.053586866	-0.022910558	0.74791203	0.200271627	0.047587341	-0.069132043	-0.178066345	0.015987276	0.001439415	0.072659722	0.106321682	0.464018227	-0.057787249	0.255244938	-0.018979004	0.011897783	-0.007627067	0.14153913	-0.227373874	-0.083350771	-0.023633252	0.086638278
UMARY	1939	0.505001599	0.301691638	0.377433925	-0.583101792	-0.247414974	0.656510416	-0.776680622	0.119265615	0.807886411	0.097211142	-0.659467301	0.029335971	-0.431169317	-0.620194251	-0.144520007	-0.034117806	-0.382874211	-0.019284533	-0.01961467	-0.158071566	-1.336434387	-0.228280042	-0.164837504	0.248089988	0.72235269
UMARY	1940	-0.079608633	0.058216796	-0.146937104	0.161245205	0.029165236	-0.014830227	0.075296929	0.043258156	-0.095094376	0.004617494	0.004524088	0.040046986	0.04248946	-0.12637362	0.206651194	0.10155875	0.074093628	0.0881883	0.051313222	0.088235441	-0.063444064	-0.215109927	0.144552915	-0.003049195	-0.086001719
UMARY	4263	-0.010671517	0.079295175	-0.140689879	-0.110400571	0.154992254	-0.467993467	0.181002017	-0.07336274	-0.014708407	0.158740421	-0.052610273	0.064905978	-0.014884966	0.127808231	-0.37569119	-0.269518831	-0.10871901	-0.191541173	-0.427022045	0.032985959	0.073169608	0.091025339	-0.03949909	-0.095184755	0.202398676
UMARY	4540	-0.014360559	0.103061586	0.293986013	-0.121288291	-0.057586903	0.031730055	-0.53625393	-0.066359172	0.133703953	0.107464877	-0.064779123	-0.126313689	-0.07614204	0.154757487	-0.017893159	-0.030083946	-0.240733369	0.133064555	-0.041156775	-0.133726092	-0.115342255	0.024328443	-0.096624502	-0.02923333	0.037413242
UMARY	4542	-0.094863357	-0.020539325	0.144645925	0.127149578	0.035444753	-0.734961045	-0.275301932	0.074473476	0.003415747	-0.0649478	0.031597694	0.072689065	0.131306745	-0.513583063	0.424099648	-0.071536411	-0.044666346	-0.149955141	0.151220483	0.020491836	0.760668637	0.010189578	0.21811078	0.096999679	0.105500434
UMARY	4543	0.003921154	-0.132664295	0.155200509	-0.074577807	0.137380438	-0.060579052	-0.156869391	-0.012488668	-0.035283272	-0.030981953	-0.103714243	-0.041014371	-0.03488653	-0.177228345	0.133456825	0.066809379	-0.066146562	-0.149055186	0.052350963	-0.137436882	0.019636781	0.014304106	0.010450701	-0.074184723	-0.036806387
UMARY	4549	0.062231649	-0.01803749	-0.406554173	0.2021223	0.283804894	-0.442001409	-0.200914256	-0.054235141	-0.066725301	0.009371967	0.03964341	-0.092532464	-0.020759226	0.08350971	0.048217338	0.121899793	0.369902443	0.035116229	0.122406874	-0.033340513	-0.137565257	-0.021968202	0.038266058	0.085409878	0.064503686
UMARY	4590	-0.114985571	-0.249765652	-0.145797421	0.468285872	-0.071803395	-0.403083195	0.269552084	0.045563581	-0.000330549	0.058797855	-0.028262977	-0.158354762	0.024408186	0.17371591	0.227958805	-0.132603895	0.146747345	-0.289977218	0.505275758	0.068622369	0.395819997	0.020810199	0.01696918	-0.036035477	-0.134457579
UMARY	4593	-0.039401569	0.056424891	0.225481845	-0.28286764	-0.315493965	-0.140085723	-0.079261504	0.048969287	0.049175873	-0.020198591	0.075254014	-0.034672281	-0.034712948	0.167862073	-0.120068239	-0.074677696	-0.014648804	0.051723324	-0.001916593	0.000653844	-0.075934601	-0.063545883	0.012304251	0.02571305	-0.053703343
UMARY	4598	-0.023373137	0.016000213	-0.200167294	0.010444268	-0.05180319	-0.328521204	-0.034832616	-0.094072676	-0.0663304	-0.090552361	-0.074845774	-0.080271607	-0.050520239	0.004525445	0.311937284	-0.016289183	-0.131223547	0.063410645	-0.107619096	-0.014765486	-0.01136686	0.099573289	0.031452087	-0.101131901	-0.067584596
UMARY	4636	-0.046751677	-0.051506951	-0.100478709	0.063713725	0.171251815	-0.216381461	-0.347568585	-0.067083398	-0.081095091	-0.086711966	0.113918235	-0.063820417	-0.080904535	-0.241586097	0.13707351	0.068474952	-0.04861853	0.023763586	0.069078646	-0.097120289	0.110437853	-0.016668863	0.000471374	-0.056041084	-0.080621775
UMARY	4640	-0.092321467	-0.055367957	0.00086858	-0.097642895	-0.108008656	-0.340526717	-0.14373933	-0.144279629	-0.197052301	-0.107239774	-0.097689307	-0.102247186	0.051213301	-0.091704527	-0.120739728	-0.024175887	-0.154452424	-0.008906538	0.200010944	-0.080361129	-0.011879151	-0.021916794	-0.102014448	-0.13604511	0.027773315
UMARY	4725	-0.019158536	-0.049076089	0.180856762	0.10272443	0.081596197	-0.099219643	-0.125034429	0.006893493	-0.098502266	-0.010239356	-0.184360524	-0.000508255	-0.095831644	0.178892937	0.292162651	0.338969371	0.09805391	0.030234054	0.052334806	-0.154051069	0.060226208	0.190248871	-0.062199652	-0.094578315	-0.008074793
UMARY	4726	0.046159162	-0.017116458	0.185406352	0.334095127	0.407300431	-0.067446949	0.03910517	-0.042368463	-0.014033275	0.018830707	0.040435366	-0.024830684	-0.067867631	-0.146413526	0.1900926	0.118425812	0.180385969	-0.130442633	0.129106229	0.017669443	0.039138587	-0.084915421	-0.019581077	0.050459043	-0.025875179
UMARY	4727	-0.05169416	0.134520241	0.643046934	0.429335034	-0.042075938	-0.294668016	-0.193831914	-0.004373784	0.196122491	0.023564792	0.054992553	-0.011048391	0.012585795	-0.173953406	0.188633419	-0.324378864	-0.129203242	0.016521401	0.027200408	0.075374166	0.064689548	0.290357723	0.068836645	-0.043743694	-0.008556772
UMARY	4729	0.093475232	-0.021556717	0.004687558	-0.127992156	-0.167493749	0.118124932	0.401770419	0.096184563	0.280012231	0.100940345	-0.026923768	0.08467545	0.018580476	-0.25929941	-0.287510695	-0.024754209	-0.434056089	0.007733722	-0.31276087	0.065747616	-0.24671193	-0.127398964	-0.054943623	0.057154652	0.122115635
UMARY	4782	-0.157873996	-0.120911445	0.067304067	0.210060285	-0.034744132	0.865362797	-0.179919313	-0.023080566	-0.190151728	-0.173664624	-0.136501176	-0.09927632	-0.089360497	-0.255061994	0.131093354	0.004489692	-0.023797935	-0.152506861	0.144733906	-0.131944624	0.156938099	0.011301148	0.010881055	-0.158834841	-0.041734758
UMARY	4786	0.020341451	-0.005572726	-0.215050931	-0.093995112	-0.068934723	-0.139400881	0.137655784	-0.087503152	0.053561457	0.061923452	0.194803534	0.088074263	0.008672305	-0.121681659	-0.10353928	-0.091883916	0.29949876	0.067722861	-0.043758523	0.076993148	-0.023586533	0.124405911	-0.01607158	0.097862958	0.1188622
UMARY	4788	-0.015638058	0.21846454	0.096777999	-0.637079807	-0.362155109	2.455953985	0.423951518	-0.135698331	-0.076325373	0.562973078	-0.197103207	-0.187484641	-0.121485396	0.04859359	-0.328897075	-0.672240921	-0.64391206	-0.251311364	0.047677362	0.62204329	-0.088200224	0.006313057	-0.135730648	0.00987147	-0.160581076
UMARY	4789	0.195747656	-0.039162799	0.630290391	-0.554947282	-0.030307227	2.63675642	0.431098633	0.065949789	0.015806697	0.183871157	0.144699478	0.124067609	0.100505169	-0.193547294	0.227398274	-0.07529236	-0.693803586	-0.04278428	0.175327741	0.066755849	0.438726126	0.62492735	-0.010325407	0.039272995	0.218898152
UMARY	4841	0.032832009	-0.035716279	-0.216222524	-0.171738913	0.043774022	0.080146672	0.092385676	0.03927518	-0.049374619	-0.02998854	0.139189406	-0.034907723	-0.047761788	0.312309452	0.131975823	0.123598556	-0.112728934	0.126125845	-0.083886121	-0.031145184	-0.049956338	-0.301552901	0.020001842	-0.089393729	-0.022725989
UMARY	4842	-0.013594987	-0.006464754	-0.480045676	-0.145330765	-0.055181817	0.041071748	0.216422338	0.118967319	0.12582789	0.087840556	-0.09936786	0.082318606	0.123575208	-0.056463352	-0.820724883	-0.101697824	-0.300255734	0.183247239	-0.14895215	0.077259688	-0.193485616	-0.052345197	0.268875219	0.123256958	0.054333137
UMARY	4903	-0.028746178	-0.079258018	-0.33538869	0.267031603	0.3619572	-0.142000542	-0.063602392	0.052547981	-0.163446069	0.070691893	0.04824131	0.083673385	0.052350668	-0.136890114	0.035345556	-0.067244163	0.484051737	-0.228413933	0.125663303	-0.035563917	0.045742362	0.13019376	0.017498064	-0.054810442	-0.054272076
UMARY	4915	0.076405799	0.047454157	-0.303732925	-0.162038515	-0.160581392	0.163325886	-0.429319407	0.090713919	0.042756166	0.106988475	-0.02071301	-0.003858884	0.04592051	0.147470992	0.274098366	0.355603146	-0.004895902	0.208221849	0.047652622	0.00370717	-0.072248895	-0.157161116	-0.067638328	0.036397336	0.030361677
UMARY	4916	0.029459737	-0.079768478	-0.081759437	0.001747304	0.200623886	-0.042073141	0.336027864	-0.068890087	-0.140463678	0.037771787	-0.014986134	-0.036059073	-0.09317948	0.469376398	0.242464009	0.259799903	0.221421206	0.179453773	0.011052647	-0.072025331	-0.045479549	-0.202413302	-0.114628536	0.02899524	-0.119334975
UMARY	4924	0.422244534	0.20293884	0.116313315	0.302370584	0.353912352	1.035619956	0.439552986	0.016140839	0.209984102	0.096630191	0.086346285	0.219188441	0.27297444	-0.223267986	-0.22269832	-0.082060775	-0.409370353	-0.16587053	-0.193977408	0.045540024	-0.174467155	0.11516936	-0.050261931	0.277859836	0.266245134
UMARY	5024	0.048706163	0.113081026	0.053330413	-0.398621303	-0.313419056	-0.044547984	-0.04208151	0.029432986	-0.006352582	0.177671861	-0.054021807	-0.041623198	0.02383712	-0.050584749	0.021331911	-0.082895698	0.255759255	-0.04247406	-0.308771268	0.230241546	-0.086539333	-0.217586252	-0.048551052	0.034837233	-0.032362505
UMARY	5028	-0.12776232	-0.066852859	0.134115186	0.368887179	-0.079517353	-0.762024889	-0.095601301	-0.00674696	-0.040881218	-0.124188743	-0.047132044	-0.020304534	-0.018417445	0.129394035	0.213915125	-0.275214803	-0.235913548	-0.234169228	0.128263599	-0.100207184	0.049996606	-0.055107055	-0.057234174	-0.067875795	-0.14055515
UMARY	5078	-0.122744551	-0.043913092	0.070268766	0.103073408	-0.143326735	-0.082934738	-0.088058043	-0.067900726	-0.025643674	-0.073967955	-0.078191589	-0.118228348	-0.1377847	0.015499812	0.165316627	-0.045133234	0.299724659	0.053357677	0.096539689	-0.13028557	0.208728461	-0.093394303	0.01648603	-0.038242578	-0.075550492
UMARY	5079	-0.016325621	0.007881965	0.359765548	0.067281704	-0.185957889	-0.27164193	-0.09569018	0.015253045	0.067296021	-0.046911579	-0.070691973	-0.031061117	-0.030940582	-0.308074064	-0.081887559	-0.081709927	-0.069773339	-0.070306869	0.137593649	0.010178291	0.060264572	-0.017042423	-0.013736874	-0.030532788	-0.021633103
UMARY	5081	-0.069538185	-0.044831397	0.043782183	0.135093274	0.099072145	0.350669837	-0.084374362	0.034060117	-0.026004465	-0.039744581	-0.029927077	-0.049948942	-0.033805216	0.213464139	0.084676068	0.074016851	0.198924442	-0.027426551	0.265663894	0.032386154	0.068915353	0.082266925	0.084992036	0.021054223	-0.020091272
UMARY	5086	-0.052103562	0.014093402	0.139701726	-0.252631461	-0.096183054	-0.277171595	0.100683474	0.07266585	-0.052819452	-0.158107633	-0.005157652	0.093357645	0.066891385	0.172626609	-0.064054424	-0.236365787	0.092124753	-0.087471334	0.015117558	0.039040875	0.209291887	0.288431633	0.151761219	0.006194199	-0.014994927
UMARY	5087	-0.002763189	0.024913844	0.119545792	-0.131117628	-0.123059075	-0.405919223	0.039836841	0.053953256	0.073920558	0.009986464	0.152227792	0.128316357	0.14048595	0.089299021	-0.305314378	-0.212942156	-0.081760335	-0.178364474	0.02094915	0.097944353	0.064273584	0.117556717	-0.031276513	-0.013239133	0.046958771
