FID	IID	1	2	3	4	5	6	7	8	9	10	11	12	13	14	15	16	17	18	19	20	21	22	23	24	25
BLSA	745	0.026633906	0.301843875	0.57802138	0.220165471	0.547592452	0.090886287	0.667898643	-0.099010982	-0.398848318	-0.595053708	0.682960634	0.85505955	-1.129187878	0.701711872	-1.090335042	-0.762493697	0.523604359	-0.799118981	1.013283715	0.427291031	-0.371306076	-0.146932269	-0.160587402	0.115040727	0.606404553
BLSA	827	-0.008382684	0.175746901	-0.761228883	-0.45332052	0.093887067	0.465887219	0.956438943	0.357765938	0.235473662	-0.148956904	-0.291029179	0.654401279	-1.595583546	0.719602718	-0.608076303	-0.494005565	0.369227786	-1.023639849	0.382307427	-0.03456752	-0.973216693	-0.559187604	0.323785769	0.206242295	0.121365951
BLSA	1556	0.22642666	0.105214835	-0.396300821	-0.143532509	0.289904598	-0.201257725	0.250140139	0.150114576	0.223924647	0.28214963	-0.275259171	-0.44605336	0.031868351	-0.062307504	-0.330725648	-0.331250108	0.096223026	0.316049819	-0.216013761	-0.097063533	0.319938865	-0.135166735	-0.137725725	0.102480162	0.19367366
BLSA	1579	-0.270483857	-0.274446361	-0.048521269	-0.307337539	-0.391952585	-0.270651356	0.119494464	-0.173161109	0.308203371	0.606019254	0.19128845	-0.193160838	0.092619969	-0.225722194	-0.016431856	-0.043633025	-0.07359738	0.211442266	-0.097573972	-0.104915584	-0.031321213	0.173440036	0.076111555	-0.224183085	-0.219460576
BLSA	1595	-0.379503566	NA	0.854218118	0.835982865	0.616429683	0.092611744	0.198585642	-1.32650994	-0.574742662	-0.688582138	-0.253455284	1.148746567	0.583862687	0.54771184	0.087036233	-0.052515857	0.496534193	0.123063134	0.905296617	-0.131653633	-0.163563463	0.246502549	0.370042422	0.446854116	0.344473369
BLSA	1603	0.087009985	-0.022564181	0.536571866	0.420027853	-0.150858365	-0.127778242	-0.666734544	-0.004209236	-0.410737532	0.424372027	0.28889903	-0.178450477	0.554178571	-0.01333983	0.637595774	0.290082888	-0.091965558	0.423750199	0.020565328	-0.049206687	0.263726823	0.090119821	-0.236407345	-0.014290501	-0.006172655
BLSA	1640	-0.06251613	0.159612382	-0.57205207	-0.071319833	0.101502832	-0.019952138	0.123345978	-0.020523841	0.142922593	0.249188682	-0.555512123	-0.360062305	0.534339701	0.026985222	-0.024230672	-0.160567854	-0.029451927	0.213369252	-0.2306194	0.118860518	0.286681999	-0.260807755	0.127156495	0.009237806	0.10122097
BLSA	1775	-0.008097888	-0.169676026	0.138494083	-0.324242918	-0.068114276	0.351602059	-0.263926878	-0.129678614	0.172467986	-0.137226709	-0.054963597	0.094893345	-1.165139139	-0.097998197	-0.151507862	0.039112599	-0.17638543	-0.535233665	0.124152806	-0.5119136	-0.318204542	-0.146853013	0.190137205	0.123927453	-0.124040446
BLSA	1802	-0.015047686	-0.1355992	0.247133522	0.005716057	-0.194392635	0.059888784	-0.517839314	0.036067296	-0.067889204	0.032672702	0.141721537	-0.224120525	0.569270881	-0.387992831	0.232727827	0.444230101	0.036722199	0.412059918	-0.225984392	0.04216854	0.130767222	0.561287968	-0.281550371	-0.182278507	-0.173341728
BLSA	1805	-0.16095689	-0.182485609	0.419878486	0.279408395	-0.242559986	-0.140127691	-0.819444092	-0.072138966	-0.360009798	0.73743681	0.43123703	-0.045771212	0.9727617	-0.409641598	0.620983589	0.770505946	-0.153146171	0.640710781	-0.207903257	-0.139331834	0.301529194	0.303854033	-0.226307256	-0.222160838	-0.174538749
BLSA	1838	-0.04144321	-0.165535286	-0.017889312	-0.160222939	-0.056034171	-0.127077592	0.186094269	0.225653101	0.146281361	0.466630904	0.434563698	0.134467494	-0.119497161	-0.053301042	0.033979451	-0.123023095	-0.218195896	-0.235523739	0.077838986	0.038553094	-0.037327072	0.469718662	0.093384716	0.061263701	-0.013281481
BLSA	1839	0.054746776	0.134068825	0.481135943	0.244039882	-0.081758108	-0.112357037	-0.335910088	0.346540778	-0.334800657	-0.130499781	0.357073709	-0.39741174	0.130213755	-0.112072895	0.114684529	0.501174463	-0.071855943	0.054908863	-0.219115178	0.176056428	0.146491447	0.077997419	-0.165081975	-0.081251572	-0.192603273
BLSA	1840	-0.02178596	-0.054100254	0.245970833	0.102513277	-0.305352923	0.084864722	-0.102430462	0.029710556	-0.010801263	0.356197865	0.017314038	-0.148914652	-0.089167676	-0.113599116	-0.039246895	0.072196074	-0.061959773	-0.182138115	-0.220568119	0.095374161	0.036467206	-0.369374645	0.130879475	0.016984941	-0.017073463
BLSA	1883	-0.03155683	-0.113926833	0.143649917	0.027030309	-0.155451186	-0.052830753	0.112895266	-0.125506814	0.11878634	-0.015156219	0.190742405	0.157026051	-0.203956569	-0.043422739	-0.042260189	-0.090243909	-0.189654437	-0.065379211	0.119311974	-0.151521043	-0.042441256	-0.143956733	0.013931889	-0.119063676	-0.173662837
BLSA	1889	-0.04554341	-0.028867413	0.202926055	-0.00901889	-0.220996538	-0.00105003	-0.458054176	0.08607275	0.039583584	0.223912449	0.114345759	-0.13527224	0.400903242	-0.32364176	0.364690047	0.351563957	-0.209578458	0.123956269	-0.0978344	-0.021612335	0.248934176	0.026707398	-0.114697477	-0.244476607	-0.120654471
BLSA	1924	-0.07694552	-0.048614569	0.004466549	-0.11099145	-0.053699174	-0.015455571	0.182103556	-0.063720732	0.049905527	-0.50064563	0.179041263	0.300470166	-0.339851106	0.11527878	0.102650635	0.117461831	0.029083071	-0.126450726	-0.004870795	0.135772489	-0.283370135	0.186822382	0.147919753	0.121840292	-0.112465937
BLSA	1961	0.1674685	0.177400845	-0.018582312	0.003200996	0.003130703	-0.072873042	-0.014422882	0.209871348	-0.147527622	0.034947299	-0.032393274	-0.322618467	0.497816359	-0.111877439	0.338030991	0.673958964	0.040388073	0.497161403	-0.458507698	0.062281761	0.261012998	-0.354081753	-0.194770205	-0.069426836	0.047239828
BLSA	2000	0.119532808	0.038450377	-0.28539831	-0.264788589	-0.140331766	-0.251796762	-0.210047363	0.142571542	0.233638669	-0.523412188	-0.345177292	-0.360038545	-0.019891083	-0.200726306	0.299295333	0.219228562	0.052057616	0.226318906	-0.388108563	-0.06520188	0.321969398	0.154934947	-0.196093151	-0.11339141	-0.143034692
BLSA	2020	-0.185130519	-0.061023942	-0.218933902	0.022138362	0.149009007	0.078645139	0.148009755	-0.079679241	0.102099825	-0.255445366	-0.396420333	0.061899551	0.161843489	0.015824147	-0.244800678	-0.481262854	-0.177479591	-0.221347922	0.259369629	-0.01687378	-0.260194536	0.026458628	0.121136591	-0.043304055	0.047207317
BLSA	2037	-0.019506145	-0.029935624	-0.524221847	-0.262060098	-0.004471395	-0.098964883	0.107337665	0.304021328	0.092037775	-0.377599606	-0.621141031	-0.446778198	-0.067224036	-0.107894574	0.179209379	-0.238100087	-0.073558381	-0.185343401	-0.365281636	0.076624405	0.078862547	-0.006930064	-0.053521841	-0.148391847	-0.22238654
BLSA	2066	-0.039621011	-0.122317449	-0.02039746	-0.122707427	-0.002503088	0.049141597	-0.021055694	-0.062644544	0.003208108	0.166180156	0.163625405	-0.179008392	-0.036618252	-0.095692984	0.024222871	0.051339467	-0.057813776	0.180887678	-0.047068981	0.047369973	0.043839369	-0.050462001	-0.024488499	-0.042683931	-0.026847966
BLSA	2069	0.367308631	0.227889439	-0.474885699	-0.083829879	0.00759006	-0.084669307	-0.206826918	0.219844003	-0.114762411	0.234308889	0.141954708	-0.265721488	0.186751883	0.109618471	0.108473422	-0.067431236	-0.064226946	0.29078425	-0.32943124	0.118971528	0.228335336	-0.305459853	-0.133523664	-0.007375458	0.153779614
BLSA	2093	-0.019736016	-0.052039305	0.179860024	-0.144147585	-0.134655924	-0.00065545	0.169748966	-0.188084426	0.268315677	-0.583568841	-0.450065258	0.141027201	-0.228972526	-0.094201525	0.19361142	0.12473042	-0.030561094	-0.174449792	0.180608001	-0.197353993	-0.208250832	0.256651423	0.214147063	0.00020392	-0.214668164
BLSA	2102	0.337130056	0.140904572	-0.693914891	0.297296707	0.394085718	0.303970027	0.394599126	0.236635228	0.28327034	0.142130422	-0.059351124	0.155391236	0.278658383	0.216699483	-0.789576355	-0.811057984	0.035590438	-0.165837334	0.026146908	0.181891494	0.020639238	-0.09528284	0.116121978	0.308202909	0.318867715
JHU	384	-0.058851661	0.056872394	0.11293604	-0.104962526	-0.231893305	0.003402804	-0.348745095	-0.051147291	0.15583284	0.532525122	0.161309613	-0.006374826	-0.505417213	-0.041872433	-0.386274497	0.387614573	0.091682209	0.2089302	-0.041848087	0.079585262	0.071379046	-0.051321303	-0.162380391	-0.002624757	-0.214774848
JHU	705	-0.144311032	0.024081382	0.379888132	0.49420082	-0.129013386	0.162648841	-0.336542321	-0.243055248	-0.233016541	0.087482363	0.188600511	-0.223603059	0.490504743	-0.148304536	0.304120133	0.447499563	0.017322429	0.290399542	0.07476878	-0.078187909	0.265020694	0.039199936	-0.390850899	-0.197034415	-0.213310043
JHU	710	0.111860341	0.168408837	0.129901885	-0.412282105	0.133624079	0.186101594	0.036139918	-0.048496557	0.170278582	0.219990583	-0.065000447	0.08831217	-0.572310641	0.119736152	-0.027905513	-0.020178758	0.074194141	-0.270218318	0.001028725	0.02693231	0.017099939	-0.263266894	0.080926986	-0.035459438	-0.007938876
JHU	712	0.058734418	0.061552552	0.331790296	-0.024521612	-0.01314343	0.174150511	0.340922301	0.129632713	0.136560417	-0.476428202	-0.628760471	0.168713276	-0.798258771	0.135671013	-0.33497437	-0.462642139	-0.010684789	-0.320423613	0.222209724	0.0690341	-0.201312382	-0.226886597	0.102651788	0.09831477	-0.10075088
JHU	713	0.173637337	-0.192121298	-0.294206517	-0.011474119	0.210653254	-0.407291428	0.457904009	0.199859455	-0.136696489	0.482540647	0.327097662	0.801816508	-0.215504791	0.073730354	-0.091161632	-0.028559629	-0.062200341	-0.253046565	0.563783126	-0.093799592	-0.649318384	-0.00697325	0.2472117	0.307714491	0.507927444
JHU	719	0.083235101	0.10996255	0.307286704	0.008697697	0.022006588	0.025776684	-0.453322181	0.065339293	-0.28637281	-0.012136635	0.140469562	-0.305269014	0.662112538	-0.071553292	0.458376377	0.404132571	0.050521712	0.595510425	-0.445995546	0.083479454	0.287094975	0.276870805	-0.361477582	-0.018366158	-0.124665511
JHU	993	-0.14021841	-0.324210921	-0.61863162	0.12339992	0.006930805	-0.232045679	0.505981741	0.136497345	0.249802489	-0.468126505	-0.204459997	0.218944693	0.043269093	0.04876609	-0.29104346	-0.560561795	-0.208485756	-0.418790915	0.195472926	-0.236081604	-0.189006513	-0.31646402	0.601153136	-0.1523562	0.265946241
JHU	994	-0.201506293	-0.035675245	-0.099798751	0.32175574	-0.11342878	-0.032303112	-0.216979864	-0.221979238	-0.107484857	-0.169331432	-0.013292645	-0.375258127	0.586561177	-0.0663803	0.496837347	0.186567757	-0.034987034	0.320652324	-0.241908405	-0.091542127	0.21750221	0.438973868	-0.066825406	-0.150012161	-0.113354759
JHU	995	0.117420199	0.13112975	-0.249166167	-0.394813815	0.114264175	0.119559785	0.014641492	0.033349528	0.051096369	-0.19651594	0.094036213	-0.367281621	0.309043865	-0.049793046	-0.127974385	-0.353872144	0.082637428	-0.15301308	-0.327511244	0.240580107	0.181540415	0.109867455	-0.050409332	0.149823869	0.000921232
UMARY	142	0.003467027	-0.138480879	0.069262052	-0.01744698	0.067951951	0.000534333	0.300589334	-0.022590587	-0.094375342	-0.352218969	-0.23366075	0.261628389	-0.381872692	0.176221071	-0.352334957	-0.316227276	0.126297691	-0.238344897	0.223915644	0.004543648	-0.216345369	0.161381758	0.33120141	0.103520492	-0.034696594
UMARY	602	0.073211927	0.056255966	-0.021303904	-0.112806286	-0.022293587	0.012598738	-0.231337536	0.154125544	0.105616864	0.551357072	0.389282678	-0.267224132	-0.145205925	-0.231742064	-0.211047079	-0.14567505	0.013618727	-0.296115152	-0.214975614	0.035716757	0.001757109	-0.052451729	0.035433154	-0.009206933	-0.012429678
UMARY	604	0.033348896	0.062870703	0.176012112	0.256466234	-0.02434686	0.017669645	0.135239298	0.073597443	-0.208939425	0.355452995	0.023945745	-0.045343091	0.793531497	0.116534586	0.260881532	-0.114114189	0.000511768	0.086131924	0.048046853	0.092372854	0.181636934	0.308364823	-0.204342851	0.013364511	-0.034927681
UMARY	813	0.014805683	0.082936201	0.277226728	-0.16295483	0.079218429	-0.056906739	-0.105975191	-0.026330028	-0.029500318	0.666618467	0.205116243	0.09548611	0.149266268	0.068720241	0.03023055	0.435104241	0.061413051	0.151529741	0.062437438	0.102053175	0.037479047	-0.294509289	-0.028903919	-0.044125643	0.07898181
UMARY	819	0.001583591	-0.039014195	-0.027649069	0.168796777	0.005099752	-0.02134187	0.114585602	-0.042356421	-0.033341535	-0.440619491	0.325883333	0.107648906	-0.184367194	-0.128508001	0.019271934	0.321301163	-0.005943428	-0.205007305	0.1014396	-0.04433252	0.007483006	-0.072546042	0.126006152	0.058424803	0.055377161
UMARY	871	0.023800773	0.057074819	0.062320697	-0.129432392	0.032096039	-0.105391633	-0.060978414	0.001689404	-0.054673203	0.619157453	0.287386472	0.156688228	0.126764252	-0.005534185	-0.079526329	0.321579032	-0.011097318	0.118747233	-0.031633992	-0.028466663	0.006877468	-0.657718875	0.103309339	0.033048269	0.114880669
UMARY	879	-0.009287628	-0.081194227	0.021170263	-0.083087644	-0.014280711	-0.053648079	0.068721217	-0.156217658	0.009777305	-0.020791609	0.045110979	0.076740638	0.110580217	0.053651675	0.266089395	0.203118937	-0.058635654	0.157645482	0.025073714	-0.111276731	-0.001650909	-0.142532211	0.010529259	-0.035156072	-0.021002329
UMARY	880	0.141483666	0.211072727	-0.274826393	-0.027166184	0.196871458	-0.025925603	0.222102945	0.199389489	-0.012278935	-0.139443742	-0.368661688	-0.260748693	-0.95203979	0.685151773	-0.634419721	-0.42224325	0.036428512	-0.327101236	-0.178755102	0.113864538	-0.225766924	-0.149352891	0.130311035	0.180663343	0.151650675
UMARY	914	-0.053936475	0.006322682	-0.019497567	0.315341931	-0.02025166	0.317531075	-0.166146038	0.011809855	-0.027500604	-0.404649585	-0.313267082	0.171516531	-0.156636116	0.154555163	0.022430567	0.041913767	-0.002378025	0.054176128	0.151373096	-0.055445868	0.196993921	-0.093319644	-0.089097051	0.106430542	0.019474434
UMARY	933	0.066059529	-0.116840583	-0.055212371	-0.219491854	-0.130656943	-0.119950324	-0.205432516	0.103343905	0.16851713	0.722736153	0.422469333	-0.400979225	0.06090776	-0.230051815	0.038287084	0.143726714	-0.169595497	-0.039854848	-0.226196062	-0.008834585	-0.054935957	-0.475022033	-0.042987394	-0.086073389	-0.002528761
UMARY	1028	-0.20254922	-0.087447637	0.138271901	0.14303575	-0.240550947	-0.297988423	-0.193060265	-0.184093613	-0.259000812	-0.061665374	0.024591685	0.155919488	0.310435834	0.134752274	0.211875588	-0.016414696	-0.064199483	0.451693105	0.218092081	-0.075256594	-0.112429685	0.050473179	-0.374667263	-0.172010224	-0.210697962
UMARY	1037	-0.058099864	0.060728579	0.22618317	0.050332272	-0.135317561	-0.213414294	-0.334580802	-0.047046174	-0.056884792	0.791983189	0.098673863	0.044671953	0.331441677	-0.180460836	0.069854165	-0.018907444	0.028254874	0.249530391	0.105581132	-0.215837809	0.042251984	-0.07463702	-0.301185943	0.008271561	-0.004873302
UMARY	1064	0.139357095	0.143688559	0.01716989	-0.189185718	-0.086589965	-0.189834913	0.185735654	0.20352088	-0.14663477	-0.142909612	0.15674737	-0.061350878	0.158858227	0.048628294	0.179183656	0.165431053	-0.106241109	0.036527823	0.01921213	0.178564782	0.259420206	-0.149530931	-0.202983227	-0.024315629	-0.068949363
UMARY	1065	-0.003959315	0.188802846	-0.131831508	-0.366668442	0.017158431	-0.038301126	0.198910953	0.197929113	0.189213599	0.218315584	-0.159215695	-0.405996392	-0.205881433	0.021176651	-0.070809469	-0.159706363	0.08611585	0.183679289	-0.383070149	-0.138915144	-0.017681129	0.347685228	-0.153308002	-0.021412515	-0.026772283
UMARY	1076	0.123092673	0.087349689	-0.042819175	0.167244275	0.070029256	0.025203021	-0.066912803	0.004846262	-0.238899902	-0.427244687	0.08561842	-0.037155985	0.070776164	0.09268182	0.124852823	-0.107978639	0.025004071	0.109833994	-0.063638801	0.10143936	0.109639395	0.08527988	-0.078296818	0.073684494	0.001868244
UMARY	1078	-0.09448427	-0.098043382	-0.142734522	-0.624375383	-0.254864	-0.032784278	0.222457713	0.117266041	0.46810616	0.3287056	-0.50738516	0.284869985	0.544554064	-0.038721628	-0.163465005	0.29780002	0.042914238	0.080816652	0.122356818	0.04342767	-0.240836243	0.301066189	-0.370399359	-0.019561287	-0.259757654
UMARY	1079	-0.191332006	-0.170959539	-6.70E-05	0.189626203	-0.133092874	-0.068297401	-0.081825396	-0.176599143	0.111197715	-0.388183045	-0.067243546	0.167453537	0.201716024	0.072123295	0.203890823	0.276929312	-0.230055092	0.08173998	-0.031852592	-0.104817507	-0.027396254	-0.236671537	0.087675349	-0.125003797	-0.036953424
UMARY	1104	-0.060651822	-0.052308137	-0.044051877	-0.168472396	-0.076862956	-0.020492106	-0.05483463	-0.083966974	-0.200678934	0.19490407	0.07728777	0.09819804	0.003423612	0.095480373	0.021771642	0.057490442	0.064560055	0.138898297	0.112384134	-0.046050362	0.034534118	-0.276890446	0.070386417	-0.044710485	-0.047925616
UMARY	1105	0.095930177	0.04353449	0.080864994	0.247297055	0.192179093	0.075216762	-0.017488165	-0.008924827	0.160927666	-0.256403846	-0.054865491	-0.062631248	-0.110273828	-0.069802197	-0.069775308	-0.20643863	0.081901269	-0.265943732	0.029893256	0.043874372	0.055369787	0.591289587	0.029754907	0.04480309	0.096329424
UMARY	1114	0.111943793	0.073082271	-0.08606382	-0.103325139	0.096704457	0.056410434	-0.362375348	0.118831949	-0.276591811	0.030330127	-0.109194278	-0.04579648	0.189685816	-0.123577708	-0.103477115	0.24359924	0.099712154	0.35521819	-0.072004066	0.094983252	0.07594592	0.174785382	0.005247237	0.05290699	-0.001847264
UMARY	1133	0.278248452	0.215415514	-0.150325951	-0.036088992	0.123244071	-0.09840925	-0.296419289	0.282097571	0.384874283	1.537225382	0.566624893	-0.487664892	-0.331999608	0.215968132	-0.14440682	-0.06859673	0.15391751	-0.097201841	-0.298278018	0.125505249	0.13994694	-0.205458209	-0.374370593	0.110367633	0.229534543
UMARY	1134	-0.00208212	0.055284402	-0.068497694	0.09441489	0.054503951	0.019036087	-0.273406158	0.013812618	0.007248341	0.110024076	-0.003262491	-0.091906948	0.161821637	-0.13562239	-0.176729877	0.046039746	0.083230876	-0.142173549	-0.135893	0.051336992	0.14733569	-0.008769878	0.004830389	0.026161326	0.019172932
UMARY	1136	-0.036282192	-0.020936237	0.029520766	0.264364943	-0.044483441	-0.049082749	-0.206149719	-0.029072344	0.009604754	-0.221263957	0.179385957	-0.070556508	0.193126533	-0.123281732	0.151741772	-0.081103685	-0.030101302	0.088749554	0.023704748	-0.072109695	-0.055894916	0.109912571	-0.036365184	-0.068007366	-0.142190577
UMARY	1158	0.011648937	-0.01065933	-0.021556272	0.015897043	0.025738472	0.07306979	0.070800623	-0.072462504	-0.01934486	0.024448386	0.192137589	-0.194720768	-0.450961072	-0.027043207	-0.048921371	-0.150322287	0.033493177	-0.355944849	-0.08229579	-0.064951211	-0.011461768	-0.1060924	0.288953774	0.048143034	0.197108016
UMARY	1170	0.025915711	0.021208646	-0.07845818	-0.223026799	0.046146517	0.047547762	0.142314029	-0.005712555	-0.001944618	0.673687475	-0.080762386	-0.001134197	0.034868579	0.161312882	-0.055809466	-0.205934785	-0.011724029	-0.027712465	-0.067353295	-0.11516882	-0.149309095	0.102022464	-0.145257993	-0.005036657	0.051325849
UMARY	1206	0.088168354	-0.025232899	0.08943049	-0.112949717	-0.02978065	-0.01795797	0.405771756	0.010934168	-0.022699039	-0.020123061	-0.009452953	0.10961102	-0.423367711	-0.152166291	-0.311665461	-0.157334555	0.052538335	-0.350779486	-0.057173816	0.074197697	-0.183043709	-0.034204423	0.138176206	0.154410089	0.086276475
UMARY	1209	-0.119657823	-0.035442105	-0.288454471	-0.026951039	0.064755814	0.005390737	0.112563525	-0.008510742	0.209536526	0.618946262	0.23816257	0.066311268	0.107366377	-0.054937539	-0.080800367	-0.104670023	0.075623289	-0.068889064	0.219408786	-0.017601258	-0.032814935	0.226669531	0.100834894	-0.030470323	0.08365673
UMARY	1226	0.085809654	0.049044457	0.032309108	-0.312098094	0.086948675	0.05602277	-0.249616371	0.02386285	0.055898363	-0.016465451	0.033720959	0.527331839	0.233636314	-0.075691601	-0.294908449	0.438260424	0.047021775	-0.10197582	0.191961324	-0.006021382	-0.19773098	-0.025223193	-0.062308698	0.076249893	0.00630598
UMARY	1230	-0.007763868	-0.02903397	0.141129258	0.072008571	0.046747754	0.045272747	-0.308831386	-0.005609477	-0.134859702	0.300700128	0.263433452	0.042791945	-0.027251477	0.154008403	0.223175971	0.131658138	0.012204788	0.152094299	0.032532997	0.014622086	0.067849816	0.028436511	0.014107719	0.044264116	0.109549818
UMARY	1260	0.077782572	0.146219982	0.248206404	-0.028184705	0.204670417	-0.058188235	0.014182058	0.062069051	-0.08506231	-0.360515032	-0.072054298	0.119511555	0.031897523	0.328719732	0.03861482	0.040171825	0.171921763	0.051777732	0.007818353	0.06872963	-0.039461094	0.137641745	-0.026027814	0.165579289	0.182076828
UMARY	1326	-0.109179599	-0.029331019	0.190882326	-0.024713318	0.026125878	-0.086331242	-0.031308391	-0.123259929	-0.075294713	-0.08259707	-0.217071408	0.125720369	-0.004294829	0.159883932	0.082478706	0.137209905	0.076241183	0.134798186	0.137911583	0.026290861	0.154331537	-0.056234541	-0.038980674	-0.019815979	0.005235704
UMARY	1454	0.085295338	0.014012647	0.141389072	-0.132130952	0.015276144	0.024280877	0.231543388	0.02640149	0.061916221	0.009190432	-0.050131206	-0.139200306	0.185619594	-0.068803769	-0.09691276	-0.187028193	0.009777219	-0.005231614	0.048773944	-0.035750404	-0.067884375	0.130112653	0.076459238	0.00663156	-0.037909303
UMARY	1465	-0.052053087	-0.056788703	-0.200426318	0.24405676	0.00542685	0.198361161	0.057639479	-0.150198558	-0.075974435	-0.925399102	-0.026037429	0.152304099	-0.232557217	0.004686978	0.00798573	-0.028704743	0.043584766	-0.122925081	0.174540209	-0.018101125	-0.101741007	0.335955416	0.382086919	-0.003216815	-0.073698917
UMARY	1486	-0.120680617	-0.050446097	0.054716737	0.035487794	-0.119338275	-0.037313093	-0.075904412	-0.149210716	-0.174494113	-0.304735608	-0.119654678	-0.011668611	0.101096378	0.035632253	0.00090963	-0.006005758	-0.082735325	0.058189368	0.14887039	-0.014933502	0.014996016	-0.184791299	-0.10581167	-0.10227368	-0.010266233
UMARY	1498	-0.075003542	0.058839481	0.195771541	0.027549812	-0.056741744	-0.016187062	0.144428836	-0.041492863	0.094237288	0.006650554	0.172628182	-0.054604917	-0.2967655	-0.130561877	0.078121112	-0.057263096	-0.095777897	-0.044890413	-0.017431339	-0.083963408	0.030553567	0.07109914	0.2213814	-0.12897732	0.002909595
UMARY	1502	-0.102369476	-0.213679652	-0.051927938	-0.185967159	-0.1067483	-0.002915009	-0.289280301	-0.15478029	-0.162035149	0.554351723	0.462326381	-0.069777796	0.240664741	0.020319612	-0.058201371	0.152103005	0.002067854	0.325490585	-0.072199755	-0.020143253	0.065635907	-0.046805044	-0.283690624	-0.127533403	-0.054778816
UMARY	1535	-0.014227503	0.024860659	-0.044576748	0.115829321	0.034808805	0.010072679	0.206791523	0.020856189	-0.137387696	-0.410216047	0.127643555	-0.145294019	0.364230428	-0.184907739	0.049629279	0.110204686	0.072011441	-0.011436582	-0.184410259	0.023040572	0.259936306	-0.031880817	0.194156017	0.00879948	-0.001425791
UMARY	1540	-0.03244361	0.015542561	0.245268897	-0.119833012	-0.108084207	-0.248647073	-0.082184142	-0.104024467	-0.208812782	0.439550525	-0.112609966	0.825005354	0.376865378	-0.032739909	0.174897735	0.317580859	-0.041023564	-0.111578606	0.316426771	-0.051087972	0.049881542	-0.40274875	-0.14373378	-0.088121768	0.123453679
UMARY	1541	0.182087234	0.123063394	0.023327289	0.258810028	0.103352195	-0.060715769	0.040699525	0.076128933	-0.069244617	0.116108087	0.312919634	-0.062978391	0.275345679	-0.086134548	0.015708084	0.024199199	0.054443664	0.156540931	0.053971009	0.04891211	-0.033715956	0.207582633	-0.009253168	0.033727732	0.055392229
UMARY	1544	-0.087349999	-0.079372896	0.03449248	0.064131002	-0.066434095	-0.018589421	0.08020035	-0.075131723	0.157335422	-0.094985942	-0.03971993	-0.186585125	0.13409815	-0.057574074	0.288377045	0.092908835	-0.073956448	0.160999581	-0.040902067	-0.087852795	0.209051365	0.344303254	2.55E-05	-0.019568269	0.008886403
UMARY	1545	0.038516818	0.089371029	-0.186348459	0.176431529	0.064929505	-0.123263345	-0.301988965	0.105017546	-0.145971016	0.125120412	0.020043865	-0.292133208	0.672928105	0.067425849	0.292853273	-0.076690883	0.236595883	0.430841845	-0.288170974	0.015142384	0.012428469	0.346847901	-0.432199026	0.08877233	-0.026458791
UMARY	1568	0.014819463	0.034775237	0.175149599	-0.036849785	-0.000182398	-0.168876765	-0.119579567	0.03236374	-0.350889861	-0.309689577	0.207165136	0.099801718	0.707479877	0.13315532	0.068538219	-0.026443662	-0.002206549	0.204704142	0.010005305	0.019974561	-0.193638036	0.082237299	-0.20656345	0.046043604	0.024929313
UMARY	1570	0.001204848	0.031035039	0.094781282	0.195481874	0.051003843	0.006744401	0.113132082	-0.03196527	-0.106453921	-0.178610256	-0.021633401	0.217428881	-0.319421443	-0.075901409	0.032247167	0.155540423	-0.005566606	-0.071619991	0.192866469	-0.002041854	0.046044096	-0.307590859	0.053462855	0.037773956	-0.035539928
UMARY	1571	0.03426995	0.020797256	0.061390033	0.228395369	-0.032974064	-0.080722437	-0.340643365	0.025544824	-0.321924147	-0.053040185	0.261799575	-0.331973704	0.599766418	0.03597048	0.331986373	0.116380723	0.068645655	0.64742935	-0.168100386	0.056214346	0.208222993	0.239522475	-0.441932403	0.020061919	-0.067765612
UMARY	1578	-0.160926542	-0.042886153	0.02521278	0.250693133	-0.126595203	-0.170170768	-0.170197545	-0.071182248	-0.35381421	0.000169174	0.250417464	-0.279276891	0.686616752	-0.262726986	0.472449196	0.395947598	-0.036210007	0.393190322	-0.171445184	-0.073819783	0.237312377	0.094347618	-0.345503162	-0.055109662	-0.002435714
UMARY	1583	0.112944234	0.046882386	-0.184950225	-0.295921262	0.177416309	0.450759496	0.510883192	0.080399381	-0.053880265	-0.70928211	-0.327203719	-0.064628399	-0.191374136	0.131821858	-0.444264228	-0.230166107	0.137440304	-0.208468215	-0.130452008	0.119465582	-0.079897333	-0.148226739	0.052587121	0.126333461	0.052494663
UMARY	1584	0.065231162	0.089077426	-0.307151238	-0.202031863	-0.041896818	0.056383582	-0.004329158	0.124259019	-0.003128804	0.188092789	-0.244399238	-0.278763307	-0.073168971	-0.046991845	0.239166148	0.106399067	0.079453435	0.144020918	-0.400962735	0.098149742	-0.267287079	0.149937023	0.129545387	0.0016256	-0.016694534
UMARY	1611	-0.069368657	-0.107925998	-0.010787916	0.158868426	-0.209492996	0.022311087	-0.198998822	0.130130662	0.025300276	-0.601949649	-0.149381072	-0.140371697	-0.153248163	-0.18233698	0.203550295	-0.020227587	-0.197208258	0.104628947	-0.195889718	-0.042631952	0.057148628	0.121702101	0.008022592	-0.156242927	-0.254971089
UMARY	1612	0.146922971	0.094634264	-0.191768832	-0.085324287	-0.018147461	0.059176668	0.249362997	0.315417741	0.267560601	0.528212595	-0.220982985	-0.155929276	-0.592551143	0.056774646	-0.315542211	-0.480287946	-0.043459892	-0.085376124	-0.056846663	0.018194473	0.066830973	-0.103521435	0.139975661	0.107125224	-0.034789755
UMARY	1613	-0.04580152	-0.023598148	-0.149481887	-0.191622301	0.039651152	0.244492817	0.413461879	0.070478734	0.188028326	0.208492568	-0.1577143	0.122162011	-1.190702134	0.018382321	-0.742447708	-0.019521054	-0.029607756	-0.83077437	-0.043161778	-0.014267041	-0.29808564	-0.423535525	0.210319344	0.027666972	0.043009858
UMARY	1614	-0.013256262	0.08813488	0.057493182	0.095542264	0.004417164	0.001020166	-0.130499561	0.090490089	-0.165297751	-0.30783796	0.33608966	-0.07140978	-0.306210023	0.042959487	-0.301767134	0.036899705	0.118102402	-0.098035424	-0.130235437	0.078734146	0.062939165	-0.126458017	0.075919022	0.059771011	0.054665558
UMARY	1648	0.011162029	0.039052668	0.142618471	0.267228961	-0.005046261	-0.11321798	-0.059122012	-0.009909312	-0.14810002	0.185252193	0.239929463	0.384231872	-0.331569602	0.425550627	-0.138686407	-0.1059189	0.030729093	0.000227422	0.168236797	-0.027417126	0.063630667	-0.174340401	0.013349942	0.039785686	0.018500608
UMARY	1652	0.122731505	-0.021281105	0.000656291	-0.296609458	-0.022666363	0.199138435	0.45291989	-0.069403778	0.184371868	-0.149472619	-0.591323809	0.094670412	-0.878610484	-0.069644889	-0.537462713	-0.07583642	-0.001415141	-0.858988353	0.06119699	0.034807047	-0.078934099	-0.28281682	0.452355004	-0.072191294	-0.005999086
UMARY	1668	0.098637172	0.040627312	-0.004692236	-0.025026983	0.107941254	0.081614482	-0.191500484	0.138771551	0.006104947	-0.443704367	-0.274375059	-0.060170734	-0.396465751	0.182624901	-0.217458622	-0.056830996	0.145203046	-0.214714229	0.065496115	0.087170803	-0.191966045	-0.21076125	0.166465875	0.187012869	0.067992351
UMARY	1710	-0.056047445	-0.039398296	0.177833203	0.128516346	-0.035495208	0.070287994	0.020064487	0.000366251	0.152706774	-0.407792372	-0.135533758	-0.278370151	-0.508016342	-0.035692056	-0.059713422	-0.423998223	-0.045305162	-0.05030057	-0.080454394	-0.078407723	0.308963032	0.087426245	0.075632613	0.03020468	0.020476839
UMARY	1712	0.084968081	0.007893344	-0.099167372	0.097216806	0.080804398	0.131051224	0.055756584	0.055602619	-0.059416166	-0.197956034	0.038717597	-0.070184984	-0.096864014	-0.04565205	-0.170159957	-0.029706476	0.09414087	-0.159445661	0.100424424	0.046092964	0.075625804	0.022073499	-0.044636751	0.042744581	0.06654612
UMARY	1713	-0.05165763	-0.100795003	-0.215803637	0.193683887	-0.039888761	0.069157155	0.204090836	0.103101428	0.200600533	-0.552071525	-0.143787532	-0.187776146	0.123272047	0.178682331	-0.019414652	-0.183059066	-0.080716915	0.098260287	-0.04071107	-0.03420947	0.256201939	-0.278342167	0.127733923	0.004127487	-0.072071874
UMARY	1715	-0.018553288	-0.011386275	-0.004299399	-0.003922821	0.073603138	0.065696821	-0.073967497	-0.101446489	0.112986681	-0.004190261	-0.15113485	0.065299527	-0.239683462	-0.011375634	0.173403463	0.157342073	-0.012210469	-0.166182095	0.112271218	-0.029179465	-0.195376733	0.163504036	0.001224836	-0.07677814	-0.047353447
UMARY	1792	0.03284203	0.031330041	0.039378036	0.247552146	0.059917086	0.070285622	0.080868893	0.002642763	-0.307414479	-0.468028636	-0.002553489	-0.089664492	0.465807919	-0.017742344	-0.005104072	-0.087772487	-0.013083416	0.20487292	-0.026388674	0.01448215	0.245469342	-0.000879365	0.021893056	0.006611169	-0.02780492
UMARY	1795	-0.043857373	-0.028552065	0.188244253	0.166537346	0.057227458	-0.078508971	0.119521029	-0.015242314	0.147670061	-0.486407206	-0.067066942	-0.155183475	0.335819795	-0.136123852	0.136634781	-0.210549262	0.007916925	-0.088691134	-0.047227933	0.048965344	0.150881857	0.132303045	0.179870816	-0.029311304	-0.004504891
UMARY	1797	-0.046257288	-0.093961895	0.104128423	0.152128755	-0.038353874	-0.055785099	0.151798097	-0.084031042	0.006540197	-0.485354581	-0.225574689	0.179263186	-0.150397037	-0.074271624	0.187729975	-0.238185455	-0.0586169	-0.050160058	0.133449543	0.198187291	-0.109564684	0.331631797	0.036359465	0.018220549	-0.058619749
UMARY	1825	-0.093359321	-0.071686501	0.047768833	0.126148328	-0.041866983	-0.133342641	-0.13301458	-0.120303074	-0.238132091	0.435667004	0.055104782	0.119859885	0.044809513	0.005044818	0.053662677	-0.015101429	-0.098951797	-0.037749016	0.016603477	-0.049541244	-0.059393301	-0.213655843	0.124282014	-0.048431442	0.02018322
UMARY	1827	0.02854052	0.068564427	0.165894762	0.292334731	-0.034011821	-0.250734698	-0.093708797	0.011411515	-0.067551986	-0.394752487	0.118084732	-0.194987058	0.550787549	-0.297580091	0.488653472	0.172101912	-0.024466254	0.206243537	-0.150537876	-0.035946929	0.235945392	0.145352247	-0.164983325	-0.089721797	-0.057424177
UMARY	1830	0.186444713	0.23079984	0.088830075	-0.269012815	0.177308446	-0.083035298	0.260584108	0.099413793	-0.062228979	0.362989755	0.050135793	-0.081427438	0.246777589	-0.129190532	-0.3447602	-0.348770059	0.148482896	-0.31607371	-0.059626364	0.11745995	0.037279655	0.22458132	-0.096201679	0.071286928	0.086428946
UMARY	1846	-0.056604637	-0.05511291	0.029862476	0.309052877	0.043851082	-0.152040944	0.096490355	-0.200826593	-0.234752312	-0.025649659	0.06032299	0.262311235	0.516198797	0.016074487	0.234038127	0.082692539	0.024560576	-0.073392356	0.132792233	-0.048189266	-0.059769382	0.011890249	0.070334994	-0.048667955	0.134241041
UMARY	1847	0.030068671	0.031933891	-0.221009088	0.255307604	0.009581104	-0.221746242	-0.029013099	0.042170743	0.256831836	-0.401275913	-0.111107086	-0.375462779	0.29166472	-0.160506299	-0.084823044	-0.151749787	0.016246403	-0.12119804	-0.388639866	0.049557365	0.054684747	0.359572727	0.107346679	0.048059462	-0.042253854
UMARY	1849	0.02692013	0.081001331	-0.018496369	-0.135087791	-0.087249128	0.042245579	-0.388594638	0.006995668	-0.367475048	0.440295735	-0.021646016	0.103283498	0.921950994	0.063035126	-0.11523843	0.22154721	0.041315821	0.040466385	0.197699228	-0.027248267	0.218539998	-0.327325019	-0.504557271	0.116988731	0.038771647
UMARY	1862	0.042666573	0.082044905	0.147338826	0.134464245	0.013649167	0.046044888	-0.057620984	0.016597752	-0.279918313	-0.411574025	0.067315414	-0.149594849	0.319145852	-0.130136923	0.17377188	0.076375367	0.119050718	0.053369964	-0.179618926	0.013919534	0.193976074	0.041106068	-0.165503471	0.071277034	0.061651182
UMARY	1865	-0.01760586	0.016344406	0.418501099	-0.065145993	0.046024283	-0.087599673	0.190066439	-0.112385141	0.151836683	0.223460585	-0.314277913	0.101846519	-0.15997747	-0.084320458	0.250988447	0.237246021	0.04706902	-0.017304537	0.198627237	0.0454355	-0.022207024	0.118977452	-0.03827991	-0.020301528	0.1074082
UMARY	1866	-0.169331916	-0.139785669	0.066750507	0.053369985	-0.154818018	-0.095860482	-0.007557465	-0.109531622	0.112519776	-0.315833956	-0.144205539	0.002497974	0.017809695	0.00890297	0.126342198	-0.111046128	-0.131594157	-0.004887117	0.017196432	-0.036250837	-0.027803677	0.171173264	-0.05172178	-0.036220096	-0.191874553
UMARY	1867	-0.085742963	-0.005540979	0.385772829	0.105280067	0.007170299	-0.262605118	0.069556702	-0.140125146	-0.196412625	0.457972209	0.226907852	0.271179237	0.160707632	-0.041849861	0.073792992	0.419994342	-0.056867017	0.099290124	0.129242197	-0.07733078	0.104717109	-0.089233466	-0.072983282	-0.091916153	0.009571782
UMARY	1902	0.007873839	0.029152361	0.297922443	-0.058153704	0.07343829	-0.080518656	0.137342634	-0.077114451	0.099518016	-0.155328344	-0.12582924	0.408634081	-0.405646599	0.157278454	0.000448693	0.157185018	0.049155294	0.041904469	0.186268479	-0.009580675	-0.081436881	-0.189831231	0.09304154	0.009919165	0.076571723
UMARY	1903	0.019159785	0.048579847	0.228577031	-0.033208298	0.076370001	0.114763302	-0.03066702	0.004850599	0.071312342	-0.073326327	-0.131822411	0.009350275	-0.397660581	0.055862249	-0.14266232	-0.188711697	0.129062915	0.281314915	0.053556273	0.054815695	0.043761069	0.01690978	-0.108823393	0.144306279	0.022668045
UMARY	1907	-0.219174836	-0.163728765	0.176372066	0.057583302	-0.103833589	0.171139967	-0.129778955	-0.152929771	0.136829798	0.298543043	0.391906965	-0.088300293	-0.133599979	-0.239557822	0.10423153	0.014511947	-0.081827852	0.161767646	-0.148200673	-0.213277715	-0.044161251	-0.255012366	0.050148023	-0.14851044	-0.12114987
UMARY	1917	-0.152229955	0.003986023	0.159559491	0.264355338	-0.08687025	-0.071194106	0.117783156	-0.036273542	0.153122608	-0.476733625	-0.314543414	-0.011922942	-0.156682909	-0.221774848	0.124497266	0.00376991	-0.000591689	0.112300791	0.024400345	-0.054948526	-0.001977571	0.348672715	-0.042423119	0.001227456	-0.044444887
UMARY	1935	-0.156394862	-0.147710229	-0.141196285	-0.027406049	-0.08621486	-0.215623277	-0.18727848	-0.098364697	0.022816003	0.911440539	0.244953746	-0.13980605	0.393611665	-0.183370934	0.068059136	0.155259602	-0.027705645	0.092682224	-0.086135149	-0.046020045	-0.256550771	-0.001125086	0.026337988	-0.085390565	-0.069964054
UMARY	1936	0.080975921	0.029301187	-0.326369964	0.035793683	0.000960476	0.280795093	-0.093967229	0.099389121	0.156126462	-0.280566399	0.162286038	-0.421312656	0.226369487	0.142566748	0.287317939	0.115695837	-0.001977702	0.331063437	-0.125983675	-0.061960469	0.164028721	0.000830591	-0.264347979	-0.085593142	-0.003821393
UMARY	1939	0.10332506	-0.064826518	-0.046126943	-0.290906798	0.393000986	0.071194086	0.229110159	-0.435136835	0.575959863	-0.14250753	-0.039498809	1.326704302	0.243387346	-0.017365191	0.21308306	0.038118146	-0.58818939	-0.85782966	1.100915914	0.065431368	-0.39629897	-0.037154408	0.708675373	-0.235526566	-0.018094919
UMARY	1940	0.01018461	0.062177882	0.089110686	-0.123301198	-0.015620165	0.102627409	0.162366744	0.072310128	0.081765873	-0.105857526	-0.234452411	-0.088332195	-0.383265399	-0.173854891	0.232770337	0.15370777	-0.02934964	-0.047470347	-0.011131646	-0.095563358	-0.079823525	0.191625008	-0.111513952	0.030350714	-0.141797803
UMARY	4263	-0.090054784	0.069724736	-0.188079479	-0.122988602	0.083470809	-0.120375645	0.173373348	-0.090908626	0.092547635	-0.92911551	-0.846335929	0.117577249	-0.484445053	0.212599161	-0.263460796	-0.386046483	0.017310101	-0.250983805	0.132495044	0.090888854	-0.246189508	0.132150689	0.12022784	0.125320095	0.069254802
UMARY	4540	-0.083826051	-0.102304676	-0.008553537	-0.230609744	-0.046488682	-0.049065646	-0.266711148	-0.212562408	0.181817199	0.930257367	0.372210541	0.21871315	-0.516103514	0.17080703	-0.026164179	-0.082552069	-0.105796837	-0.039925061	0.199173229	-0.080178685	-0.427870675	0.127489835	-0.020494953	0.025240639	0.059603821
UMARY	4542	0.136462978	0.123434151	-0.112525902	-0.356708512	0.031884587	-0.092898234	0.061075043	0.112414971	0.157635008	0.692745399	0.041730983	-0.088953421	-0.193579782	-0.01490069	-0.105680483	0.069123019	-0.080346732	0.180540481	-0.237347051	0.044908374	-0.103334897	-0.488373077	0.091669528	-0.059509316	-0.060908898
UMARY	4543	-0.085028865	-0.110730223	-0.176660485	-0.039118036	-0.011141267	-0.075645451	0.177026752	-0.06477109	0.183253044	0.114350944	-0.075193846	0.002604746	0.104043495	-0.105166704	0.146130037	-0.04727109	-0.055526726	0.320891838	-0.004697982	-0.070374574	-0.063276561	0.190463569	-0.00823582	-0.073354052	-0.017561336
UMARY	4549	-0.039199617	-0.037972958	0.282465215	0.278534335	-0.078138185	-0.212997783	0.208780783	0.063091866	-0.126359531	-0.053232713	0.195626575	0.125525018	0.137848755	0.086970456	0.328593019	0.097364879	0.003849322	0.214143264	0.123111336	0.054579374	0.242291422	-0.131064841	-0.174886865	0.091968368	0.103617962
UMARY	4590	0.012790792	-0.091673067	-0.076613691	0.126788428	-0.135798684	-0.14120458	0.020761987	0.105368389	-0.009149527	-0.230429704	-0.255441971	-0.12777579	0.088366488	0.102130101	0.044373889	-0.061277657	-0.329702608	0.24332394	-0.129922227	0.079913479	0.173749907	0.415159016	0.042660257	-0.052982581	-0.026637891
UMARY	4593	0.03525781	0.005584831	0.056676457	-0.181021878	-0.039781521	0.096765289	0.028576786	-0.053724824	-0.113139635	-0.251046063	-0.104585272	0.108157551	0.073775759	0.162442979	0.048182399	0.184977827	-0.043095554	-0.067522005	-0.101523797	-0.039489168	-0.174318921	-0.21824479	0.06593299	-0.045119799	-0.026195557
UMARY	4598	-0.073264517	-0.059476719	0.125028925	-0.067823813	-0.039094235	-0.041858576	-0.045416524	-0.068686203	0.033822322	0.114613971	-0.199534789	0.144060191	0.034705438	0.088398782	0.232957998	0.369492847	-0.040630666	0.105886407	-0.012752519	-0.055115874	0.039394684	-0.140660947	0.024749	-0.067185001	-0.03566198
UMARY	4636	-0.084983653	-0.015292168	0.252410323	-0.073274596	-0.02345809	-0.08669336	-0.082305777	-0.087818075	-0.113813909	0.184470753	0.131123161	-0.064722569	0.379225096	-0.169480515	0.227601686	0.315140047	0.010055297	0.002513209	-0.106583468	-0.029288934	0.101913279	-0.156049223	0.116758634	-0.080923642	-0.011745196
UMARY	4640	-0.063063746	-0.132844591	0.06214271	-0.3997055	0.012230455	-0.079144991	-0.159851255	-0.109070597	-0.055186272	-0.333381036	0.118520707	-0.092590482	-0.001281937	0.15530571	-0.059347082	0.117355687	-0.063734554	-0.105148239	-0.034472301	0.167974379	0.024291372	-0.004148145	-0.129210723	-0.105711257	-0.149650177
UMARY	4725	-0.123025785	-0.073805756	0.222782999	-0.014935443	-0.03864447	-0.108554181	-0.143560171	-0.156055468	-0.104773215	0.333197501	0.050278414	0.233199247	0.163612479	0.019642884	0.163809216	0.149250954	-0.09679296	0.26651481	0.119980949	0.071872103	-0.089875157	0.096817356	-0.278420611	-0.044915105	-0.067294744
UMARY	4726	0.05276138	0.027322751	-0.172369197	0.078640417	0.003773567	-0.053104663	0.007372172	0.006607532	-0.088907136	-0.063344603	-0.164392101	-0.187220646	0.294320557	0.030440921	0.181127388	-0.080146207	-0.02131213	0.225731873	-0.181066344	0.04443933	0.121806631	-0.007065018	-0.110647267	0.058888453	-0.03235614
UMARY	4727	0.096715256	0.096266716	-0.304791096	-0.159070358	0.130232247	0.014836616	-0.458469438	0.079426575	0.168346524	0.85605503	0.411056614	-0.39960888	0.038084864	-0.055459798	-0.185623371	-0.177650813	0.057575116	-0.050886663	-0.283721086	-0.006344104	0.107167816	-0.046597273	-0.130401402	0.013891207	0.005201444
UMARY	4729	-0.058760713	-0.059630358	-0.067032967	-0.204875691	0.039658974	0.01341913	0.412679618	0.011455451	0.012167694	-0.065518943	-0.391140403	0.211400619	-0.412589424	-0.162313024	-0.190934007	-0.14655308	-0.008683547	-0.33225621	0.087139	-0.075393743	-0.234703486	-0.25439969	0.357122322	0.018350027	0.16680281
UMARY	4782	-0.07553019	-0.149487279	-0.168967715	-0.261786073	-0.126467019	-0.046233557	0.131276325	-0.024996665	0.11435325	0.285341315	0.053758822	-0.148130435	0.139541288	-0.211554141	0.199539202	0.122017897	-0.056865357	0.311294239	-0.039234146	-0.123308259	0.003351731	-0.024915539	0.017611131	-0.149067179	0.029934712
UMARY	4786	0.104085923	-0.034091477	-0.069930194	0.202785214	0.053762222	0.090927559	-0.27261266	0.080855731	-0.014342396	0.320152518	0.170494175	-0.08263933	0.182796853	-0.096118099	0.042721324	-0.071381101	0.048970458	-0.078487848	-0.093932752	0.115724979	0.069700421	-0.214097433	0.100016488	-0.006410755	0.124226596
UMARY	4788	-0.25479076	-0.253844958	-0.825756812	-0.258957731	-0.086131089	1.416203776	-0.216172675	-0.007529229	0.359670981	-0.536925661	-0.014243654	-0.03832391	-0.533054027	-0.078890148	-0.442780508	-0.338676486	0.000226157	-0.526331641	-0.086403283	-0.110836988	-0.075514021	-0.425094612	0.266261331	-0.287997371	-0.111403643
UMARY	4789	0.335223142	-0.116156424	-0.713924491	-0.067368126	-0.035003239	0.748544972	-0.472502361	0.260752112	0.327412384	-0.401476267	-0.268701318	-0.380804244	-1.102717101	-0.118280001	-0.293401481	-0.504248212	0.098683821	-0.442346894	-0.365728035	-0.012212102	0.017348492	-0.251233416	0.623409746	0.102892126	-0.013114328
UMARY	4841	-0.039051671	0.084946735	0.302109339	0.248620125	-0.010481367	0.072520287	0.065549408	-0.013566561	0.271727021	0.014747168	-0.055218196	0.245583899	-0.094223898	0.046518911	0.05795163	-0.121690378	-0.049718489	-0.131146355	0.337544613	-0.053879632	-0.150634048	0.443454266	-0.055691477	0.078492065	-0.082131535
UMARY	4842	0.081482511	0.096798395	0.051444186	-0.147796439	0.106121788	0.089824254	0.162673965	0.106219855	-0.121890685	-0.112204553	-0.127677782	0.466560925	-0.49704842	0.288729292	-0.495883201	-0.495778724	0.016194329	-0.245491819	0.357418881	0.039373809	-0.535110031	0.093683288	0.164583673	0.063600992	0.073006977
UMARY	4903	-0.10664896	0.036607755	0.184848046	0.228460214	-0.035588861	-0.157838055	-0.123365512	-0.012211185	-0.134100221	0.582460338	0.135635026	-0.036887826	-0.171831851	-0.135659505	0.047021572	0.010604284	0.016818605	0.157897775	0.188849439	-0.003142358	0.078781687	-0.261252903	-0.336279218	-0.035287308	-0.019506587
UMARY	4915	0.113715374	0.043989949	0.137969018	-0.129088764	0.040894251	0.104203076	0.067767913	0.080220657	-0.253549759	0.040375372	-0.004238841	0.381818078	-0.50805965	0.106191805	-0.26105679	-0.094900572	0.113474505	-0.084473523	0.317136611	0.098463172	-0.228661894	0.131469289	0.02480977	0.075603852	0.001442271
UMARY	4916	-0.003485319	-0.029337616	-0.054936111	0.202633886	-0.027949461	-0.042453997	0.036987805	-0.039920017	0.13276294	-0.620244699	0.277015047	0.166794836	-0.171940835	-0.062937059	0.269945084	-0.1630539	-0.064683948	0.156586052	0.226952176	-0.067674465	0.08176348	0.441086593	-0.178906811	0.050782329	-0.071163372
UMARY	4924	0.115637495	0.051017134	-0.590383178	0.202630047	0.13327138	0.010751978	0.612115887	0.016911766	0.167955139	-0.441445978	-0.355936942	-0.353029604	0.312601009	0.103945858	-0.467056255	-0.601001272	0.144915814	-0.284817911	-0.208085982	0.104360178	-0.101252444	0.165899079	0.48063743	0.150939377	0.245727174
UMARY	5024	0.069611096	0.0792811	-0.103545293	0.391967902	-0.019654165	0.302576961	-0.338665824	-0.028262897	0.250062376	-0.44131064	0.314422095	-0.08447414	-0.360635589	-0.006847426	0.05747788	0.092114563	0.081872899	0.089038634	-0.014726193	-0.062359982	0.302128869	0.337383102	0.283402762	-0.044824439	-0.046458028
UMARY	5028	-0.059400084	-0.115474166	-0.205990598	-0.190999306	-0.044282768	-0.112719063	-0.00614034	0.049478369	-0.229628545	-0.017751422	-0.190898482	0.095320968	0.294104187	0.152794776	0.097060826	0.115695132	-0.048463297	0.493243446	0.131702224	-0.003058317	-0.099477621	0.168097991	-0.141312548	0.002614086	-0.139467903
UMARY	5078	-0.073747412	-0.080847879	-0.010247216	0.025661472	-0.192292398	-0.131360228	-0.188808474	-0.018706913	-0.06001117	0.486646982	0.395129233	0.001476854	0.43230436	0.039288829	0.102309006	0.230967337	-0.124264572	0.146290716	-0.14579902	-0.089823257	0.098708226	0.144354853	-0.089864235	-0.13841836	-0.076958823
UMARY	5079	0.061890919	-0.033750374	0.10801466	-0.294028817	-0.043506145	-0.071553035	-0.03579252	0.006607668	0.116808874	0.596979957	0.129445717	-0.18140781	0.039021952	-0.07284067	-0.005940868	0.197685064	-0.001744936	-0.199899026	-0.193939169	-0.08358475	0.148002914	-0.08498439	-0.050650341	0.046496406	0.07422241
UMARY	5081	-0.114237435	-0.024301451	0.07987217	0.130719243	0.045990498	-0.131540073	0.109908918	-0.033308972	-0.12337716	-0.515671961	0.153266335	-0.099842921	0.156841983	-0.120863148	0.07977725	0.046354131	-0.026253026	0.237020436	-0.026964492	-0.02144035	-0.032313253	0.010197904	-0.012304439	0.002180611	-0.142727076
UMARY	5086	0.033554488	0.039372417	-0.182875548	0.030788896	-0.021506043	-0.180665196	0.194447897	0.079660051	0.046006819	-0.441108713	-0.227496743	-0.106055514	-0.065201072	-0.239962422	0.150473048	0.015486891	-0.000853652	-0.054853274	-0.125909985	0.029459901	0.099809701	-0.05502513	-0.19865941	-0.002523019	0.015423469
UMARY	5087	0.105023626	0.125355203	0.161277247	-0.124841977	0.072740055	0.017643687	0.185637499	0.166553236	-0.103420799	-0.125114131	-0.396657195	-0.293958574	0.192617151	0.138574673	-0.217483677	0.058794753	0.111134392	-0.117967407	-0.21768351	0.094622893	0.073054502	-0.303585605	0.024508785	0.054730006	0.006386918
