FID	IID	1	2	3	4	5	6	7	8	9	10	11	12	13	14	15	16	17	18	19	20	21	22	23	24	25
BLSA	745	0.389236113	0.015692614	0.469861198	1.344453005	0.026311194	0.229602812	0.375411655	-0.301295232	0.01387474	-0.353477691	0.199676118	0.025413874	0.660959739	0.150803102	1.247485109	0.935654439	-0.915226007	-0.119625153	-0.50245498	0.495860918	0.058201722	-0.706073903	0.357026753	0.217533535	-0.117021804
BLSA	827	-0.220120203	0.695551453	0.173195827	0.110201108	-0.088462823	0.154727055	0.086432083	-0.597533941	-0.284235408	-0.292163212	0.883686513	-0.010970997	0.851417373	0.347134975	1.022286007	0.816861889	-1.243540566	-0.522096029	-0.118864011	0.278360152	-0.401772451	-0.795935802	0.533577191	-0.01321632	-0.208115329
BLSA	1556	0.168123744	-0.266996912	-0.039203056	0.049598964	0.778947221	-0.080911236	0.365445582	0.257943444	0.597829969	-0.195761556	-0.449148053	0.23769556	-0.416941462	0.574967794	0.032872578	-0.243064562	-0.436264643	-0.267008188	0.032864777	0.153113368	-0.014702619	-0.047361353	-0.05780819	0.055584069	0.483595959
BLSA	1579	-0.324529018	0.164072083	-0.227490727	0.064272659	0.350919498	-0.180784954	-0.227886131	-0.265517801	0.091763859	0.322989901	-0.3313665	-0.117037676	-0.113744431	0.072834087	0.285472969	-0.150972526	-0.255377228	0.042131485	0.022176546	-0.183922259	0.082896583	0.457825864	0.003837529	0.166035074	0.428069644
BLSA	1595	-0.749805898	0.291034104	0.825418832	-0.367389074	-2.011380203	-0.270611385	-0.001549675	-0.42274311	0.501738013	-0.241596498	0.159842989	0.488973283	1.109760212	-0.381176485	-0.541527655	0.240870372	1.438990429	0.015224724	-0.289530221	0.230971042	0.224706626	-0.894168363	-0.246932893	0.515991724	0.130805165
BLSA	1603	-0.050168141	0.074180538	-0.123578144	-0.277284663	-0.466614577	-0.261112639	-0.159202023	0.234607514	-0.040207342	0.170595908	0.013485271	-0.009263467	-0.201414352	-0.354460782	-0.394341104	-0.345037212	1.377713252	0.877360429	0.318569788	-0.078240975	-0.008366835	0.559180108	-0.116525277	-0.315837318	-0.217580143
BLSA	1640	0.132667343	-0.152701556	-0.059152122	-0.209613276	0.568223339	-0.071184521	0.105929153	0.089216109	0.322022745	-0.424197132	0.062103027	0.080382597	-0.278704895	0.374672991	-0.080422156	-0.149182396	-0.498035125	-0.280073943	0.124169781	0.013563949	-0.029361645	0.042551	-0.064754192	-0.218584673	0.496687859
BLSA	1775	-0.049505194	-0.471947428	0.093313353	-0.165588423	-0.325510571	0.303696335	0.111858672	-0.621341601	-0.317313396	0.290450089	0.562188881	-0.136411457	0.222107031	-0.280745594	-0.407654753	0.448678753	-0.344897208	-0.096123631	-0.450633207	-0.236553513	-0.394768858	-0.37110545	-0.01982016	0.733892318	-0.722219487
BLSA	1802	0.105837227	-0.451244457	0.02451144	-0.194956141	-0.037408516	-0.037208068	-0.062451641	-0.057920952	-0.297874748	0.728170752	-0.16576936	-0.148169283	-0.227003696	-0.20137281	-0.156788097	-0.329387402	0.780322634	-0.067166252	0.209582546	-0.110448389	-0.259379863	0.542188629	-0.221566879	-0.111342988	0.052869278
BLSA	1805	-0.305232986	0.014012992	-0.194726953	-0.245799206	-0.431902443	-0.178957902	-0.218155973	0.017025597	-0.384639372	0.211536938	-0.312641274	-0.019859886	-0.259012258	-0.102797854	-0.697123325	-0.382845713	1.721934435	0.600615276	0.138227203	-0.172221819	0.048279287	0.536937041	-0.146147785	-0.411985369	-0.04432991
BLSA	1838	0.019494271	0.205990462	-0.033092842	0.444867832	0.264586468	-0.133372887	0.030050744	-0.419012608	0.304267867	0.243742778	-0.256626846	0.002651487	-0.028653592	-0.130994788	0.242857942	0.174919768	0.055341046	-0.267721382	0.141611862	-0.145576887	-0.092442763	0.605458339	0.004829139	0.178447207	-0.090784168
BLSA	1839	0.163531273	0.076950542	-0.159523418	0.110344903	-0.029520546	0.067841382	-0.1585714	0.350025797	-0.058713128	-0.233306251	0.060798722	-0.057248408	-0.377111322	0.034872812	-0.146375514	-0.156783102	0.413521232	0.162550788	-0.238608983	0.082111951	-0.180644927	0.05059617	-0.154394909	-0.211654371	-0.251144117
BLSA	1840	0.116514846	-0.148300138	-0.156254966	-0.250332742	-0.00880094	-0.072302667	-0.189193307	0.566760742	-0.020634348	-0.106746612	-0.325236049	-0.174743647	-0.319699056	-0.173250535	0.048169722	-0.08950328	-0.187251515	1.380792438	-0.256560755	-0.175113592	-0.000681952	0.107905681	0.085376117	-0.15947622	-0.289847289
BLSA	1883	-0.16435151	0.02067601	-0.142385184	0.245967718	0.114518781	0.11626417	-0.131586586	-0.030935431	-0.321039231	0.041140869	0.020104983	-0.201276706	0.109381536	0.297834951	0.13643009	0.153504033	-0.246891608	-0.177420241	-0.172992457	-0.074431804	-0.36406731	-0.320942676	-0.208215956	0.011365079	-0.234803966
BLSA	1889	0.106500384	-0.254647389	-0.28462726	-0.136517327	0.023811697	0.050615173	-0.162374141	-0.018031322	-0.017964799	0.220967369	-0.131509574	-0.088292276	-0.290388343	-0.254028557	-0.169550099	-0.23370924	0.139063736	0.379684763	0.069122909	-0.162401792	-0.035891913	0.004924853	-0.148428723	-0.317209508	-0.374549528
BLSA	1924	-0.026308881	0.513648778	-0.042215731	0.150965496	-0.075827992	0.021920226	-0.142839978	-0.274976293	-0.287973424	0.032416451	-0.268320742	0.115545028	0.172618834	-0.166161312	-0.473854486	0.211361029	0.106128755	-0.325873967	0.053639613	0.045912479	-0.179867984	0.224271975	0.236556973	-0.290244246	-0.161864096
BLSA	1961	0.010511927	0.063012061	0.125894582	-0.333622978	-0.233683204	0.170462953	0.014682901	0.476737308	-0.015586703	0.078453334	0.205991974	-0.07253549	-0.371243996	0.404203858	0.315220991	-0.37535086	0.805292225	0.629558047	0.124863336	0.070530803	0.24952502	-0.272448969	0.033980101	-0.245671633	0.012091587
BLSA	2000	0.03235808	-0.26024951	-0.185241226	-0.216634232	0.50599642	0.236223807	0.05278005	-0.127825642	-0.167311108	0.067080212	-0.097692229	-0.128282299	-0.182181216	-0.173866522	-0.317414997	-0.400440855	-0.337849266	-0.38749945	0.152072487	-0.101201564	0.017945326	0.016334616	0.060586452	0.187794442	0.278338538
BLSA	2020	-0.059256132	-0.161757893	0.102730021	0.12096063	0.414482736	-0.048750067	0.073055169	0.044890151	0.191255492	-0.15310023	0.068186777	-0.035944034	0.108612359	0.006676628	0.254620035	0.370836591	-0.803059709	-0.57789173	0.251755405	0.009821902	0.711699761	0.147109389	0.021659243	0.082273638	0.271275059
BLSA	2037	0.226836401	0.088304538	-0.282576567	-0.363032262	0.525168958	-0.31891847	-0.019439333	0.416945555	0.416841722	-0.144024102	-0.188311846	-0.117991621	-0.194035872	0.091822616	-0.2990129	-0.317445073	-0.55710744	-0.364959254	-0.067227094	-0.072047367	0.476223872	0.023077872	-0.119087503	-0.232633391	0.364834008
BLSA	2066	0.115484681	-0.046652108	-0.156348087	-0.039612777	-0.172268376	-0.085668922	-0.162385768	0.282749984	-0.523058953	0.081543116	0.355617108	-0.028892002	-0.193392231	0.088465513	-0.06450535	-0.091916719	0.424301117	-0.252295524	0.093820218	-0.124140588	0.061031673	-0.209242044	0.122849831	-0.172348026	-0.220239669
BLSA	2069	0.365689237	0.299645836	0.03081992	0.123501139	0.24549808	0.103153648	0.260348891	0.171632891	0.095740381	-0.159970739	-0.12225498	0.144499322	-0.143800562	-0.035262977	-0.341074662	-0.212187493	0.003317112	0.580846083	0.125726222	0.138936202	0.334200412	0.793132561	0.208469577	-0.046208726	0.452600066
BLSA	2093	-0.131258153	-0.220683471	-0.267538625	0.054089134	-0.339853024	0.192629584	-0.268842927	0.788776593	-0.496982732	0.386652942	-0.011111012	-0.021910167	0.083671369	-0.259843156	0.075540382	-0.122509742	-0.362624284	-0.352063478	-0.123659052	-0.223267572	-0.520930615	-0.109640222	-0.257115199	-0.151363239	-0.156728699
BLSA	2102	0.12775059	-0.08759115	0.508209734	-0.018839485	0.402768822	0.092646576	0.428483983	-0.560177749	0.698199902	-0.571396639	0.068306102	0.273668264	0.27879883	0.069672043	0.428689273	0.247649299	-1.077801374	-0.61094581	0.362328065	0.340385356	0.218169453	-0.384575316	0.092048759	0.748858942	0.11806104
JHU	384	-0.003162778	0.102768793	-0.123345816	0.218509	-0.354394107	0.241633688	-0.135025924	0.185335784	-0.088361469	-0.129359028	-0.027781076	0.059034141	-0.019405927	0.009890523	-0.148887409	-0.137824341	0.011393009	-0.104471771	-0.202760921	-0.030162724	0.117487094	0.251074641	-0.041876804	-0.192402851	-0.315337305
JHU	705	-0.047351563	-0.27064234	-0.189122192	-0.01904036	-0.525784715	-0.095440556	-0.129271198	0.071551367	0.178144206	0.241037494	-0.204650034	-0.143945921	-0.103468806	-0.410104127	0.017631089	-0.239634267	0.691795975	0.117367765	0.202725651	-0.170680672	0.010865276	0.600240698	-0.278901038	-0.113717722	-0.059147878
JHU	710	0.128705198	-0.005144813	0.0341614	0.146844888	-0.197198642	0.080922035	0.073316785	0.344194868	-0.256242006	0.210389081	0.327016066	0.009980133	-0.103566065	0.095639143	-0.020282232	0.182328642	-0.012985805	0.148781903	-0.186385549	0.011092146	-0.151992756	-0.119333128	-0.083341866	-0.113951038	-0.347213725
JHU	712	0.103175275	0.036900941	0.037154433	0.168932188	-0.089677738	0.177133953	0.027405316	0.083948069	0.127704436	-0.170418306	-0.290809417	0.108972047	0.161064439	-0.028212289	0.053606783	0.08192206	-0.597102572	-0.257037249	-0.08812943	0.001639028	-0.496603625	-0.48599858	-0.130771938	0.062644689	-0.256616426
JHU	713	-0.222762385	0.306838381	0.296707375	0.268405212	0.069306198	0.308510887	0.008935836	-1.029889837	0.321604127	0.408171896	0.428858405	0.012015046	0.800363043	0.185189173	0.223729796	0.545000121	-0.313445618	-0.549470354	0.669209664	0.235019023	0.307687808	-0.191215253	0.583402956	0.189160511	0.549899804
JHU	719	0.164474395	0.034611371	-0.203250416	-0.19650538	0.202131748	-0.199118716	0.014213621	0.214975472	-0.09584203	-0.121479122	-0.100195755	-0.072223137	-0.41644476	-0.063132133	-0.28969577	-0.407381988	0.435068333	0.434711743	0.076559951	0.015929741	0.824110211	0.454111214	-0.074565321	-0.217811675	0.328344928
JHU	993	-0.02940263	-0.038056259	0.11938766	-0.250361137	0.449269451	-0.249477925	0.200088071	-0.097975203	-0.105212744	-0.403390909	0.016947539	0.052733826	0.295892163	0.286469074	0.26175445	0.370072047	-0.402208809	0.087688298	-0.492869372	0.045848477	-0.45852223	-0.44680386	0.046417786	0.322872516	0.084892405
JHU	994	-0.169456036	-0.323108629	-0.00707753	-0.290537634	0.023043216	-0.18108403	-0.108683455	0.150874405	-0.107047825	0.271395413	-0.124955573	0.00269222	-0.329740543	-0.236407695	-0.100497104	-0.407379748	0.743139051	0.296756672	0.20446261	-0.157350362	-0.435805193	0.229439792	-0.200068241	0.021802808	-0.107883018
JHU	995	0.075780525	0.155832556	0.035385088	-0.046246777	0.423304589	-0.083079336	0.049020948	0.076985076	0.025253304	-0.306346519	-0.024430155	-0.029258355	-0.284693544	0.160668331	0.002640398	0.012897474	-0.555653563	-0.174327005	-0.182812605	0.048665343	0.282773414	-0.291515525	0.179704464	0.041402762	0.123061214
UMARY	142	-0.011588934	-0.217277709	0.201695571	0.023290633	-0.370782055	0.156355694	-0.014329905	-0.158699289	-0.200711043	-0.175713621	0.311956625	0.153981259	0.347640711	-0.043988209	0.258836153	0.273810107	0.128821788	-0.419152417	-0.15333803	0.06884153	-0.441839003	-0.177427029	0.059789687	0.021465996	-0.249047208
UMARY	602	0.097263	0.263668757	-0.002327466	0.335376952	0.403465355	-0.05399498	-0.014841621	-0.010783214	0.103988196	-0.287308202	0.030381894	-0.023932165	-0.2261107	-0.058536019	0.137577978	-0.022762197	-0.031372005	0.005050961	-0.120980263	-0.05459607	0.031186358	0.208121525	-0.010957552	-0.067063994	-0.135847786
UMARY	604	0.012310521	-0.04331193	0.051724289	-0.237396002	-0.137316035	-0.075533777	-0.014773503	-0.082350021	0.246844815	-0.031161803	-0.116169591	0.079497101	0.097787631	-0.268857637	-0.044027624	-0.181268275	0.170617247	0.204414712	0.188568162	-0.019748445	0.321355207	0.648298362	-0.09978842	0.005972898	0.300494937
UMARY	813	0.002405196	0.139626502	0.008652832	0.193566465	-0.035725963	-0.010123669	0.089146245	-0.028302265	-0.08669632	-0.124980098	0.116251063	-0.030381131	-0.016905032	0.261664228	-0.258291318	0.023707234	0.262763633	0.401487326	-0.25881075	0.062043522	-0.26275887	0.314343679	0.098073618	-0.210901507	-0.125818435
UMARY	819	-0.069661438	0.008744574	0.083398357	-0.096081643	-0.172832578	-0.065404157	0.042663952	0.000504341	-0.203116537	0.200445633	0.055351873	-0.016782121	0.159621618	0.039889874	-0.246333161	0.063845002	-0.847700237	-0.151394971	0.023080377	0.029200035	-0.132172157	-0.177395935	0.038488625	0.083182219	-0.000285803
UMARY	871	-0.002561353	0.060713549	0.01217937	0.176507834	-0.18876387	-0.072657437	0.050126754	0.14298094	0.025244182	-0.126124931	0.197301347	-0.060897756	-0.132074532	0.306068879	-0.20575874	0.04309768	-0.279799483	0.342278967	-0.209238597	0.024185029	-0.009599927	-0.150633126	0.183101853	-0.124624787	-0.234893955
UMARY	879	-0.053372649	-0.083566517	0.011166112	-0.146119331	-0.03153497	-0.098731543	0.017117904	-0.053979441	-0.245060904	0.088127374	0.056325632	-0.037858058	0.044327521	0.126754442	-0.180830387	-0.05668624	0.361325428	0.243222338	0.017330598	-0.062031332	-0.174161474	-0.609295014	-0.029078112	-0.13507293	-0.087278858
UMARY	880	0.166219122	-0.015390554	0.170858709	0.312229636	-0.212646161	0.52494121	0.050655842	0.164757043	0.088862872	-0.737137826	0.320828036	0.14122933	-0.191332098	0.126741182	0.324712916	0.466443775	-1.221216254	0.283649416	-0.441670977	0.198735357	-0.358646312	-1.066288164	0.125235172	0.060068053	-0.416782891
UMARY	914	0.015103487	-0.095047265	-0.022748975	-0.072934976	-0.170556815	0.24234165	-0.023231563	0.042713432	-0.330455729	-0.095365404	-0.053676266	-0.016933383	0.143349897	-0.065683972	-0.084367605	0.059830707	0.365601632	-0.180963545	0.357693598	0.049006446	-0.424162236	0.233908261	-0.136762466	-0.034009574	-0.158961708
UMARY	933	0.122278456	0.095711348	-0.213394552	0.410738568	0.282505801	0.151938379	-0.004684931	0.034351003	-0.046519603	-0.123261254	0.410253802	-0.087589615	-0.336371881	0.278036037	0.029791447	-0.072080405	-0.567771364	0.130031701	-0.167306893	-0.095944896	0.139439047	-0.2766819	0.082877937	0.002493347	0.009407977
UMARY	1028	-0.161767094	0.027999555	-0.158269908	-0.18576251	-0.180005219	0.121337133	-0.202124362	0.040201756	0.481433107	-0.098962455	-0.416851362	-0.120590499	0.197816577	-0.293700046	-0.172703476	-0.080280818	0.399144774	0.08911566	0.081977755	-0.202326649	0.122323528	0.328748597	-0.178082446	0.026225745	0.156074303
UMARY	1037	0.002134338	0.199169946	-0.079381765	0.235857622	0.270783558	0.186727968	-0.054307813	-0.163471377	0.231602407	-0.168514965	-0.41692004	-0.031083527	0.157601264	0.014883284	0.218927237	-0.178456867	0.485104363	0.141623886	0.249538605	-0.06861233	0.310362419	0.578703696	-0.047001645	-0.114993482	0.169454324
UMARY	1064	0.207856284	0.033506142	-0.139618735	0.101432665	0.338011287	0.118399145	-0.004750514	0.519060419	-0.732167705	-0.436195042	-0.191461297	-0.012625043	-0.081799989	0.112374358	-0.429596711	-0.021020721	-0.33658189	0.08238552	-0.01352149	-0.013563686	0.178114666	0.091098791	0.094913659	-0.21123414	-0.047767611
UMARY	1065	-0.007948381	0.002915409	-0.062854115	0.083142186	0.141671787	0.179840174	0.093342429	-0.278660627	0.289450157	0.052176859	0.286501395	-0.064100489	-0.370385197	-0.407497023	0.433414793	-0.003352508	-0.088078451	0.022759322	0.285269549	-0.250446855	-0.203719473	0.288429204	0.035400766	0.157767728	-0.190164463
UMARY	1076	0.04205513	-0.030615467	0.056694951	-0.155399491	0.072845785	0.024038799	0.080071828	0.049129584	-0.023929082	-0.032413815	-0.189891469	0.041752172	-0.03257289	0.054583701	0.071237856	0.074533872	0.47856223	-0.000805454	-0.027365085	-0.001317765	0.043441412	0.197930863	0.050182141	0.063524716	0.058167252
UMARY	1078	0.052109237	-0.08833049	-0.207973361	-0.211284427	-0.173793121	-0.003081331	-0.053347918	0.058921016	-0.42179652	0.165371239	0.132335066	-0.06747783	0.189608953	0.383198706	-0.255640965	0.086611011	-0.465530617	0.086165045	0.017539183	0.012626804	0.087836781	-0.291446823	-0.156253466	-0.49817673	-0.281315158
UMARY	1079	-0.151505348	-0.088003512	-0.056830021	-0.059914968	0.117986162	-0.165146009	-0.113768081	0.339117878	-0.113363757	0.056649287	-0.261667588	-0.153513659	-0.044286455	0.324956577	-0.305487224	-0.268202145	0.166798131	-0.068506669	0.013131629	-0.185232348	-0.388085317	-0.08345338	-0.136174782	-0.079114523	0.24081538
UMARY	1104	-0.077163971	-0.003087132	-0.011045325	-0.046203375	-0.087869771	-0.119869561	-0.09590456	-0.187001821	0.01411918	-0.018941109	-0.23353327	0.010625371	0.159227908	0.1069761	-0.194777098	-0.022728769	0.220400482	0.157820316	-0.149657823	0.006111318	0.227825972	-0.275481715	-0.001361119	-0.045147684	0.132190461
UMARY	1105	0.005150169	-0.027934702	0.120748962	-0.112530336	0.199433965	-0.094661519	0.163407418	-0.137529423	0.183989932	0.261201325	0.082902132	0.008994581	0.045288515	-0.146881303	0.174057963	0.070730096	-0.149716966	-0.21465714	0.052294632	0.111442529	0.00083991	-0.107865923	0.066190219	0.324959642	0.366151817
UMARY	1114	0.100192108	0.307800196	-0.023476647	-0.03387134	0.201280407	-0.013255627	0.095721199	-0.003875988	-0.298981305	-0.047321837	-0.127839603	0.001149478	-0.098655698	0.282760911	-0.160268035	-0.061374457	-0.464586565	0.418353894	-0.229579745	0.116572343	0.147697052	-0.199223706	0.143289935	-0.233875197	0.207815473
UMARY	1133	0.21570193	0.357308893	-0.017237194	0.873035833	0.438625899	0.28578126	0.114415016	-0.370120503	-0.173392694	-0.287231408	0.044289631	0.124176547	-0.378141873	0.143244415	0.121027186	-0.128116718	-0.308232671	-0.419068074	0.006590669	0.228936827	0.234289865	0.023440071	0.36977271	-0.094548145	0.046999574
UMARY	1134	0.05072735	0.004140672	-0.002891579	0.05512495	-0.234871724	0.015494085	0.107140794	0.110503018	-0.03008231	-0.093138231	0.267902598	0.012309654	-0.166653403	-0.044467956	-0.041570945	-0.021109725	-0.273692593	-0.135277309	-0.053228272	0.014064546	0.105162656	-0.773220613	0.06375026	0.038106454	0.003671419
UMARY	1136	-0.044793582	-0.059595842	-0.099680172	-0.085124081	-0.03222689	-0.129483021	-0.073135116	0.129282083	0.037657362	0.079066979	-0.114768336	-0.122620954	-0.067970282	-0.471619838	0.10970229	-0.075244701	0.025870505	-0.133781916	0.408634847	-0.04180008	0.075570113	0.24214604	-0.18529759	0.023615743	-0.005578555
UMARY	1158	0.020427389	-0.168964591	0.026799675	0.056442984	-0.037855947	0.145897562	0.018639487	-0.09586372	0.192491808	-0.048232979	0.083267911	0.027000198	0.028455846	0.023656079	0.084490541	0.107066418	-0.526315868	-0.406934846	-0.050590107	0.030157351	0.001810585	-0.395199922	0.011663689	0.194432095	-0.275828374
UMARY	1170	-0.007928937	-0.022227322	0.056631003	0.208360732	-0.053262075	0.093992368	-0.005715616	-0.395224978	-0.041888901	-0.004667974	0.408445979	0.089729565	-0.131700695	-0.137739772	0.118248828	0.171815883	0.232030771	-0.100577882	-0.036149341	-0.00113891	0.17124961	0.283321872	0.099292741	-0.007448741	-0.065668065
UMARY	1206	0.025606018	-0.12407888	0.030279344	0.100982819	0.00465433	0.170875745	0.053067296	0.389580006	-0.069296561	-0.553528333	0.260633384	0.123873984	-0.025887441	0.195545239	0.204211952	0.428717931	-0.532448527	-0.458678421	-0.129381945	-0.034257488	-0.256172841	0.011031752	0.018546588	0.001287664	-0.378383966
UMARY	1209	-0.012286538	0.18564345	0.040927683	0.17933171	-0.077404138	-0.136623431	0.066973591	-0.174569417	0.392124734	0.502057624	0.038436691	-0.0291365	0.29025599	0.117258639	-0.077716802	0.100033462	-0.282567909	-0.010596907	-0.117633611	-0.027806539	0.330184243	-0.290212435	0.04946945	-0.064796264	0.100454868
UMARY	1226	0.020558187	-0.017273577	-0.005833894	0.183267264	-0.111096915	-0.142142786	0.050937573	0.308864229	-0.721879024	-0.031788965	0.082448697	0.024731356	0.124920043	0.542972561	-0.445717585	0.064013079	-0.408188277	-0.157343767	-0.518481933	0.07566242	-0.013795967	-0.315189292	0.14169913	-0.399812665	0.317919706
UMARY	1230	0.023904966	-0.037387424	-0.023819722	0.188239866	-0.109005839	0.032988348	-0.010582601	-0.176564949	0.064493581	0.091064784	0.01341696	0.036688283	0.04860454	-0.106694144	-0.08447482	-0.022050627	0.426672114	0.181689702	0.07122861	0.064132635	0.331544676	0.444119514	0.009564568	-0.048856289	0.092719802
UMARY	1260	0.137603985	0.084550165	0.125543358	0.013816748	-0.184374847	-0.194498111	0.151117364	0.081339988	0.063637812	0.046324292	-0.165205768	0.113850012	0.092037827	-0.007886046	-0.08650879	0.032944483	0.295443842	0.058869184	-0.003968953	0.10861506	0.073473114	0.038610133	0.074943942	-0.01015243	0.058093058
UMARY	1326	-0.056808099	0.251544084	0.056297648	-0.131757356	-0.227365072	0.087098253	-0.017126012	0.054807166	0.011385762	-0.132342315	0.012035716	0.02356662	0.17000111	0.223394925	0.072113054	-0.021436884	0.471856094	0.370972199	0.053857786	0.012057252	-0.369531667	-0.109296707	-0.026784909	0.125108014	-0.070243344
UMARY	1454	0.021792707	0.160738789	-0.004521745	0.181813367	0.291014668	-0.06318442	0.002006422	-0.060526939	-0.065393848	-0.427955299	0.081154932	0.101447041	-0.147015574	0.210817196	0.028505795	0.223618762	-0.582197879	-0.235403524	-0.014457198	0.030263075	0.150654602	0.023031676	0.108320382	-0.031205588	-0.113351786
UMARY	1465	-0.13605143	-0.23156937	-0.066255134	-0.177571009	-0.124303815	-0.110579619	-0.091318303	-0.085639919	-0.278670145	-0.013283893	0.324737248	-0.062817117	0.131677348	0.032508437	0.012683295	0.129265314	0.505106934	-0.472965054	0.021128821	-0.06021395	-0.29174788	0.134811762	-0.078725618	-0.12520722	-0.15442582
UMARY	1486	-0.163865279	0.07781098	-0.063935959	-0.21496826	-0.113071508	-0.062490031	-0.140979602	-0.07080477	0.307091481	-0.052421033	-0.292983862	0.004827141	0.008621738	-0.033354851	0.048214258	0.023123086	0.272296284	0.109326182	0.09868707	-0.056034097	-0.275191564	0.21227594	-0.032830613	-0.109476961	0.07897278
UMARY	1498	-0.062648655	-0.0173793	-0.046653162	-0.081270097	-0.096514123	-0.034473915	0.020603565	0.164655745	0.120838102	0.042233873	0.0672	0.068761284	-0.08223368	-0.20075349	-0.042538171	-0.051725073	0.336436179	0.21881654	0.132767104	-0.070964407	-0.204659756	0.078802988	-0.046312081	0.100233831	-0.28800443
UMARY	1502	-0.132353664	0.103180841	-0.028885023	-0.16228074	0.378617352	-0.046747231	-0.075638815	-0.249091024	0.109947714	0.097968904	-0.271457861	-0.042903099	-0.147637796	0.047110144	-0.266261476	-0.103934894	0.301648786	0.256195101	0.010860425	-0.098421227	-0.077639295	0.364896694	-0.045837441	-0.283266587	-0.034311449
UMARY	1535	-0.052887583	-0.032960108	-0.012573711	-0.172080916	0.260047611	-0.067482128	-0.027951977	0.224970145	0.017109351	-0.169936256	-0.069692916	-0.059475327	-0.088923905	0.25741602	0.151836478	-0.012394259	0.147053036	-0.283291439	0.167205878	0.025205096	0.315223625	-0.232745615	0.084128783	0.037572339	0.015502371
UMARY	1540	-0.019829025	-0.201147947	-0.008676577	0.074823332	-0.347394418	-0.326795147	-0.01349547	0.07052723	-0.157119569	-0.382995537	-0.059584662	0.083051893	0.245291802	-0.114049533	-0.504373118	-0.299421247	0.351840795	-0.168210522	-0.441845065	-0.054252221	0.257357062	0.195807396	-0.105702132	-0.379936681	-0.08042029
UMARY	1541	0.053348274	0.010282169	0.056795786	-0.008539236	-0.058835915	-0.095948023	0.107825789	0.060871807	0.348992749	0.186351116	0.045112815	0.161695513	-0.001248471	-0.087095754	0.008847492	-0.061555188	0.244745349	0.143913148	0.116731167	0.13451208	0.097695204	-0.66060755	0.069028717	0.070174197	0.114555605
UMARY	1544	-0.081135731	-0.065291042	-0.010350839	-0.02457649	0.16329251	-0.105947645	-0.099541897	-0.004260486	0.057655387	0.613432434	-0.075335515	-0.160133163	-0.082908689	-0.133216412	0.040603819	-0.187977106	0.101879351	0.04714656	0.189567699	-0.013868296	0.130576043	-0.034615309	-0.067206648	0.277867459	0.154060228
UMARY	1545	0.047860186	0.008492402	0.022277333	-0.110033783	0.28762584	-0.056924581	-0.017144232	-0.294107744	0.834735452	0.310798145	-0.346020513	-0.01437282	-0.152724927	-0.286084925	-0.093246254	-0.198821084	0.027003352	0.374124907	0.37671565	0.159426915	0.706880284	-0.493675462	-0.109854269	0.166806037	0.575875635
UMARY	1568	-0.018393035	0.182622002	-0.078089141	0.145087264	0.307390248	0.08813598	-0.102460109	-0.006915473	0.022837726	-0.363657057	-0.250623335	-0.034685481	0.011149602	0.293143928	-0.073112595	0.040919896	0.299287159	0.107334396	-0.08323167	0.059030932	0.270022582	-0.080543186	0.049471911	-0.169646075	0.18144631
UMARY	1570	-0.003239155	0.029911343	0.092179467	-0.196880701	-0.106948166	-0.174806259	0.066881466	0.059259962	-0.045518306	-0.12878866	0.168165057	0.047097367	0.087537435	-0.003900936	-0.009116482	0.063947147	0.382087	0.034548439	-0.121924128	0.056097768	-0.147365896	0.081605256	0.071662587	0.062925361	-0.332763639
UMARY	1571	0.040299112	0.079560744	-0.162753392	-0.132438736	0.233792681	-0.137797605	-0.083079484	-0.077603828	0.2630116	0.112200991	-0.085907289	-0.033179113	-0.155500069	-0.045932881	-0.337287389	-0.040703513	0.472518107	0.769777234	0.23335174	0.082374499	0.24306304	0.394430882	-0.039154221	-0.085987962	0.332683173
UMARY	1578	-0.075428925	-0.020830358	-0.206632931	-0.280590491	0.041812319	-0.275110968	-0.135892988	-0.054090579	0.214114959	0.206916486	-0.224373007	-0.105608447	-0.161791789	-0.137679121	-0.032383385	-0.286410443	0.536299415	0.337398062	0.159382082	0.043800437	0.258558969	0.557137292	-0.046324206	0.035814281	0.23601165
UMARY	1583	-0.047351561	-0.054984827	0.08591972	-0.047870593	0.620421562	0.214230686	0.148372121	0.087858786	0.420194856	-0.356051828	0.05553355	0.155115753	-0.03236885	0.40627311	0.140121581	0.121851275	-1.107194581	-0.505958313	-0.083389016	0.144960455	-0.01050417	-0.21119631	0.14220327	0.180450027	0.027373718
UMARY	1584	0.109103952	-0.061280306	-0.050965555	-0.219447133	-0.023187311	-0.108227457	-0.094701929	-0.096973096	-0.063813519	0.520102302	0.101344654	0.063420572	-0.469138294	0.071441145	-0.403309491	-0.128620004	0.359734486	-0.026470207	-0.13416298	0.071883754	-0.047764349	0.289627859	0.032869797	-0.18197961	-0.012535889
UMARY	1611	0.014501849	-0.209733115	-0.203716225	-0.245872136	0.166923901	0.065795831	-0.185739158	0.197132511	-0.343489897	0.182652771	-0.403813603	-0.181073072	-0.188228159	-0.248082116	0.10612691	-0.10137565	0.118243878	0.247754618	0.165165737	-0.165491725	-0.274575078	0.31190075	-0.124362129	0.09805651	-0.102637282
UMARY	1612	0.21409123	-0.060500239	0.006585906	0.064501907	-0.187956839	0.259683003	-0.044978443	-0.053639215	-0.091953894	0.096385486	0.321084839	0.055552661	-0.126611761	-0.25435576	0.453110805	0.135200425	-0.203148092	0.308002709	-0.035764437	0.029999762	-0.104499639	-0.392083047	0.053904913	0.199310172	-0.327461578
UMARY	1613	0.141936739	0.008017151	-0.058295655	0.558007773	-0.231706514	0.435778576	0.044541743	0.763666026	0.159554985	-0.876715903	0.314889271	0.096842343	0.121631032	-0.201667063	0.437190854	0.442718509	-1.517937636	-0.403773258	-0.620140666	-0.17824942	-0.073642945	-0.020141968	0.232984324	-0.093966876	-0.263143204
UMARY	1614	0.016531425	-0.097309335	-0.031425794	-0.020811576	-0.263404148	0.168730656	0.035839281	0.118210169	-0.216552031	-0.422514076	0.010785354	0.095233435	-0.092995454	-0.165693911	0.118756411	0.055783678	0.056926726	-0.308034297	-0.017529298	0.018155819	-0.224094099	0.00098169	0.012164824	-0.120438974	-0.284341213
UMARY	1648	-0.018338475	-0.107007571	-0.019602677	0.014202907	-0.253325707	0.063893486	0.001280662	-0.019482437	-0.119154505	0.122267882	-0.070507244	-0.029909983	0.114433279	-0.337613948	0.13958638	-0.055597964	0.662526798	0.14061661	0.182056297	-0.000604564	-0.051314378	0.145570674	-0.098395475	-0.059592053	-0.235917243
UMARY	1652	-0.021729861	-0.246968414	0.127468331	0.314201013	-0.149346711	0.381326414	0.014163572	0.001153563	0.08767736	-1.184398685	0.173489485	0.13352725	0.099412056	0.350686119	0.218577317	0.523939671	-1.549037018	-0.655502184	-0.589107553	-0.093292751	-0.218949712	-0.281800884	0.037660542	-0.142783773	-0.223492908
UMARY	1668	0.091970318	0.121056494	0.01349957	0.004276556	0.018275227	0.122826696	0.058064991	-0.075511227	-0.190728091	-0.154764284	0.075294725	0.056408923	0.014444792	-0.062215319	-0.006409399	0.018485615	0.260903906	-0.225045165	0.023162075	0.157098305	-0.308615544	-0.300613563	0.080820454	0.164259139	-0.270039204
UMARY	1710	0.027114359	0.209885368	-0.184997375	-0.295832039	-0.18917374	0.161303778	-0.044205437	0.14664385	-0.114885456	0.104059179	0.02521785	0.028639117	0.138951206	-0.104315234	0.243462955	0.036258225	0.240007785	0.019539927	0.123888947	-0.020319735	-0.225310377	0.367660249	-0.133235312	0.200245229	-0.209678009
UMARY	1712	0.039473581	-0.04949054	0.102666548	-0.141713363	0.120535023	-0.075813625	0.066531753	-0.073654939	-0.029393319	0.005179999	0.113510893	0.1111917	0.098081077	0.020196167	0.021379383	0.017139214	-0.165795181	0.004728463	-0.1481713	0.106887132	0.225571583	-0.543391836	0.039887044	0.219929106	-0.056767286
UMARY	1713	-0.08575173	0.053464327	0.032145208	-0.283103781	0.056604622	0.017811326	-0.065910179	0.126497004	0.052804422	0.1017068	-0.032693276	-0.089919017	-0.026655835	0.038130751	0.232839026	-0.054396243	0.29374349	-0.12926365	0.289866711	0.031774781	-0.261612803	-0.40188227	-0.055257622	0.136471917	0.19140675
UMARY	1715	0.015562955	-0.119956985	0.13827008	0.134746435	0.167392816	-0.054532805	-0.001481221	0.129769795	-0.177842717	0.274616885	-0.031334341	-0.029395023	0.173087527	0.069172727	0.070929564	-0.023093162	-0.257847748	-0.069296181	-0.334390096	0.025386274	-0.243904387	-0.801241967	-0.031838986	0.090046978	0.22434709
UMARY	1792	0.059734885	0.002504318	0.094362435	-0.156778366	-0.125585829	-0.122753573	0.004432631	0.045269263	0.318691922	-0.006643456	0.054465557	-0.065550325	-0.064868954	-0.147121288	0.15662422	-0.207549384	0.407475276	0.039182176	0.380137102	0.017871807	0.047207572	0.195826042	-0.022102678	0.184785934	-0.00257371
UMARY	1795	-0.015477351	0.016210724	0.00011583	-0.038632916	-0.119757444	-0.072541723	0.001365414	0.152589016	0.225947358	0.165009541	-0.205927971	-0.022305677	-0.018588876	-0.359677037	-0.011167251	-0.249466614	0.058976059	0.01774092	0.088047567	-0.082772253	0.290767806	0.024737565	-0.058891366	0.042855298	0.158042378
UMARY	1797	0.032132681	-0.041974734	0.02729319	-0.147236033	-0.067689718	0.211566867	-0.002465565	-0.098494316	0.264954104	0.196625843	-0.192521431	-0.028842189	0.326213596	-0.262337708	-0.010722273	0.150233605	-0.148004479	0.515944779	-0.13496987	-0.001754166	-0.122177244	0.442868022	-0.152686128	0.162047705	0.19236908
UMARY	1825	-0.027136678	0.020439604	-0.038098159	0.02416308	-0.086919485	0.007597818	-0.102719199	-0.20266897	0.228742707	-0.017722519	-0.031519384	-0.067879285	0.097589215	-0.054697848	-0.152409994	-0.019900847	0.063679862	0.137181083	0.088761332	-0.046499092	0.231872223	0.779975782	-0.111955469	0.076532857	-0.064718079
UMARY	1827	0.095519247	0.029610283	-0.034587051	-0.248763669	-0.26191751	-0.184784377	-0.002699787	0.231167645	0.22747996	0.176840619	-0.017345662	-0.037226583	-0.242515603	-0.308095814	-0.106138936	-0.291391542	0.374238195	-0.058659816	0.44538253	0.017604857	0.247917283	0.639378987	-0.079574889	0.201099839	0.076943323
UMARY	1830	0.182080798	0.04102719	0.193380183	0.205574187	0.075713502	0.057034855	0.182446209	0.147061933	-0.161684505	-0.695950794	0.156235082	0.139157837	-0.037703066	0.057711714	0.103111359	0.138154625	-0.864232065	-0.354664907	-0.151334004	0.175647295	0.683452112	0.079495818	0.023117418	0.156398804	0.063513624
UMARY	1846	-0.014252511	-0.170013898	0.076214307	0.17338473	0.059698421	-0.183602834	0.017821193	-0.082829811	0.513849283	0.150348708	-0.187713944	-0.101081719	0.030566197	-0.017754258	-0.098471066	0.025903544	0.065096087	-0.248905772	-0.03541014	0.015336144	0.351558533	0.053488326	0.002761158	-0.108962588	0.069906499
UMARY	1847	0.041651051	-0.113454058	-0.052369267	-0.136519707	0.244474505	-0.097846996	-0.050492295	-0.101937201	-0.105427819	0.142108898	-0.12737667	-0.033761851	-0.163063755	-0.303303293	-0.025879005	-0.107836204	0.273910671	-0.342764657	0.356321947	0.019116019	-0.098653093	0.283471139	-0.012937543	0.105552401	0.379301411
UMARY	1849	-0.078884874	-0.116958809	-0.019768388	-0.071641554	0.059670208	-0.171040114	-0.056659479	-0.063690243	-0.361002786	-0.419782248	-0.219504973	0.063414038	-0.044700671	-0.050982289	0.039439864	-0.033578739	0.553391685	-0.333534062	0.430894954	-0.010301104	0.56557096	0.693241684	-0.06393857	-0.445414034	0.200622779
UMARY	1862	0.063413682	-0.01872967	0.01723254	-0.165107102	0.079493304	0.027463007	0.072464225	-0.123939635	0.001952438	-0.014402547	-0.001108247	0.014575097	-0.132309706	-0.498818701	-0.067804591	-0.138605073	0.071829781	-0.254203254	0.314574957	0.096328787	0.453049052	0.737437736	-0.00912151	0.247572977	0.041655314
UMARY	1865	-0.02037692	0.059134453	0.063036905	0.151009268	-0.410178757	0.020657552	-0.01481938	-0.149463057	0.074100447	0.130595274	-0.072839691	0.078611264	0.166092367	-0.134140556	0.014483572	0.084956788	0.297950401	0.152361835	-0.083104648	-0.013579033	0.295087719	0.046105376	-0.000682568	0.04686641	0.034811369
UMARY	1866	-0.134510571	-0.093539678	-0.02082711	-0.113742853	-0.268583472	0.202540439	-0.172831406	0.095670863	-0.131936969	0.043839317	0.124573551	-0.056118952	-0.037915277	-0.037987334	0.222347268	-0.125704087	0.531400547	0.070878967	0.181504849	-0.085380946	-0.472120004	0.049459986	-0.03777469	0.170483588	0.064220273
UMARY	1867	-0.066273284	0.07164767	0.005108379	0.225429434	-0.236641931	-0.109946951	-0.038442432	0.043532547	0.043235694	0.037888531	0.169464728	-0.017798933	0.10152717	0.066984004	-0.002701244	-0.059299668	0.680921364	0.214392325	-0.11537999	-0.037020992	0.026511763	0.213682586	-0.085874925	-0.103455295	-0.190525142
UMARY	1902	-0.063869023	0.156906494	0.058554586	-0.033223112	-0.495695079	-0.102035164	0.055493029	-0.083651107	-0.016374585	0.60065215	-0.183065612	0.018775624	0.2813084	-0.3131413	-0.083672987	0.09147943	-0.150197562	0.491331338	-0.103343896	0.052515532	-0.050256041	0.275528512	0.037829099	-0.046622973	-0.1288112
UMARY	1903	0.004882954	0.278538301	0.168568528	-0.028399095	-0.282451572	-0.0365501	0.038670758	0.046221414	0.049144037	0.241146676	0.05466215	0.067214072	0.007642003	-0.201828836	0.154615962	-0.213376414	0.554470967	0.549639295	0.188225708	-0.005136802	-0.370763297	0.153416104	-0.006905276	0.119973921	0.122922772
UMARY	1907	-0.114232483	0.04165317	-0.091136335	0.10216143	-0.042413493	-0.079892798	-0.150068189	-0.151124928	-0.154798461	-0.250380001	0.012466077	-0.142939359	-0.155824491	-0.121506544	0.083894474	-0.170861257	0.181762715	0.194451666	0.085208134	-0.179226231	0.404924756	0.220275916	-0.136368146	-0.101125313	-0.343190593
UMARY	1917	0.019165907	-0.033645199	-0.022308716	-0.169900199	-0.230457089	0.162769307	-0.132877458	0.23079402	-0.206996614	0.512107203	-0.001625149	-0.003184073	0.13924238	-0.185220732	0.100671575	0.008971615	0.48200262	0.120138324	0.27154885	-0.050531016	-0.281970955	0.189694891	-0.113009149	0.060670424	0.084876156
UMARY	1935	-0.113542704	-0.109006712	-0.178471686	0.35174159	0.003504942	0.194239691	-0.104236471	-0.05613978	0.071091078	-0.119714196	0.172153786	-0.05586511	-0.072912095	0.38792626	-0.03054671	-0.049916257	0.132720765	0.058369362	-0.234914516	-0.107212761	0.208797195	-0.0244175	-0.020314891	-0.217838778	0.283515168
UMARY	1936	-0.008693041	0.084231922	0.144430102	-0.23685254	-0.092422596	-0.161586643	0.047823773	-0.087237247	-0.199524717	0.206300384	0.090774731	-0.174318302	-0.324304041	0.066642227	0.031445837	-0.310685439	-0.057524617	0.272366378	0.104756341	-0.026097397	-0.140818112	-0.0219317	0.041249836	0.060181117	0.144356262
UMARY	1939	-0.192416844	-0.200376783	0.575721047	0.144588027	0.265453247	-0.65233366	0.733813509	-0.466607343	-0.460757408	0.958965223	0.034275713	-0.06770239	1.130266242	0.544690636	-0.371434371	0.401962227	-1.076978813	-1.054918269	0.140431692	-0.029252405	-0.415750701	-0.799687175	0.052363254	0.443942838	-0.07655695
UMARY	1940	0.005971649	-0.051648027	-0.091448146	-0.174000152	-0.431827583	-0.050221018	-0.074149209	0.196858845	-0.323736345	0.151505733	0.021481379	0.03418247	0.024373534	-0.193497104	-0.378483355	-0.097208601	0.276046084	-0.245436448	0.191853725	0.084620708	-0.396869332	0.145100736	-0.035976957	-0.058920887	-0.178276034
UMARY	4263	0.022070701	-0.223420659	0.023387709	0.085580015	-0.152437195	0.457886512	0.019095003	-0.061402396	0.499070413	0.005686537	0.036267851	-0.08684964	0.128623587	0.118656694	0.14108302	0.144568811	-0.437996446	-0.020776848	-0.085538752	-0.031043891	0.106146923	-0.464393364	-0.140332243	-0.003755102	0.055069555
UMARY	4540	-0.183497821	0.218142001	0.006047183	0.484864648	-0.127294431	0.145579071	-0.060456215	-0.604904646	-0.222206907	0.191485069	0.09344212	0.018702578	0.208630719	-0.000334235	-0.062377926	0.258215451	0.011585773	0.65329465	-0.230505766	-0.091459472	-0.231714755	-0.556063937	-0.015772655	-0.092504935	-0.1820451
UMARY	4542	0.053892826	0.05292699	-0.089078698	-0.069754359	0.006719577	-0.01105872	-0.005111024	0.159123231	0.062299015	0.260606333	0.050383035	0.123849376	-0.14435726	-0.037644008	0.027225088	-0.086685581	-0.572820602	0.202008543	-0.19741089	0.041722452	0.012521314	-0.421187471	0.044738251	0.182208618	0.057017806
UMARY	4543	-0.097155548	-0.024416267	0.004914756	-0.153676081	0.029987105	0.119394473	-0.076728897	-0.176629125	-0.149857793	0.389025881	-0.183723788	0.062703709	-0.085928902	0.066039948	0.061044618	-0.144658504	0.439682241	0.07859118	-0.099142212	-0.116968044	-0.377250506	0.376169332	-0.105953737	0.176877077	0.213419828
UMARY	4549	0.044278026	0.229238229	0.152123945	-0.226980826	-0.397468211	-0.108404369	-0.015718065	-0.02942274	0.354286338	0.033039922	-0.119035922	0.018300418	0.094159887	-0.137537463	0.241358121	-0.102640337	0.615413163	0.046918113	0.277396917	0.004191571	-0.243229483	0.190636795	-0.053806168	0.093814001	-0.145901984
UMARY	4590	0.147565157	-0.19684993	-0.140238806	-0.062613579	0.143586279	-0.098749913	-0.015485983	0.098525164	0.518695979	0.444494871	-0.14246331	-0.174016393	-0.194333355	-0.169317178	-0.031192357	-0.034332083	0.13890979	-0.003861817	0.233466908	-0.059998003	0.412875227	0.855912872	0.098687579	0.047941299	0.192239157
UMARY	4593	-0.005600457	-0.046350771	0.024035726	0.063098599	-0.004657665	0.024863709	-0.005308095	0.023411125	-0.161776028	-0.332643164	0.039524964	0.038214742	-0.026184302	0.08636465	-0.023959837	0.152571839	0.021323932	-0.263087137	-0.036060693	0.089755442	-0.230421175	0.006466193	0.044637648	-0.232413823	-0.003872562
UMARY	4598	-0.037005641	0.120425741	-0.069817889	-0.121089197	-0.152168373	0.081173189	-0.048515208	0.208301887	-0.02758577	-0.24397124	-0.049074404	0.035585096	-0.035712384	0.061571513	-0.106362284	-0.101222871	0.100794987	0.237382883	-0.112097873	-0.04010795	-0.046698518	-0.157217976	-0.084576492	0.019669821	0.012875897
UMARY	4636	-0.075297509	-0.00936634	-0.053583682	-0.064352134	-0.124268448	0.09697167	-0.082307916	0.225340332	0.008498416	-0.316697048	0.160253384	-0.020867133	-0.086506114	0.109757448	0.074533935	-0.112847839	0.284247842	0.603759285	-0.203128965	-0.050377786	0.071374628	-0.045765959	0.042412031	-0.005279944	0.188986245
UMARY	4640	-0.137678452	0.089527737	-0.172263264	0.006468581	0.014355201	-0.13143236	-0.051307437	0.248426615	-0.262133279	0.029513196	-0.170718782	-0.166451328	-0.126616878	0.135491049	-0.289432623	-0.00774785	0.416507103	0.124528749	-0.162066715	-0.157402399	-0.31237007	-0.155198014	0.01309467	-0.281192087	-0.190425315
UMARY	4725	-0.072729197	0.066142294	-0.051405066	0.147258834	-0.016149289	-0.231761803	-0.024909148	-0.148375803	0.013613832	0.122795784	-0.281008806	-0.080123969	0.085331847	0.15125666	0.083357502	0.151494352	0.444616239	0.456512869	-0.030145198	-0.09697578	0.021752262	0.037999829	-0.039053992	0.092431215	0.041513103
UMARY	4726	-0.00709224	0.040270119	0.080486557	-0.145332118	0.077030461	-0.146085613	-0.011806718	0.140503078	0.1534131	0.152245695	-0.015868997	0.004736216	-0.070589423	-0.034869103	0.059490637	-0.139242651	0.046140078	0.404979572	0.404407504	0.060199495	0.430551676	-0.102139212	-0.044824052	0.125885321	0.184192587
UMARY	4727	0.133091923	-0.079753033	-0.075899329	0.420944142	0.668812604	0.056513833	0.044739547	-0.340291796	-0.165959695	-0.079241684	0.119871642	-0.012857525	-0.373278742	0.057123955	-0.010266414	-0.072680371	-0.056898048	-0.264145772	-0.158685473	0.079242758	0.348036881	0.403441842	0.111067114	-0.162641559	0.305677785
UMARY	4729	0.005926766	-0.016542934	0.108382993	0.151081173	0.023253159	-0.105494773	0.088133137	-0.23945792	-0.151518372	0.028064421	-0.130229916	-0.000148609	0.255751192	0.114916249	0.067406038	0.37319497	-0.345181217	-0.085498683	-0.216297159	-0.049942949	0.260505554	-0.127781911	-0.117394563	0.158884768	-0.212654191
UMARY	4782	-0.158844191	-0.0122052	-0.019655197	-0.103701432	0.003215689	-0.192775517	-0.012804286	-0.006333597	0.263100782	0.146701362	-0.085458467	-0.170010863	-0.060980084	0.122880944	0.031589999	-0.014141491	0.247547716	-0.255762477	-0.001148467	-0.171630242	-0.089219216	-0.073877165	-0.072777287	0.112112494	0.111220454
UMARY	4786	0.071888183	-0.046014713	-0.001641685	-0.108697733	0.027410465	-0.015558195	0.056572505	0.07628392	-0.103054972	-0.24004112	0.14505191	0.084457154	-0.08289619	0.117277688	-0.186737356	-0.072397831	0.458875077	-0.13881936	-0.089080579	0.121257607	0.202371555	0.339042589	0.16757818	-0.270939949	0.173568843
UMARY	4788	-0.299154025	-0.216990844	-0.057688551	-0.336499599	1.223914768	-0.180441955	-0.011819697	-0.128153486	-0.496952176	-0.242173938	0.057653416	-0.143430681	0.032771238	0.490135611	0.08720902	0.013858465	-0.670228993	-0.53104235	-0.419463736	-0.008644033	-0.362029479	-0.970201405	0.031555489	-0.473709644	-0.362556422
UMARY	4789	0.192291613	-0.267552936	-0.183670579	-0.356138331	1.045254574	-0.4635711	0.073994525	-0.050231489	-0.864217608	0.41738672	0.112532373	0.003153591	-0.298653978	0.460813244	0.222078059	0.121817852	-0.358145672	-0.846880601	-0.1105372	0.05359684	-0.177802814	-0.253572936	-0.039455995	0.011668962	0.004146804
UMARY	4841	0.018594543	0.048293822	-0.083791209	0.053220918	-0.270140557	0.071558579	-0.062650421	-0.001971413	-0.521061438	0.194876043	-0.129397849	0.04167233	0.183909561	-0.523084244	0.208082167	-0.054246315	0.158236192	0.025385114	0.079193066	0.001363779	-0.342170283	0.466569198	-0.096143584	0.021725255	-0.190227733
UMARY	4842	0.03195634	-0.12432537	0.120807022	0.295339753	-0.175589534	0.122821399	0.121618698	-0.12250041	-0.058915892	-0.882480947	0.319599325	0.08779736	0.460171518	0.020981116	0.074705714	0.506271319	-0.507467504	-0.52566893	-0.120513276	-0.014967265	-0.248196308	-0.110588578	0.138490742	-0.220558072	-0.29008737
UMARY	4903	-0.016952566	-0.021569406	0.016168202	0.025732528	-0.019513867	-0.130835568	-0.01392408	-0.124612351	0.245397631	-0.17731219	-0.170118301	0.027645819	-0.062501004	0.070391935	0.230449974	-0.203799033	-0.086967458	0.012523075	0.279131889	-0.082921553	0.21040837	0.753799964	-0.122230481	0.173042935	0.090706414
UMARY	4915	0.053284759	0.205884877	0.13706009	0.181409405	-0.455190179	-0.028442652	0.065501283	0.095027072	-0.328973842	-0.133627503	0.024157434	0.066701356	0.228785842	-0.370982572	-0.265257885	0.220578875	-0.115668398	0.128819828	-0.308781428	0.127260295	-0.300278806	-0.560577158	0.059429037	-0.100567773	-0.115193127
UMARY	4916	-0.006099055	0.050284353	0.008350883	-0.072186433	-0.19697873	0.075719507	-0.117875415	0.063999576	0.046899136	0.365918097	0.041118951	-0.050685076	0.214220637	-0.322232485	-0.066226527	-0.065520692	-0.055019213	0.097499862	0.013896035	-0.063840488	0.028464007	-0.125170083	0.005460871	0.048963997	0.100877242
UMARY	4924	0.143593719	0.000684226	0.237469693	-0.175267423	0.184545465	0.054863348	0.09482103	0.019671825	0.611900086	0.256975156	-0.003270001	0.168249345	0.124200423	0.061337581	0.130207149	0.065668699	-0.875676291	-0.442589511	0.269902959	0.121128934	0.524679079	-0.616111191	0.111111787	0.384530295	0.171228988
UMARY	5024	0.012760628	-0.499492153	-0.057081552	-0.40279646	0.325497725	0.193765556	0.018586611	-0.588261818	0.362588676	1.123537968	0.141352987	-0.010034661	-0.051212964	-0.108809644	-0.483090327	-0.19669214	-0.136298963	0.067772307	-0.007024043	0.095042346	-0.512284003	-0.143979808	-0.071641435	0.179734622	0.014060503
UMARY	5028	-0.096877141	0.111756108	0.020759405	0.07288358	-0.188837648	0.177478284	-0.06638378	0.236395224	0.261439425	-0.115798705	-0.195211156	0.06232489	0.108289967	0.217366552	-0.127011067	0.006151252	0.195922797	0.301734392	-0.232020478	-0.065380228	-0.534289947	-0.238483276	0.025596024	0.021770445	0.397735702
UMARY	5078	-0.065299785	0.062877699	-0.132242157	0.00763102	-0.126324883	-0.072621917	-0.126463201	-0.093158637	-0.121592599	0.229967217	0.12325291	-0.064789568	-0.140198383	0.104115965	-0.054656253	-0.14418737	0.435767717	0.316863187	0.008338285	-0.134406731	0.20184088	0.408716352	-0.023248329	-0.084688214	-0.239907844
UMARY	5079	0.001585132	0.178569558	-0.050388409	0.049301738	0.162263389	-0.032105638	0.02984464	0.148019468	-0.045198147	0.136395951	0.255330466	0.002015621	-0.162703864	0.271138035	0.086355352	-0.101899262	-0.04265657	-0.000876368	-0.065138616	-0.024046701	0.174828852	-0.033386711	0.018995349	-0.007047609	0.063636536
UMARY	5081	-0.053387633	0.096192515	-0.021538731	-0.124167158	-0.080157989	-0.002460091	-0.085503552	0.122399569	0.472893707	-0.025847579	-0.215835983	-0.035491962	-0.052406363	-0.210213386	0.105685889	-0.077525802	0.145703246	-0.034112447	0.242723115	-0.028562218	-0.052977909	0.129059338	-0.052470645	0.094024847	-0.027851577
UMARY	5086	0.043369645	-0.063752572	0.083215355	-0.04287864	-0.045955431	0.092870996	0.05709771	-0.09941352	0.261572615	0.132624576	0.075556591	-0.034501527	-0.145654265	-0.154502971	0.308356316	-0.077080175	-0.27041565	-0.1945634	0.020517889	0.056202598	-0.21045637	-0.122062874	0.09630656	-0.001653449	-0.131495364
UMARY	5087	0.104831599	0.055266813	-0.003919375	0.031917015	0.351267602	-0.02388931	0.089691882	0.350279367	-0.161652217	-0.392387587	-0.140412793	0.105820567	-0.218279956	0.305773589	0.110136439	-0.088379069	-0.633112451	-0.0899391	-0.165635856	0.11472236	0.294421149	-0.405146926	0.05253934	-0.010013517	0.102132195
