FID	IID	1	2	3	4	5	6	7	8	9	10	11	12	13	14	15	16	17	18	19	20	21	22	23	24	25
BLSA	745	0.628091102	0.152072294	0.556830315	-0.220309249	0.358143568	-0.181685446	0.021171932	0.674972619	-1.150401257	0.101842934	-1.159967087	-0.691038831	0.476225463	0.374989039	-0.010356249	0.30777842	0.029698107	0.414912966	0.831778045	0.193440159	0.000135644	-0.886796238	0.568126716	-0.24051731	0.456460119
BLSA	827	-0.420359258	0.271042345	0.067751375	-0.13082115	0.974366053	-0.320283964	-0.056694379	1.890262653	0.414426893	0.123920368	-0.093879788	-1.362168517	0.120025056	0.259190357	-0.105050205	0.362812454	0.177616601	0.353068548	0.014852683	-0.048566317	0.130205265	0.469526456	0.021650411	-0.216961814	0.165775004
BLSA	1556	-0.204611898	0.088083226	0.131553704	-0.109058327	-0.065252092	-0.058483967	0.104882119	0.186120139	0.665856311	0.046461283	0.632624709	0.498683168	-0.263469494	0.22485327	0.171519896	-0.304608943	0.088818497	0.232073613	0.387820451	0.14565216	-0.161196221	0.161693156	0.411280697	-0.224050422	0.128249325
BLSA	1579	-0.122881753	-0.344131294	-0.406595602	-0.162717048	-0.028208452	-0.425052435	-0.315496331	0.72441345	0.159481387	-0.227913663	0.594515596	-0.277247394	-0.210031613	-0.260928816	-0.169421839	-0.49310037	-0.241459744	-0.270568556	-0.219508653	-0.338586222	-0.272958083	0.435748634	-0.215901263	-0.170493351	-0.294697381
BLSA	1595	-0.155381663	0.459027534	0.430142852	-0.765794725	0.35144141	-1.17643877	-0.92479322	-0.089101982	-0.371878495	0.064456008	-0.204269518	-0.490806353	0.187523441	-2.050502639	-0.763547268	0.743368783	0.986142989	0.826684049	-1.054944874	0.021732972	0.50177984	-0.443631879	-0.29525421	0.620890697	0.606716917
BLSA	1603	0.732062973	-0.201814423	-0.078662331	0.367497361	-0.309136116	0.260146351	0.158252232	-1.35906675	-0.657116157	-0.018896571	-0.258116004	0.502595173	-0.000833509	-0.120455119	-0.058341749	-0.067213674	0.052044212	-0.108625879	-0.045618789	0.047243766	-0.140981213	-0.397603421	-0.187013416	0.210130083	-0.095570019
BLSA	1640	-0.524718663	0.037445049	-0.004579414	-0.290042149	-0.189050233	0.131213822	0.057217846	0.617120174	0.409737277	-0.005099316	1.008234799	0.192776013	-0.009606098	0.055873391	-0.011288485	0.151978671	0.042797273	0.020485074	-0.17419128	0.208579953	0.157597431	-0.221339714	-0.012109108	-0.10345257	0.146459712
BLSA	1775	-0.123469145	0.083782089	-0.011423346	0.567702342	-0.170700815	-0.63749722	0.134468495	-0.444270492	0.061780815	-0.192844343	-1.040027896	-0.2813739	-0.398513112	-0.131684965	-0.259115942	0.192322301	-0.393862631	0.097105867	-0.227692863	-0.22960807	-0.042995044	0.572362011	0.212335252	-0.37760511	-0.031761044
BLSA	1802	0.46964253	-0.219856566	-0.106915426	0.190737557	-0.356276791	0.227858804	0.152612847	-0.749911508	-0.339825562	-0.056481098	-0.42825701	0.641200594	0.001103257	0.127680457	0.063002635	-0.253577621	-0.238331309	-0.297912987	0.039069556	0.09686847	-0.141314978	0.228669856	-0.034828442	0.010139066	-0.225179442
BLSA	1805	1.370454482	-0.207369716	-0.085008112	0.303395185	0.031753095	-0.042469993	-0.08809927	-1.232005405	-0.532299178	-0.05940033	-0.228791431	0.32795517	-0.097119836	-0.132152949	-0.173454785	-0.231866881	-0.001424951	-0.273945607	-0.258354123	-0.103630187	-0.160469592	-0.239733855	-0.269285686	0.206124401	-0.186526164
BLSA	1838	0.167360645	0.026368063	-0.110440119	0.061477348	-0.244685542	-0.028451289	-0.069336384	0.095237019	-0.136877872	-0.20101179	0.019083745	-0.163718385	-0.027041405	0.135909987	-0.088515144	0.022085813	-0.055590256	-0.120120493	-0.017479367	-0.064782807	-0.105747881	0.14449172	-0.120017224	-0.030403931	-0.176761038
BLSA	1839	0.052926278	-0.1943516	-0.069639741	0.280581724	-0.043513728	0.159138965	0.095062892	-0.686227972	-0.656269532	0.067760577	-0.081188329	0.373574838	0.03187623	0.341495204	-0.000688398	-0.055975959	-0.206829561	-0.326739467	0.112734481	0.044104814	-0.07585298	-0.675136871	0.028084198	0.175083477	-0.1549606
BLSA	1840	0.031862497	-0.150417632	-0.120075204	0.185388989	-0.251438229	0.351045387	0.047611816	-0.165225265	-0.301048559	0.114016467	-0.007419285	0.330020482	-0.140299494	0.078645889	0.214970816	-0.213201798	-0.095532578	-0.216546486	0.087200443	-0.016332365	-0.024695021	-0.291919622	0.101304749	-0.144212687	-0.027982764
BLSA	1883	-0.388849626	-0.075671338	-0.155410386	-0.009557263	-0.060532139	-0.27589455	0.128206991	-0.222273928	0.132815951	-0.244632309	0.010284536	-0.049907019	-0.05230291	-0.089659863	-0.055958771	-0.114601678	-0.135150846	-0.143650315	-0.100805341	-0.067706951	-0.088596191	0.126183751	-0.148080507	-0.162549561	-0.06926416
BLSA	1889	0.209918758	-0.235085426	-0.102288039	0.282214004	-0.248013721	0.215818339	0.237302256	-0.691562141	-0.190634733	-0.018178694	-0.251242109	-0.008933612	-0.066781688	0.125460424	0.243729524	-0.019647755	-0.214378484	-0.192527864	0.026249997	-0.124346373	-0.033231044	-0.060675784	-0.013729805	0.034830005	-0.225342518
BLSA	1924	-0.52036383	-0.037588023	-0.162044912	-0.31256234	0.011224508	0.211596734	-0.259761679	0.677814958	0.062447112	0.133464277	0.53696917	-0.582848073	-0.02037707	-0.169409977	-0.302796346	0.01163729	-0.018236354	0.018729677	-0.070451792	0.051331231	0.089520032	0.215581581	-0.23353717	0.03750778	0.010954855
BLSA	1961	-0.058230382	-0.027605754	-0.031534534	0.181937769	-0.060871365	0.276386691	0.081763905	-0.928596199	0.225056614	0.028340716	0.303906914	0.344149088	0.079476331	0.072246007	0.261032105	-0.036710058	0.121892274	-0.150754147	0.10625571	0.153146466	0.022662699	-0.070658318	-0.216348214	0.215615604	0.005769452
BLSA	2000	0.095422458	0.03817495	0.061442189	0.500723229	0.407909535	0.066202983	0.363052534	-0.258335947	0.305655346	-0.002583522	-0.026266139	0.552351622	-0.062554919	0.197296046	0.135402082	-0.067250969	-0.090743642	-0.196431484	0.114667414	-0.018435501	-0.173267109	0.133531795	-0.114996572	0.077346147	-0.126842329
BLSA	2020	-0.205544531	0.210861375	0.044750361	-0.430204476	-0.040490428	0.525286599	-0.096452391	0.860507388	0.3634921	-0.001676553	0.287944804	-0.498371795	-0.070191669	0.192414782	-0.181691627	0.021834059	-0.077754677	0.207146694	0.131304103	-0.076249998	0.007865837	0.348372941	0.167638006	-0.158038131	0.034510826
BLSA	2037	-0.317320807	-0.011282379	-0.080289259	-0.078791972	0.18272621	0.755367404	0.146982248	0.91940087	0.334596846	0.067972659	0.553938242	0.173040305	0.031152886	0.043872479	0.308199842	-0.025847993	0.014278295	-0.101241369	-0.178638374	0.025621177	0.163373631	0.450768777	0.090295157	0.213010548	-0.237728076
BLSA	2066	-0.202800645	-0.117168081	-0.093496746	0.041368513	0.003556845	-0.309255402	0.017617956	-0.504940889	-0.008619256	-0.016664823	-0.331183777	0.129789954	-0.06051809	-0.069888033	0.072046441	0.017168862	-0.149365538	-0.171536633	-0.032838274	-0.055821625	-0.016799316	0.085697543	-0.068243305	-0.083284681	-0.045581128
BLSA	2069	0.550414455	-0.101006852	0.022625182	-0.097055422	-0.427071173	0.623456865	0.000926962	0.335452433	0.122907409	0.124614087	0.47376816	0.048285024	0.402631685	0.527104119	0.294780018	-0.138405248	0.011098803	0.046492824	0.292168727	0.163883519	0.180849799	-0.226803062	0.065192004	0.101211834	0.116661908
BLSA	2093	-0.396729646	-0.111343485	-0.066185973	0.097091174	-0.071494512	-0.213532796	-0.045206923	0.078513466	0.144252625	0.104917634	-0.038186725	-0.341362744	0.030540429	0.218559467	-0.001579679	0.079083717	0.01481651	-0.186156756	-0.150038721	-0.097002453	-0.131531981	0.297381479	-0.164445885	-0.155863094	-0.120219142
BLSA	2102	-0.666894332	0.667835642	0.369493167	-0.453201072	0.245614111	-0.134473112	0.108707544	0.27170331	0.942463916	0.067616003	-0.272475577	0.633355193	0.119086128	0.049091441	0.417123128	0.111938577	0.379457009	0.540058729	0.386460841	0.089464179	0.315646477	-0.155710937	0.427883616	0.165543019	0.346857689
JHU	384	0.205398453	-0.009285369	0.058887879	0.13354106	-0.136367803	-0.167559757	0.053240169	-0.478438159	-0.533655525	0.086132761	-0.000743907	-0.317369249	0.014192278	0.100368328	0.163497747	-0.133911823	-0.120493652	-0.032932992	-0.196315705	-0.079406465	-0.038440725	-0.361982165	-0.031517725	0.087029483	-0.164251898
JHU	705	0.643149291	-0.166168661	0.0750632	0.380355733	-0.357241567	0.205937162	0.050651333	-0.859400779	-0.610115578	-0.110881643	-0.117810427	0.502255913	0.009382549	-0.001076992	0.063379584	-0.126022145	0.001542327	-0.146578295	-0.259420237	0.022739707	-0.150363709	-0.460917725	0.004078604	0.014238161	-0.169427498
JHU	710	-0.14459826	0.051660253	0.012690053	0.074227725	-0.070535716	0.134173683	0.052412988	-0.201770737	0.288597951	0.043328904	-0.000944178	-0.23632577	0.202095275	-0.145772514	0.053968968	0.073234362	0.094504464	-0.006476939	-0.025652204	0.05519588	0.042913436	0.008736707	-0.010023517	0.039145971	0.07823571
JHU	712	-0.474864084	-0.018041935	0.04558938	-0.019249986	-0.247355211	-0.080588904	0.017925015	0.454886719	0.133798458	-0.051478489	0.188069502	-0.964572751	0.149305101	0.137306184	-0.059189317	0.089922014	0.068578565	-0.052820729	-0.058273725	0.002167599	0.103830875	-0.026551707	0.010288368	-0.025340375	0.00410086
JHU	713	0.316877774	0.44920064	-0.046420774	-0.206270242	0.801333789	-0.139295484	-0.186574832	1.874066088	0.694425249	0.125589443	-0.077172343	0.120349102	-0.273040067	-0.107265393	-0.045969434	0.201631268	-0.387431496	0.345213556	0.312538284	0.002158973	0.297477371	1.065224242	0.307176929	-0.5167125	0.176466725
JHU	719	0.269916467	-0.164194775	0.007487704	0.052310504	-0.27740827	0.205690002	-0.064615283	-0.990174698	-0.280433865	0.039735478	0.200853275	0.699865908	0.223053305	-0.106476187	0.091886909	-0.010751791	0.070274047	-0.089673878	-0.086594343	-0.035262166	0.036955954	0.004428619	-0.113101127	0.17091599	-0.080131322
JHU	993	-0.566147668	0.005908264	-0.195556688	-0.368049943	0.315344403	-0.238846645	0.024308599	0.74721521	0.197154721	-0.16668003	-0.429327734	-0.502877647	-0.59552784	0.232860958	-0.238543245	-0.073589249	0.164603287	0.091641437	0.491817315	-0.043745044	-0.235829108	0.024272399	0.030671817	-0.000683631	0.168424527
JHU	994	0.369322335	-0.135164899	-0.055183082	0.249115218	0.064027929	0.041453568	0.063442658	-0.512903616	-0.176881148	-0.06097097	-0.081146141	0.617425612	0.062936495	-0.092022939	-0.086483936	-0.085936863	-0.038378132	-0.164557482	-0.177278484	-0.120861509	-0.129268558	-0.09411786	-0.19419527	0.093438596	-0.134444777
JHU	995	-0.619054308	-0.013913518	0.097442329	-0.295980069	-0.091797553	0.039036376	-0.010790646	-0.033480027	0.287109736	0.095224545	0.318221953	0.081248882	0.207602904	-0.017921446	0.057452724	0.065424227	0.146800591	0.056185321	-0.0008209	0.197013025	0.072724465	-0.15909251	-0.003378078	0.137968305	0.121027673
UMARY	142	-0.63094056	0.117868869	-0.01569167	-0.164026035	0.085818686	-0.359140536	-0.115173239	0.266515215	-0.084972815	0.02964175	-0.192404623	-0.505837189	-0.094102616	0.022363694	-0.119715214	0.063661351	0.013452996	0.180857454	0.093771801	0.020327818	0.169663889	-0.165681129	0.074506378	-0.168059848	0.08040552
UMARY	602	0.00978853	-0.043897681	-0.069299812	0.124125636	-0.303829385	0.10848728	0.105806139	-0.032398712	-0.274849429	-0.027246536	-0.126506407	-0.039698683	0.056609579	0.188185413	0.04239775	0.002060428	-0.082988492	-0.14872958	0.147722319	0.007115419	0.028446534	-0.230014143	0.021701989	-0.054722618	-0.053122442
UMARY	604	0.216719968	-0.045859308	0.062444101	-0.101375098	-0.038552921	-0.195534534	-0.095573469	-0.158223002	0.173386082	0.043203042	0.144923681	0.290406147	-0.020263039	-0.012389118	-0.007547552	0.136505345	0.041598467	0.03765803	0.078329306	0.11871933	-0.007468749	-0.121030149	-0.045360545	0.169720348	0.036486113
UMARY	813	0.179728201	0.01067874	0.068956917	-0.11826615	0.202582793	-0.205878977	-0.062759917	-0.139567328	-0.285616902	-0.043387672	-0.020775185	-0.125230164	0.088490488	0.020232223	-0.087503135	0.004558165	0.053113954	0.007032317	0.084485594	0.017270374	0.051034859	-0.142379151	-0.104494157	0.005592847	0.030730582
UMARY	819	0.129382023	0.025885849	0.035479012	0.172678224	-0.277915782	0.094116905	0.041213945	0.055142666	0.16520981	-0.067602008	-0.111203461	0.201051339	-0.083223765	-0.044041312	0.037101293	0.000277264	-0.008391762	0.061890409	0.055360099	0.029698158	0.045361666	0.324955792	0.004510654	-0.051817715	0.046199456
UMARY	871	0.233182985	0.008611304	-0.010500506	0.010954287	0.090624865	-0.265803629	-0.027230279	-0.263671209	-0.238782876	-0.002315096	-0.146723283	-0.338840324	0.032602629	-0.030624949	-0.015875546	-0.018347672	0.082585585	0.006731165	0.031817204	-0.01514733	0.003652607	-0.192657056	-0.096143646	-0.001699828	0.053096938
UMARY	879	0.152667846	0.021706081	-0.008134948	-0.040816389	0.090628301	-0.12105341	-0.004483451	-0.064633881	-0.05121335	-0.12268212	-0.085153859	0.175518123	-0.072170842	-0.105550717	-0.142023207	-0.055007264	-0.04553786	-0.005487819	-0.009236739	-0.07872989	0.049113709	0.243503097	-0.0526374	0.033402343	-0.0131646
UMARY	880	-0.443911931	0.101972687	0.061794319	-0.228040507	0.16669477	-0.007750943	0.067056005	0.247348881	-0.102758231	0.148641276	0.069046017	-0.582184671	0.144254664	0.15828908	-0.066244572	0.145754333	0.184618982	0.126455294	0.137875079	0.213445338	0.10707418	-0.400935735	0.299354455	-0.036679933	0.108293141
UMARY	914	0.24109271	-0.089541984	-0.116985569	0.176075243	-0.302986448	-0.233383337	0.051412052	-0.230850629	-0.113218543	-0.051454905	-0.026916712	0.304506024	0.010953592	0.044849645	-0.123476261	0.045230763	-0.085510187	-0.025753303	-0.033399648	0.054532898	0.021872852	-0.139999875	0.049727002	0.033384116	-0.023197786
UMARY	933	0.158690042	-0.137171905	-0.105222586	0.058793598	0.057118818	0.118946134	-0.006207637	0.129772135	0.045285065	-0.056431686	0.214586026	-0.251944502	0.076533907	0.208138465	0.062779599	-0.155075541	-0.067929593	-0.275893025	0.109549311	-0.087368367	-0.015093036	-0.021355023	-0.136136566	-0.083802233	-0.165981128
UMARY	1028	0.252150554	-0.093692824	-0.127693708	0.253869043	0.233031913	-0.105213703	-0.075457369	-0.414182991	-0.168269831	-0.16461129	0.258782544	-0.210433468	-0.149569162	-0.208280743	-0.215231244	-0.15756268	-0.211283789	-0.211744754	-0.252808884	-0.206022047	-0.184728138	-0.064409232	0.040817656	-0.081614961	-0.243614737
UMARY	1037	0.444885557	0.09822472	-0.034042911	0.003398425	-0.13889158	0.279697365	-0.120496544	-0.041416617	-0.426964727	0.040343365	0.123545658	0.106393915	-0.046996649	-0.064785306	0.069099034	-0.124542015	-0.132808326	-0.153742216	-0.099126317	-0.086392259	-0.071841581	-0.271470106	0.073776396	-0.123368751	-0.132359614
UMARY	1064	-0.185529091	-0.035021273	-0.111249523	-0.069664822	-0.22075895	0.340896022	0.087287639	-0.507208033	-0.180605642	-0.05962048	0.061540445	0.065736887	-0.036421602	0.330851863	0.156217455	0.009221702	-0.155864399	-0.193463752	0.269838158	-0.038632675	0.015140094	-0.391126584	0.03843234	0.018920078	-0.078246719
UMARY	1065	-0.321413227	-0.024077762	-0.112417693	0.253858166	0.281053424	-0.094731074	0.248711306	-0.22761844	0.105830931	-0.099021476	-0.097062728	-0.116279146	0.034724608	0.270513867	0.121144471	-0.16308123	0.03597251	-0.130479795	0.136276321	0.028747913	-0.120679401	0.233749874	0.080906323	-0.040164494	0.021608604
UMARY	1076	-0.148713888	0.026882352	0.081761714	-0.005714334	0.074208888	0.344503323	0.145819387	-0.069466049	-0.266953194	0.046949201	0.034661947	0.149823511	0.030302234	0.037344595	0.072957473	0.018227056	0.088495975	0.109333088	0.05123045	0.022802164	0.092876558	-0.24602809	0.019727157	0.021887358	0.040760412
UMARY	1078	-0.44597439	-0.133203198	0.101652654	-0.289711675	-0.099182605	0.066266166	0.016448758	-0.159692778	0.863418847	0.28593621	0.247948504	0.065740565	-0.115276686	0.179173258	0.073157577	-0.133524458	-0.156820054	0.055000469	0.001477482	-0.029378065	-0.175715826	0.245285605	-0.179359913	-0.027213848	-0.210980382
UMARY	1079	0.417147006	-0.07498191	-0.124502992	-0.050263283	-0.16165294	-0.141392682	0.167850779	-0.202405974	0.010186301	-0.104868416	0.115846368	0.176229617	-0.18959937	-0.191221184	0.012229378	-0.114658314	-0.106892763	-0.12315665	-0.103769114	-0.110229353	-0.171059272	-0.021592638	-0.073392009	-0.015196279	-0.142977143
UMARY	1104	0.268749002	-0.054034	0.006379324	-0.131612679	0.23061179	-0.068469122	0.016171013	0.035398969	-0.293407	-0.034528801	0.019794821	-0.04899022	-0.027580774	-0.061337723	-0.147618514	-0.022233535	0.030660272	-0.03440693	-0.095934998	-0.073639179	0.022296561	-0.106132966	-0.061223992	0.037927668	0.011700498
UMARY	1105	0.012406642	0.050602727	0.151915783	-0.152445065	0.150389299	0.020058873	-0.162267524	0.108563069	0.253501454	-0.041388057	-0.120018625	0.466117799	0.069635553	-0.101622847	-0.026819284	0.176057619	0.10869131	0.192757538	0.024749283	0.114992743	0.075659366	0.10472304	0.127331335	0.233424698	0.15485544
UMARY	1114	-0.156409816	0.028778867	0.06731237	-0.230275685	0.195283709	0.049853362	-0.025942941	-0.388853894	-0.179079554	0.083345238	0.070063409	0.089627539	0.114631799	0.049290497	0.023285232	0.048147372	0.080612999	0.062895727	0.091583465	0.066072566	0.058840918	-0.326348666	0.010057228	0.16643553	0.025288862
UMARY	1133	0.175170042	0.03483458	0.050906542	0.215206859	0.113063411	0.182212746	-0.166614538	0.349668736	-0.04855448	0.142088174	0.015610466	-0.252927909	0.237809542	0.207488926	0.112588848	0.113763296	0.126842703	0.009882443	0.187108612	0.161130514	0.087689371	-0.052855225	0.128423829	0.048195559	0.024791363
UMARY	1134	0.252808592	0.052035579	0.076623214	-0.031183108	0.201091307	-0.160907323	-0.005626073	0.057642149	-0.023045844	-0.010133001	-0.013307343	0.148144071	0.109090663	-0.042899174	-0.080653988	0.042548432	0.154048747	0.072237822	0.010280454	0.034860845	0.089067193	0.025919387	-0.050519768	0.097974494	0.064114297
UMARY	1136	0.018453149	-0.06618424	-0.102427623	0.237273909	0.084505287	-0.042781973	0.071903464	-0.360707907	0.041456978	-0.137573215	-0.100594388	-0.008764631	-0.080849804	0.053172256	0.038926235	-0.039909358	-0.065730585	-0.064690796	-0.068949913	-0.073467364	-0.045687	0.124635243	0.000326288	-0.040189192	-0.089159649
UMARY	1158	-0.251315134	-0.004805022	0.016622368	-0.291902333	-0.313738492	-0.138857605	-0.010362778	0.345334823	0.071112361	0.037138046	-0.191325659	-0.365334674	0.00448173	-0.109783267	0.013441747	0.069797339	-0.027273839	0.063474889	-0.064176304	0.041528913	0.105303235	0.159526803	0.022151107	-0.097937658	0.086514572
UMARY	1170	-0.278006388	0.058093734	-0.014287379	-0.038363812	-0.056032563	0.041412452	-0.082078742	0.134982831	0.031383179	0.047038941	-0.104803978	-0.29457762	-0.00269537	0.008935347	-0.011317564	0.007437795	0.022422297	0.014344229	0.018979663	-0.018126615	0.041642575	0.063781149	0.044251541	-0.102444229	0.090276666
UMARY	1206	-0.695199355	0.048582269	0.003560681	-0.590106513	-0.135712659	-0.004133757	-0.073944476	0.296788775	-0.100726828	0.040667335	0.384399025	-0.606930873	0.059820167	-0.034832033	0.04395523	-0.033006763	0.049118464	-0.017782654	-0.002326817	0.034912019	0.143697841	-0.058126394	-0.029613818	-0.124061258	0.017403249
UMARY	1209	0.030505803	0.093273936	0.009356841	0.068791148	-0.111073997	0.218020612	-0.107580089	0.091888294	0.398798234	-0.047020379	-0.366418166	0.062013291	0.003652442	-0.143470172	-0.043053162	0.032770917	0.00571249	-0.019511528	-0.01130832	0.031627339	0.0798424	0.461100508	0.034912025	0.113929437	0.068576862
UMARY	1226	0.001062	-0.012662784	0.039818437	-0.316255213	-0.012829956	0.334583669	-0.05668874	-0.173146889	0.220113174	0.111170233	0.014253199	-0.173652973	0.043176229	-0.047584207	0.052872118	0.02795837	0.059075504	0.141310059	0.077849736	0.007586107	0.030935338	-0.139590352	-0.016519268	-0.002916704	0.03743332
UMARY	1230	0.350614161	0.012528501	-0.087556605	0.129166055	-0.209442486	0.068403202	-0.019310236	-0.08919349	-0.270587506	-0.04994463	0.130961302	0.171525959	-0.002569964	0.115450206	0.005318716	0.033000477	0.033795859	-0.000221017	0.030499256	-0.017937777	-0.029939035	-0.088987006	0.159875567	0.060179624	0.003622094
UMARY	1260	-0.000141233	0.133490949	0.241234557	0.022132379	-0.100955256	0.198150068	-0.025384324	-0.2321217	-0.024261381	0.124817766	-0.198267377	0.027610207	0.153966921	-0.079173653	0.063509413	0.184366313	0.197273001	0.148885384	0.109833267	0.094471077	0.086297181	-0.190028552	0.095718652	0.223940256	0.23159859
UMARY	1326	-0.010957617	-0.034701005	0.052104668	-0.050971778	0.267587113	-0.39632662	-0.115149961	0.101351433	-0.217633326	-0.049566961	-0.060646888	0.029084422	-0.003291998	-0.137096157	-0.140779326	0.073728558	-0.014167597	-0.007398293	-0.099982466	0.011273316	0.015721654	-0.235572625	-0.067749837	0.106598219	0.025626383
UMARY	1454	-0.361272133	0.032706174	-0.017807063	-0.383780939	-0.034580324	-0.110945653	-0.102745849	0.028437273	-0.129206792	0.077737353	0.144129297	-0.425583412	0.001752499	0.061786176	-0.056073938	-0.0979591	0.069134693	-0.048664286	0.038439665	0.022969898	-0.056513396	-0.24924329	-0.113275527	-0.087380763	-0.049515501
UMARY	1465	-0.448017726	0.026597929	-0.06003955	0.076711845	0.217156237	-0.202671003	-0.05544612	0.137019309	0.073588214	-0.052300218	-0.02494927	0.071842347	-0.059464018	-0.1667815	-0.0361536	-0.044446036	-0.011851396	-0.029418316	-0.103918892	-0.063842655	-0.035565713	-0.108407945	-0.010762823	-0.089303798	-0.069409556
UMARY	1486	0.231918262	0.005330225	0.144582648	0.05747885	0.095978306	-0.282067118	-0.016583679	-0.089518262	-0.250380468	-0.055609541	-0.060882434	-0.092510802	-0.082213098	0.016816919	-0.139848573	-0.059271034	-0.038271645	-0.022344019	-0.079033403	-0.103067421	-0.110361122	-0.16118644	0.014814995	-0.025156888	-0.088478449
UMARY	1498	0.236000249	0.053878133	-0.04351983	0.04246961	0.081229356	-0.338523497	0.042585139	0.151223147	0.063882243	-0.092108693	0.064632404	0.164281278	-0.025409635	-0.016993471	0.047328566	-0.03570573	0.028872031	0.01345721	0.044634588	-0.108754203	-0.010212915	0.209211852	-0.131567027	-0.008466306	0.021506221
UMARY	1502	0.346929133	-0.024491689	0.005998263	-0.02832523	-0.122835181	-0.33638399	-0.154297127	-0.145298446	-0.287466219	-0.028846427	-0.008050518	-0.206893446	-0.133903065	-0.217325367	-0.159942785	-0.105358093	-0.061475289	-0.139435644	-0.200454127	-0.043618009	-0.100413132	-0.257618208	-0.121516974	0.01497929	-0.04458627
UMARY	1535	-0.381392311	-0.032320153	-0.034586574	-0.202608897	-0.049760518	0.153937828	-0.048513709	0.049904001	0.031590772	0.127652959	0.272133045	0.196300674	-0.085821758	-0.09625017	0.063008463	-0.021746904	-0.073894115	0.020088831	0.020914273	5.25E-05	-0.046859296	-0.178588304	0.043045966	-0.10235385	-0.003680445
UMARY	1540	1.101806995	-0.102822367	0.121711428	-0.10852689	-0.223176524	0.151643006	0.023762508	-0.293789279	-0.587158779	0.042094054	-0.165389717	0.155395271	-0.065366712	-0.194893891	-0.001540431	-0.108238108	-0.068147052	-0.024750827	-0.041313067	-0.018546473	-0.10779485	-0.171175844	-0.131813773	-0.15494748	0.03934521
UMARY	1541	-0.080178304	0.060446222	0.107405735	-0.047528955	0.149921788	0.192938795	0.02693368	-0.069862824	0.051628744	0.083125674	-0.101266465	0.144101837	0.152165901	0.098877201	0.018580258	0.056221812	0.168998943	0.08327478	0.114601518	0.143734504	0.055440267	-0.089708033	0.028264894	0.150100852	0.113564776
UMARY	1544	0.112655453	-0.003578425	0.00019079	0.136293225	0.104474439	-0.207239982	-0.086636835	0.072329686	0.149358645	0.047082541	-0.073286136	0.200053373	-0.105565733	-0.133955986	-0.125532899	0.027737975	0.039784559	-0.090708962	-0.087429577	-0.039933002	-0.085034683	0.302706913	0.019347657	0.08768717	-0.066669634
UMARY	1545	0.21565203	-0.076542652	0.039472914	0.210821502	-0.080682411	-0.17394037	0.056829793	-0.092942198	-0.072674945	0.254865795	-0.29308226	0.642694463	0.182769108	0.061008663	0.081209139	0.090571546	0.043362439	0.068334607	0.096900909	0.137583922	0.09122984	-0.087320115	0.156363082	0.223605332	0.025537374
UMARY	1568	-0.278155175	-0.089697113	-0.000538545	-0.172360897	0.055485937	0.06181494	-0.081379553	-0.18840499	-0.538172099	0.068849969	0.037886445	-0.328237811	0.018296825	0.099920216	-0.035945682	0.048438722	-0.018294147	0.021744099	0.000582914	-0.005074821	-0.097917723	-0.692675129	0.053068042	-0.019396801	-0.035964495
UMARY	1570	0.194623288	0.043833715	0.027260191	-0.058761617	0.244657077	-0.236599971	-0.030846017	0.053598132	-0.19675912	-0.047645392	-0.023796861	0.072283377	0.079979034	-0.094107102	-0.054926394	0.065937085	0.005276964	0.005336882	0.007786382	-0.005469954	0.056383975	-0.12208651	-0.107704984	-0.011940516	0.048852554
UMARY	1571	0.454969993	-0.079279093	0.11522242	-0.028120154	0.370359518	0.024443154	0.039752682	-0.304209918	-0.308003824	0.207196943	0.005001332	0.38807452	-0.006523117	-0.000690091	0.029064533	-0.102235209	0.058040342	-0.052373673	0.069353903	0.011246018	0.007092781	-0.435282388	0.084241513	0.38966633	-0.069061733
UMARY	1578	0.585372855	-0.149388894	-0.065440941	0.259617704	-0.003203616	0.707070058	0.034887307	-0.320676595	-0.024621332	0.025353064	0.372206575	0.432996712	-0.007968458	-0.024923701	0.029922509	-0.120138953	0.00149497	-0.123685512	-0.079843956	-0.052582264	-0.068052088	-0.25218544	-0.014015675	0.20091518	-0.079653993
UMARY	1583	-0.536666767	0.110652987	0.024856385	-0.519104001	-0.046859892	-0.084388195	0.04661659	0.412548436	0.234248727	0.255034098	0.797035815	-0.720678813	0.090953482	0.048024263	0.106632236	0.155236476	0.131083455	0.165319732	0.00118109	0.086472864	-0.009922477	-0.040534262	0.130158817	-0.071448807	0.051823965
UMARY	1584	-0.136188755	-0.103443848	-0.02140606	0.018938831	0.328757597	-0.062223296	0.09607707	-0.195028527	0.192890813	-0.01524241	-0.047405687	0.238472202	0.06058796	0.104522905	0.027714302	0.017925742	0.013038496	0.031538208	0.074893785	0.053813136	0.028689423	0.245010216	-0.104707015	0.019005897	0.042575785
UMARY	1611	0.190520814	-0.218381555	-0.152246457	0.321135131	-0.098657076	0.24795041	0.184336441	-0.328010866	-0.075533708	0.016614208	0.098401751	0.413296431	-0.099206896	0.129117058	0.103165378	-0.194529597	-0.227500361	-0.324930326	0.04027791	-0.155447176	-0.164481081	0.108450123	-0.151006815	-0.035208656	-0.204487734
UMARY	1612	-0.332989642	0.137902406	-0.048751474	0.172331864	0.143578644	-0.198202117	0.041516898	-0.323432564	0.383930732	-0.041401864	-0.356158086	-0.048917703	0.059352006	0.163890044	0.046168473	-0.004695954	-0.021542358	-0.029819132	0.07873599	0.098211326	0.049844489	0.340174508	0.015499333	-0.12175805	-0.002985175
UMARY	1613	-0.384422371	0.009135997	-0.127923545	-0.276181309	-0.076673406	0.204692887	-0.018516329	0.665609352	-0.088831597	-0.068322705	0.707931941	-0.760069795	0.123873847	0.031669703	0.040921681	0.030256978	0.029622378	-0.031110954	0.109105204	0.065225422	0.025836508	-0.087515185	0.029876993	-0.125510179	0.069749324
UMARY	1614	-0.067570226	-0.009496018	-0.005302672	0.09216948	0.063563966	-0.087373215	0.060519207	-0.179339216	-0.219825125	0.11273464	-0.181254209	-0.088116582	0.08982444	0.118070649	0.122642083	0.044264002	0.031748933	-0.030139407	0.135995119	0.008157968	0.047234916	-0.341262892	0.033977123	-0.003278104	0.086218599
UMARY	1648	0.207089009	0.050311322	0.023060733	0.16969414	-0.021278713	-0.189060905	-0.01400085	-0.337802437	-0.419558603	-0.027016421	-0.251026938	0.168137827	0.069429533	0.048611334	0.005678014	0.038608346	-0.001413201	0.056593568	0.031228174	0.01667359	-0.0163168	0.025385342	0.048904616	0.064198307	0.006016332
UMARY	1652	-0.639884795	0.022916841	-0.138494517	-0.278503563	-0.427773986	0.121316799	0.197927119	0.54622299	0.085526437	0.05914469	1.052846553	-0.751942335	0.031077767	-0.027248716	-0.062832323	0.021774769	0.003239808	-0.018944956	0.001441449	-0.057923047	0.028200145	-0.259332025	-0.145006783	-0.210720424	0.024636207
UMARY	1668	-0.301211234	0.075142643	0.042829998	-0.012696067	0.086037849	0.142960801	0.093250055	0.113629682	-0.218487529	0.192401007	-0.18451648	-0.154435236	0.067454277	-0.006480074	0.00566029	0.069275416	0.08818706	0.187054412	0.057458181	0.127167935	0.109703655	-0.35036034	0.164567296	0.012317454	0.129264739
UMARY	1710	0.0158845	-0.072428726	0.10137566	0.322839707	-0.077234726	-0.191812313	0.099305067	-0.06684647	0.14428413	-0.098130511	-0.232647122	0.459601994	-0.07233306	-0.104108108	0.153387167	-0.062489745	0.011828927	0.009138201	-0.162777109	0.032003132	0.072710091	0.089907062	0.05375249	-0.116670306	-0.079555552
UMARY	1712	-0.144098505	0.121633482	0.05733763	0.13865813	-0.054991853	0.03948075	-0.006717292	0.237928923	0.058369847	0.0387093	-0.056446537	0.065171163	0.084306399	-0.034978536	0.029438326	0.096773598	0.118642838	0.12219242	0.010847963	0.0807247	0.10617277	0.052853609	-0.025289608	0.050383919	0.144083217
UMARY	1713	-0.131480063	-0.006281248	-0.083799441	0.012586149	0.013671051	-0.304133201	0.008090196	-0.112876978	0.247280682	0.041532437	0.017418826	0.249713346	-0.003542014	-0.143590518	-0.000440242	-0.001725636	-0.08370032	-0.114571044	-0.085161168	-0.054453363	-0.021639581	0.120262596	-0.154534927	0.049988709	-0.024682696
UMARY	1715	0.189259145	-0.030743304	-0.041141629	0.091834846	-0.02370151	0.036473416	-0.140503683	0.174573035	0.344669334	0.027060266	-0.343428091	-0.273972984	0.031481346	-0.12227933	-0.016939377	0.128618816	-0.011527558	0.041393345	-0.015138683	0.013210503	0.025169169	0.257433676	-0.024655539	-0.024259005	0.019040168
UMARY	1792	0.529334483	-0.000526265	0.006297517	0.175535686	-0.141184455	0.512707624	0.06536706	-0.132316821	-0.289174229	-0.053239974	0.092607106	0.390683303	-0.016447022	-0.099886679	-0.007716347	-0.029225943	0.009525498	-0.077873819	-0.005850017	0.038300456	-0.02641029	-0.207694149	0.067163521	0.078059259	0.027393281
UMARY	1795	-0.102765363	0.051685563	-0.034380832	0.218688251	-0.119070652	-0.047945122	-0.019983676	-0.119695402	0.074004635	-0.040824383	-0.048172612	0.23771339	-0.000618389	0.02889473	-0.058786061	0.074822566	0.009669206	-0.014102264	0.040047821	0.006733764	-0.054436889	0.130854775	-0.025135047	-0.007123591	0.039455952
UMARY	1797	-0.140489314	-0.053795752	0.108526251	0.395478762	0.039504207	-0.021427185	-0.149132131	0.256047611	0.096996524	-0.071585659	-0.085120522	0.232318293	-0.073451619	0.10257623	-0.150921116	0.062391624	-0.101812307	0.035529831	-0.18140832	0.071534937	0.033190383	0.118015238	0.187347139	0.081980918	-0.073932688
UMARY	1825	0.203534655	-0.024765937	-0.067984304	0.03473187	-0.126226334	0.045165596	0.015761829	0.0899479	-0.333082657	-0.114685203	-0.096563568	0.168830492	-0.100459344	-0.113062781	-0.058129729	-0.114533393	-0.10695405	-0.074521606	0.003426997	0.021238738	-0.038057363	-0.184981982	0.093951439	-0.067968576	-0.029520026
UMARY	1827	0.352554049	-0.063096069	-0.089608693	0.371731409	0.069115329	0.500929687	0.047344549	-0.352455007	-0.028821251	-0.017130693	0.004329841	0.612155102	0.06437179	0.008885764	0.087961719	-0.080543523	0.062076687	-0.111147208	-0.075288664	-0.017849527	-0.058086181	0.040288575	-0.089547539	0.107268858	-0.016913316
UMARY	1830	-0.450766466	0.081901351	0.084111673	-0.322279681	-0.239718931	0.224643522	-0.015177708	-0.006706245	-0.042992631	0.054180096	0.271635052	-0.41228326	0.198381973	0.119281647	0.040316767	0.101887669	0.194103949	0.106235168	0.160628128	0.132047915	0.149227463	-0.230149538	0.049605712	0.056510255	0.191821913
UMARY	1846	0.063995275	-0.011199172	0.062196991	-0.202332807	-0.031999647	-0.258349261	-0.189093319	-0.010212509	-0.224122281	0.012422248	-0.193443391	0.131498786	-0.013537613	-0.031709301	-0.003998619	0.019940819	0.034530791	0.079111484	-0.043902027	-0.084903529	-0.001252869	-0.035533117	0.015695218	0.027034603	0.022183687
UMARY	1847	-0.187007611	-0.046645412	-0.088918275	0.220007143	0.206560943	-0.273391293	-0.031174428	0.034583081	0.389307799	-0.071919322	-0.131932234	0.459550433	0.037757017	-0.043752296	0.078627064	0.054554202	0.008980676	-0.007088022	-0.019211215	0.069100991	0.033125385	0.050163154	0.003251941	0.065591841	0.047144585
UMARY	1849	0.128770496	-0.014990748	-0.04970041	-0.459323699	-0.252817003	0.524651858	-0.046932069	-0.253317531	-0.580618999	-0.016674936	0.107238958	0.089209916	-0.12326899	-0.062910976	0.137827886	0.029159805	-0.007387799	0.006859932	-0.053229418	0.016554488	-0.080079341	-0.034326435	0.024625652	-0.086080852	-0.176507156
UMARY	1862	0.199452389	0.02548474	0.055324267	0.047714212	-0.254197244	0.033870028	-0.010850933	0.042117933	-0.234805767	0.072171397	-0.096648015	0.382126455	0.143704375	0.052604294	0.067211423	0.137878971	0.112394047	-0.052101038	0.119089715	0.094972972	0.03471969	-0.222030856	-0.018099648	0.071669153	0.110637768
UMARY	1865	0.126155734	-0.011925891	0.004520956	0.216497724	0.059119425	-0.168222059	-0.064620732	0.059391168	0.296013051	-0.013553535	-0.031187035	-0.398627767	0.001202096	-0.146295218	-0.060995851	0.012628216	-0.004489585	0.035809447	-0.0848011	-0.013644053	0.048838388	0.624939152	0.00509016	-0.050448202	0.068388946
UMARY	1866	-0.129159611	-0.080416957	-0.10603091	-0.005779667	0.040593733	-0.328188053	-0.219678974	-0.006478504	0.150991272	-0.179940796	-0.102161344	0.116247017	-0.132850482	-0.187433142	-0.028537287	-0.023648681	-0.138274499	-0.129249327	-0.124215228	-0.12603763	-0.114459451	0.0636267	0.022484155	-0.125748077	-0.08589973
UMARY	1867	0.457681658	-0.03681257	-0.030498166	0.193166542	-0.058761597	0.116910471	-0.023756399	-0.129659796	-0.409495444	-0.024390281	-0.114209333	0.189287705	-0.064970777	-0.077069974	-0.112823962	0.032432883	-0.006211869	-0.116801729	-0.025182939	-0.031998436	-0.067280216	-0.052686724	-0.031508761	-0.07488072	-0.025023213
UMARY	1902	0.288741165	0.057879627	0.147837899	0.142036541	0.020292891	0.083358676	-0.009535833	-0.071793438	0.096112817	0.038296463	-0.149277872	-0.261940445	-0.052617418	-0.086675132	-0.106324284	0.092885171	-0.029334701	0.046511697	0.000508016	0.00088711	0.057339461	0.284732553	0.023487276	0.039083127	0.084407227
UMARY	1903	-0.030259351	0.0039322	0.023836075	0.004244901	0.177404757	-0.154398501	-0.013996456	-0.02146164	0.033346692	0.146150457	-0.123799514	0.154277416	0.071023276	0.057037934	0.021114732	0.112133571	0.092275555	0.088131649	0.027621773	0.089615146	0.047057986	-0.037041629	0.055513454	0.166356077	0.019519358
UMARY	1907	0.002995595	-0.153297227	-0.10727839	0.023473246	0.094428067	-0.19327266	0.067797071	-0.212086803	-0.067865479	-0.174301137	0.075977673	-0.046909549	0.009191598	-0.173027784	-0.156812691	-0.168086649	-0.151809713	-0.170535468	-0.202775454	-0.167618585	-0.170303659	0.07216935	-0.156754901	-0.077925862	-0.117781374
UMARY	1917	-0.008942578	-0.051838606	-0.013448952	0.410737799	-0.10009792	0.277987597	0.004507475	-0.169485079	0.330449607	0.070677031	-0.25819127	0.353622464	-0.020558705	-0.092283198	0.090486221	-0.015394545	-0.028832975	-0.075973076	-0.07539677	-0.033742198	-0.088572009	0.290175862	0.031523585	0.064863267	-0.071694143
UMARY	1935	-0.045711408	-0.062177033	-0.139450752	-0.115773641	-0.08427002	0.001570972	-0.256759824	0.20479925	0.154199853	0.027054297	0.094146509	-0.356166698	-0.088917185	-0.034033149	-0.068146986	-0.156493181	-0.135954649	-0.172854813	-0.220284746	-0.141883979	-0.119876225	-0.064774858	-0.219880435	-0.039450257	-0.126305256
UMARY	1936	0.022461308	-0.116233495	-0.072024952	0.092720258	0.141260228	-0.025173801	0.148477621	-0.245547086	0.30615029	0.019973132	0.13914593	0.438579113	0.152363019	-0.006973082	0.159468349	-0.050440913	0.022884641	-0.023181387	0.026485909	-0.012900941	0.002956735	0.363018536	-0.248301651	0.048531645	-0.011294964
UMARY	1939	-0.094821296	0.641690529	0.211477765	-0.283531823	-0.169355589	-0.1106839	-0.11996627	1.20333221	1.082278873	-1.200007595	-0.650619687	-0.707843012	-0.340846764	0.192647908	-0.366430912	0.344203636	-0.095089015	0.379019051	0.098342105	-0.256515243	0.276793631	1.807997207	0.308836684	-0.310659736	0.198104233
UMARY	1940	0.113883722	-0.025653039	-0.11186764	0.639787021	-0.196670448	0.14516703	-0.006989724	-0.554136413	0.169334498	0.039478648	-0.108524555	-0.065430474	-0.045830755	-0.075844209	-0.036909636	0.000873077	0.096784278	-0.076163696	-0.08826778	0.061932902	-0.006109224	0.251419316	-0.130686225	-0.054907053	-0.015699226
UMARY	4263	-0.645173265	-0.008270025	-0.032302996	0.111080951	-0.175803159	0.471634095	0.158968884	0.713606448	-0.132490532	0.018456998	0.339803281	-0.268896307	0.016645009	0.096791357	-0.047377562	0.030573724	-0.009339379	0.20046247	-0.079779149	0.096884258	-0.023473043	-0.055027146	0.055156904	0.045657956	-0.057158727
UMARY	4540	0.170450286	-0.033094431	-0.054923123	-0.145595327	0.256832084	-0.349069707	-0.16255764	0.433540059	-0.235868466	-0.030589586	-0.222746422	-0.490574528	-0.221378583	-0.197132847	-0.126052433	0.02068733	0.00393405	0.076944947	-0.122384809	-0.055988999	-0.00626225	0.069905673	-0.090519317	-0.127727182	0.030784837
UMARY	4542	0.02995998	-0.05100705	-0.043389201	0.164079649	-0.341256375	-0.093630527	0.34080474	-0.394260021	0.306274302	0.110713654	-0.342544499	-0.246932381	0.02827304	0.04154356	0.112101634	-0.000697169	0.041719576	0.003713196	-0.040779	0.002325173	0.002677169	0.331683189	-0.043898445	-0.080112679	-0.024741396
UMARY	4543	-0.011313194	-0.100026894	-0.088122271	0.170581319	0.213702267	-0.269188286	-0.140381784	0.165797251	0.30511155	-0.102240925	0.114758334	0.051371204	-0.019750093	-0.082641622	0.054629177	-0.008456397	-0.024692166	0.003092782	-0.07349156	-0.118971328	-0.041819803	0.358465059	-0.061765308	-0.02293508	-0.089581813
UMARY	4549	0.696029176	0.111857685	0.129031417	0.129548432	0.009763721	-0.188340573	0.138954662	0.017373051	-0.250021103	-0.105391712	0.091136634	0.24351774	0.006702042	-0.064917452	-0.110566513	-0.009742852	0.017590478	0.002975263	-0.037045997	-0.012776988	0.006082148	-0.27953039	0.010566668	0.086758374	-0.00837194
UMARY	4590	-0.072678764	0.0712613	0.017773912	0.098333098	-0.090138268	0.295249713	0.115467795	0.192038317	0.307759301	-0.033493373	0.0970019	0.534634588	0.02408444	0.457025332	0.025785236	-0.190023911	-0.265585449	0.021631323	0.019564488	0.182991886	-0.160255374	0.178463823	0.137890402	-0.070034103	0.051618737
UMARY	4593	-0.31539901	-0.008450733	-0.030953273	-0.46598862	0.03816266	-0.142222548	-0.032882086	0.028333373	-0.131971918	-0.053537284	-0.01707761	-0.342334935	0.002102578	-0.079158364	-0.045049473	-0.043626937	-0.08207848	0.004098103	-0.023593507	0.030509552	0.087717478	-0.327741056	-0.027634639	-0.096921176	0.009412388
UMARY	4598	0.152211989	-0.016338428	-0.029940249	0.07454979	-0.063350526	-0.209014392	-0.053456235	-0.038164717	0.097906548	-0.075275914	0.25089971	0.010709249	-0.014727122	-0.056024199	-0.092940057	-0.090514661	-0.016458257	-0.101100261	-0.093324791	-0.098687648	-0.05977223	-0.044976314	-0.131783622	-0.027000541	-0.007065756
UMARY	4636	0.184067848	-0.064088216	-0.008813262	0.177688114	0.080768059	-0.113012686	0.024481488	-0.144464779	0.00936855	-0.100148778	0.132471776	-0.038695162	-0.029814052	-0.053455831	0.046819599	-0.114443441	-0.033551641	-0.114401728	-0.088793393	-0.066039015	-0.057224099	-0.040877663	-0.009140352	-0.029051022	-0.058208674
UMARY	4640	-0.007498956	-0.131495095	-0.103045723	-0.073901005	0.043726541	-0.103565664	0.130712333	0.014022413	-0.097252964	-0.099061546	0.098501859	-0.24835268	-0.030340272	-0.039351314	-0.03424883	-0.10588787	-0.036257934	-0.116399984	0.02537736	-0.028862485	-0.194193762	-0.00984157	-0.048465117	-0.040571827	-0.028414543
UMARY	4725	0.180321033	-0.0201323	0.037590793	0.08439634	0.376085646	-0.124691816	-0.066072639	-0.085546619	-0.248620811	-0.181564594	0.112856151	0.007366647	-0.119240004	-0.015569484	-0.088448048	-0.050257671	-0.060271191	-0.028545389	-0.026919223	-0.138294953	-0.086391629	0.013641419	-0.064592838	0.011010711	0.016797505
UMARY	4726	0.091075275	0.06705745	0.003297634	0.088528173	0.005785346	0.400802929	0.044216844	-0.040632804	0.093189003	0.068246474	0.225706324	0.232832848	0.064181782	0.06990032	0.10280926	0.031142307	-0.027047878	0.012853263	-0.011908749	0.109378375	0.027848391	0.043747004	-0.021411532	0.127516354	-0.044718731
UMARY	4727	-0.106298045	-0.014764092	-0.041910369	-0.215108403	-0.087074442	0.111652652	-0.154043136	-0.259547051	-0.002928443	0.108082381	-0.276882406	-0.120490079	0.057129371	0.121949917	0.058468584	0.013719185	0.001866741	0.006352695	-0.021163151	0.022897837	0.019511708	-0.012858125	0.022528347	-0.02332099	-0.011115865
UMARY	4729	-0.305162416	0.03822525	0.117844864	-0.225444168	0.051534027	0.068545633	0.085446481	0.692947374	0.104757884	-0.04991787	0.044697103	-0.579829747	-0.06269451	0.01803858	-0.065315339	0.016155628	0.074492321	0.099609591	0.128289239	0.044918634	0.025340675	0.340264896	0.029588849	-0.127401257	0.057603499
UMARY	4782	0.023125297	-0.060545535	-0.091053074	0.208096326	0.162225346	-0.141713826	0.006358243	0.017059316	0.225873848	-0.148200994	0.295155031	-0.085106258	-0.143492239	-0.091965874	0.06797063	-0.104162328	-0.11702972	-0.098477548	-0.057059475	-0.153983429	-0.100375861	0.262749533	-0.119079759	-0.00822794	-0.053278728
UMARY	4786	-0.058818069	0.078518143	-0.043763183	-0.120660124	-0.138879732	-0.127849477	0.143833532	-0.203798554	0.122595873	0.019588245	0.005595643	0.242886133	0.046885309	0.068761096	0.080953032	0.030481954	-0.015710457	0.115254121	0.040164457	0.031661539	0.071741759	0.059644225	0.04416861	-0.00221204	0.033082309
UMARY	4788	-0.536130665	-0.021639409	-0.035604702	-0.368387721	0.037311153	5.27E-05	0.233838554	0.657505483	0.53809863	0.063400999	0.177776647	-0.230724081	-0.217999501	0.128555366	0.101795101	-0.229118753	-0.177064016	0.307046659	-0.082058273	-0.203291159	-0.077407098	0.08353072	0.133780734	-0.091860369	-0.122327002
UMARY	4789	-0.257395066	0.022849079	0.199408073	-0.455290111	-0.205101805	0.303865986	0.258396001	0.286388572	0.343578231	0.325942916	-0.117852455	0.135019753	0.041299277	0.302908093	0.377710232	-0.104958621	0.059499831	0.081936363	0.129329339	-0.006116874	0.164917985	0.128996747	-0.0224398	-0.106872905	0.077376441
UMARY	4841	0.074899474	-0.024545388	-0.035644796	0.016352937	-0.03030276	0.644692502	-0.034407517	0.136653939	-0.136070097	0.078430219	-0.452466381	0.191563719	-0.009591924	-0.057193021	-0.030470829	0.021709529	0.010782796	-0.042122566	-0.020092396	0.017772697	0.003635751	0.062619929	0.055654181	-0.066834815	-0.058204754
UMARY	4842	-0.581469047	0.013413982	0.179267871	-0.498107775	0.1403984	-0.334489697	0.005648067	0.457877766	-0.713238746	0.119610031	0.075216546	-0.872354821	0.010338963	0.030389106	-0.083790651	-0.017633019	0.058196598	0.050512295	0.113948512	-0.050378235	0.041862003	-0.516766949	0.086073935	-0.139697129	0.136179866
UMARY	4903	0.138931828	0.035618033	0.065467486	0.302941618	-0.211020715	-0.001550558	0.009897525	0.012307685	-0.426183602	0.023533612	-0.120488419	-0.011039683	0.031978395	-0.027478276	0.086051764	0.041005372	0.001981354	-0.017599159	0.043663054	0.041126196	-0.063698243	-0.274797564	0.194270155	0.077030374	0.004200336
UMARY	4915	0.084632609	0.08520301	0.076005358	0.171847838	-0.008052132	-0.100240624	-0.089476012	-0.084997868	-0.286428922	0.077921169	-0.313253348	-0.320814228	0.065841811	-0.000472735	0.044239322	0.059171971	0.06202108	0.103807273	0.02129576	0.046814358	0.087601417	0.033423902	0.062532302	0.107833302	0.048189476
UMARY	4916	0.199562264	0.038834092	0.007033624	0.429191926	0.199128058	0.400638865	0.03526063	-0.070292505	-0.114954825	-0.054278964	-0.08258671	0.536528381	-0.087151104	-0.082845932	0.029369973	-0.073592846	-0.037320486	-0.031437406	-0.078889485	-0.054953208	-0.071808329	-0.041658892	-0.025742849	-0.071974003	-0.033185046
UMARY	4924	-0.409143192	0.275082245	0.149949329	-0.207960328	0.082907035	0.241057137	0.113556065	0.255643968	0.917115018	0.119649529	-0.305227194	0.583408803	-0.097225922	0.055842554	0.268951153	0.292389946	0.16486702	0.27761027	0.058274599	0.094221384	0.397755458	0.327678239	0.128084612	-0.02382454	0.179623631
UMARY	5024	0.388345761	0.081203554	0.028749458	0.121313022	0.173633771	0.083053889	-0.026280135	-0.609151086	0.351915319	0.164727477	-0.240557889	0.452292527	0.089488689	0.026498168	-0.117899435	0.064125579	0.059506995	0.016696761	0.011973308	0.053773559	-0.057891664	0.256719843	0.134079034	0.214149596	0.002987237
UMARY	5028	-0.268139211	-0.016481917	-0.060010273	-0.158216083	0.263593812	-0.293274929	-0.021237154	0.032270481	0.063382233	0.037447201	0.13064785	0.051231093	0.00734591	-0.045549072	0.028550015	-0.05168322	-0.000279541	-0.022024561	-0.009997847	-0.010927312	-0.072554005	-0.232442029	-0.091088912	0.114082493	-0.049344782
UMARY	5078	0.418318375	-0.165842784	-0.146395356	0.00713754	-0.09989042	-0.093637539	-0.074068523	-0.267138178	-0.030956951	-0.074632895	0.16026404	0.175954694	-0.079594449	-0.06663166	-0.051949575	-0.143148137	-0.112183386	-0.124141341	-0.11421985	-0.104761753	-0.10611232	0.103220362	-0.082620134	-0.058279275	-0.152622681
UMARY	5079	0.095597822	-0.039796408	0.023605157	-0.09138649	-0.312292618	-0.014739882	-0.071697182	0.029886176	0.273987057	0.022263102	0.097625719	-0.090094196	0.057911394	0.00601108	-7.97E-05	0.039512844	-0.048902465	-0.001988563	-0.016716938	0.028990545	0.007762616	0.12318695	-0.123640529	-0.028164985	-0.036171924
UMARY	5081	0.047891846	-0.052409932	-0.063318138	0.16591391	0.13727524	-0.024816957	-0.107492029	-0.032294912	-0.112251918	-0.080583757	0.117526167	0.130462277	-0.0605946	-0.010919546	-0.048464908	-0.097090674	0.08242186	-0.074593183	-0.012550474	-0.03357563	-0.039638325	-0.016237128	0.021365624	0.017130317	-0.074933844
UMARY	5086	-0.146778514	-0.021682955	-0.004166944	0.223641617	-0.032160267	-0.18694244	0.055415849	0.248583214	0.035705313	0.089718039	-0.113566529	0.118367658	0.069900267	0.070588752	-0.045729331	0.035475559	0.024798427	0.000616127	0.120297003	-0.005551476	-0.020913847	0.113566891	-0.106294101	0.080181651	0.027465183
UMARY	5087	-0.38950688	-0.003521908	0.027178364	-0.349117481	-0.205620068	0.001427837	0.003636386	0.173564478	0.181663328	0.076887221	0.332507129	-0.27776717	0.227754046	0.068237017	0.042229123	0.150236947	0.131386889	0.089149932	0.035347787	0.158490257	0.065370201	-0.314708057	-0.067667181	0.075245119	0.065576902
