FID	IID	1	2	3	4	5	6	7	8	9	10	11	12	13	14	15	16	17	18	19	20	21	22	23	24	25
BLSA	745	0.34334531	0.330640949	1.070783847	0.401233491	-0.412360078	-0.357579085	0.32973904	0.194583139	-1.090495247	-0.688185266	0.632483277	1.029528474	0.136921476	0.051117357	0.15969076	0.302778694	-0.03626806	0.534390134	0.33641145	-0.751191525	1.294512904	0.4345621	1.05551605	0.381909496	0.415486181
BLSA	827	0.343506599	0.021522027	0.659061089	0.089789849	-0.606703954	-0.54806412	0.06617098	0.120729157	0.022566289	-0.776037135	0.186993147	0.666836734	0.073696872	0.308741322	-0.06426666	0.215632277	0.013498605	0.197784627	-0.128150637	-0.292630184	1.004757043	0.165281388	0.582717976	0.419413661	-0.010631514
BLSA	1556	-0.02480529	0.211909839	-0.064912331	0.26540516	1.292740569	0.463502744	0.146840451	0.081595692	0.303865032	0.509991461	0.317600381	0.194050917	0.190711389	-0.095179156	-0.10313986	0.139273263	-0.043413159	0.079660335	0.148291402	0.211597421	-0.409361862	-0.027205265	-0.086060069	0.843141277	-0.537802479
BLSA	1579	-0.330540941	-0.251176163	-0.114789973	-0.238071485	0.345052464	-0.845839343	0.099193704	-0.223097242	-0.378342772	-0.174286371	-0.132085279	-0.368555482	-0.186030458	0.428712084	-0.146811318	-0.232273887	-0.112327251	-0.065009428	-0.181559788	0.009822427	0.120758466	-0.203069669	0.076528877	0.260504106	-0.13663042
BLSA	1595	0.418180382	-0.445766878	-0.10828801	0.778372953	-0.756706781	-0.64097605	0.205835883	-0.554652644	-0.647608022	-0.285162349	-0.447445744	0.019965386	-0.312108006	-0.332315797	0.723798733	0.462110057	0.946443954	-0.234488699	0.539078692	-0.430559515	0.196881564	0.214423097	0.394626841	0.004744164	1.436419389
BLSA	1603	-0.042597405	-0.091307519	-0.115327061	0.009009108	-0.770966754	0.209591271	-0.533156065	0.08136835	-0.29062235	0.116090657	-0.343628232	-0.227470561	-0.11374132	0.019627639	0.122859751	-0.064270292	0.03311353	-0.056447982	-0.026089561	-0.142576345	-0.408904236	0.032914065	-0.626347881	-0.307061927	-0.049349694
BLSA	1640	-0.061898177	0.364907046	-0.260802513	0.120941248	1.025529523	0.578896197	0.04599856	0.192991431	-0.074659331	0.398606596	0.092415996	0.095541785	-0.006439692	-0.333240932	-0.311045021	-0.120933583	0.131544764	0.115073335	-0.037312376	0.223796243	-0.330363252	-0.101062908	0.087798854	-0.045490152	-0.710677213
BLSA	1775	0.1727038	-0.298968099	0.378532203	-0.036084402	-1.705114287	-0.036893858	-0.174705447	-0.426435788	2.031756071	-0.310245217	0.136160617	0.172459042	0.236328559	-0.401520805	-0.038074275	-0.023059663	-0.314217142	-0.109782718	-0.180922094	0.105509328	0.53145904	-0.115960288	-0.706147463	-0.334279863	0.676879244
BLSA	1802	-0.05376086	-0.019117224	-0.304804529	-0.301728456	-0.317803667	0.422791989	-0.160533335	-0.056259747	-0.116322582	0.341241028	0.033418933	-0.346296559	-0.12298445	-0.121082302	-0.25824353	-0.025921143	-0.102570113	-0.123388663	0.012563082	0.107227493	-0.511445713	-0.018358112	-0.431167036	-0.019350329	-0.155002234
BLSA	1805	-0.10092259	-0.283453444	-0.275279311	0.003461455	-0.443654725	0.060263438	-0.480870449	0.053111876	-0.135790414	0.183108881	-0.448236819	-0.398991742	-0.154289045	-0.138400166	0.225529089	-0.198031172	-0.23826007	-0.252544106	0.141672094	-0.072954906	-0.220925173	-0.096804788	-0.404395494	-0.511441843	0.358533416
BLSA	1838	-0.180528549	0.107380215	0.076358742	-0.001368124	0.356046648	-0.418145499	0.227380152	-0.447449802	-0.119679936	-0.181627064	0.081133417	-0.041788062	-0.179098015	0.320589116	-0.124985692	-0.297272717	-0.070167096	-0.12272958	0.10638265	0.056811244	0.742817783	0.073237678	0.173258894	-0.050733157	-0.031062323
BLSA	1839	-0.088457355	-0.099632253	-0.049301266	-0.27592021	-0.038228433	0.108756199	-0.115272268	-0.123387174	0.105995721	0.233690986	-0.062304979	-0.099769211	-0.267620689	-0.180180883	0.263377116	-0.025252316	-0.189637303	0.049427782	-0.019671902	-0.089859134	-0.145504074	-0.039713418	0.140974905	-0.289880965	-0.026082339
BLSA	1840	-0.189166431	-0.267079505	-0.139651118	-0.268490616	0.031105997	-0.352046003	-0.01143283	-0.037725711	0.608776361	0.079991165	-0.106624876	-0.059518401	1.301112606	-0.108865529	-0.053880682	0.114701301	-0.237046779	-0.024411366	-0.004097979	0.068256164	-0.171286353	-0.132111427	0.014480981	-0.107827834	0.244232553
BLSA	1883	-0.115465572	-0.100397064	0.233167459	-0.180645394	0.010639639	-0.223970507	0.108933766	-0.116642678	-0.32114117	0.223427952	0.042907134	-0.076205282	-0.217180796	0.10636006	-0.113325623	-0.200048297	-0.079897035	-0.034985306	-0.248713958	-0.189891135	-0.120090209	-0.168538498	0.077748575	-0.220579289	-0.08829876
BLSA	1889	-0.130741735	0.058987798	-0.145408046	-0.185826858	-0.677796939	0.187923509	-0.16668501	-0.010441305	0.139281614	-0.018301658	-0.071846526	-0.142727663	-0.139871543	-0.059920294	-0.004117494	-0.199959991	-0.278239979	-0.061660233	-0.013906366	0.090698899	-0.227911263	-0.148721297	-0.510541334	-0.401091959	-0.309672352
BLSA	1924	-0.080498398	-0.023285355	-0.351905948	-0.034156745	0.240117542	-0.254229089	0.123481886	-0.086139281	-0.356830645	0.278155272	-0.314723669	-0.376706203	-0.107911867	0.330039611	0.22449224	-0.004822394	0.032282892	-0.142394323	-0.272932263	-0.184523311	-0.340557009	-0.064579552	0.326661063	0.067480413	0.605122435
BLSA	1961	0.041354289	-0.034290692	-0.144378587	-0.1932494	0.167432255	0.547558358	0.350956405	0.089800891	-0.179755594	0.516364389	-0.286474329	-0.281354112	-0.062360995	-0.221116278	0.021833647	0.131586137	0.170464537	-0.097165492	0.067899631	-0.088684571	-1.105993429	0.127790721	-0.495799079	-0.065740421	-0.283094916
BLSA	2000	-0.137106789	0.105303118	-0.119054672	0.032855117	0.242252737	1.093275561	-0.104125049	0.5009667	0.93622422	0.118528941	-0.239827981	-0.193183469	-0.097792991	-0.201420142	-0.073688286	-0.198993999	-0.149161217	0.110761649	-0.356230583	0.345187793	-0.0947189	-0.126073062	-0.368080865	-0.149763689	-0.352689691
BLSA	2020	0.078310522	0.217591944	0.338419023	0.113158531	0.109577462	-0.318901997	0.191353725	0.255200949	-0.485273744	-0.192479005	0.116762842	0.153372522	-0.123576012	0.373267036	-0.087365342	-0.114548683	0.056523628	0.15386688	0.197210677	0.028056654	0.364156112	0.012957948	0.340259965	0.198170534	0.338806903
BLSA	2037	-0.091234414	-0.004147871	-0.316016623	-0.114226309	0.529493387	0.051543746	-0.130014437	0.172321749	1.002830482	-0.182908062	-0.105891753	0.126039834	0.100164882	0.218637801	-0.325795345	-0.086460131	0.082549286	0.056357622	0.048152331	0.252838895	-0.070598372	-0.000923251	0.101728712	0.465539326	-0.630634071
BLSA	2066	-0.03866993	-0.073123274	0.054387839	-0.181407174	-0.544728298	0.409242862	-0.00589573	-0.08727088	-0.190967247	-0.050544961	0.056980499	-0.06385692	-0.107905421	-0.147258482	-0.115576316	-0.085299145	-0.032970717	-0.03392128	-0.061195306	-0.014229372	-0.304435533	-0.004575997	-0.232234517	-0.097168196	-0.114270309
BLSA	2069	0.118705009	0.282421257	-0.42997418	0.115805221	0.899605021	-0.183388689	-0.382570736	0.475337443	-0.235716538	-0.002719361	0.092253754	-0.010879991	0.002617056	0.137265052	0.011413637	0.215579393	0.166637211	0.044083855	-0.171559771	0.109333672	-0.323858594	0.199396966	-0.095984317	-0.129074218	-0.393946844
BLSA	2093	-0.10057135	-0.167257261	0.207352058	-0.25659452	-0.267844487	-0.652174216	0.045342602	-0.19287662	-0.281516967	-0.082244532	-0.143300322	-0.266883872	-0.299374347	0.387215432	0.112866883	-0.155509619	-0.091578106	-0.111652671	-0.276991496	-0.110116801	-0.11859446	-0.087708	0.221704189	-0.224801069	0.122053266
BLSA	2102	0.250859876	0.45833841	-0.078168092	0.337737559	1.292315159	0.698862581	0.3240342	0.144371495	-0.246573234	-0.054456346	0.913280513	0.496392836	0.456732808	-0.341071743	-0.045546411	0.450995911	0.34269562	0.129175628	0.381672072	0.758080566	0.649205522	0.074841569	0.362752173	0.313381935	-0.367688227
JHU	384	-0.195939437	-0.239301054	-0.118016168	-0.287840313	-0.195346209	-0.473089763	-0.134810054	-0.094941478	-0.037457293	-0.198503032	-0.126075038	-0.08863924	-0.04042978	-0.325743537	0.313220988	0.030343276	0.077885684	-0.191206483	-0.089082014	-0.163015924	-0.100129067	-0.234217677	-0.143627341	0.135899218	-0.044387673
JHU	705	-0.117889212	-0.289426062	0.178244058	-0.021052412	-0.395047684	-0.192307684	-0.060843187	-0.051348752	0.293020704	-0.088831277	-0.077830411	-0.082188412	-0.260985842	0.265290829	0.377832241	0.021407592	-0.082319124	-0.183477202	-0.208201535	0.379499666	0.031681636	-0.110966498	-0.069245359	0.155877687	0.020177081
JHU	710	0.036880967	-0.011894563	0.094799177	-0.066806712	-0.337364978	0.028014466	0.038666423	0.014332822	0.033803576	-0.334632605	-0.021685401	0.049213646	0.127835723	-0.152404395	0.053876881	0.130562763	0.066100899	-0.033470265	0.010538279	0.115577662	0.12745472	0.207828149	0.108260494	-0.250379554	0.067120399
JHU	712	0.038064754	-0.053166309	-0.152537485	-0.111693186	0.225319524	-0.417412417	0.104147668	-0.130250408	0.259356405	-0.04135696	-0.026757536	0.121689771	0.008580448	0.100085791	0.039165306	0.19072578	0.061881154	-0.019059685	-0.083373619	-0.378000401	-0.082304792	0.156646425	0.540173349	0.238271882	0.14589698
JHU	713	0.329858537	0.596656974	0.440400873	0.112216916	-0.620090529	-0.320810109	0.002436045	0.212910872	-0.320717297	-0.351700507	0.60221508	0.375655628	0.055786539	0.023719121	-0.346856706	-0.015591835	-0.172084988	0.30257897	0.086807216	-0.189080922	1.404769934	0.076619656	-0.06819131	0.134898801	0.075915389
JHU	719	-0.064177554	-0.01141682	-0.308110971	0.052999061	0.109634732	0.221275329	-0.201631296	0.067410269	0.101870499	0.370501293	-0.224930327	-0.226421023	-0.039338844	0.008309205	0.051824896	-0.007016614	0.103407363	-0.015863179	-0.10319101	0.140879167	-0.633875671	0.101854775	-0.438311685	-0.272307322	-0.168693395
JHU	993	0.134236309	0.086345123	0.14988493	0.223648314	0.794439184	0.825221489	0.278593354	-0.075030494	-0.765098737	-0.074832751	0.055943647	0.046302786	0.181946332	0.274398873	-0.293078433	-0.083505098	-0.048485055	0.36384483	-0.106008138	-0.13212466	0.067820686	-0.415195947	0.460196216	0.152558883	-0.013362323
JHU	994	-0.190316176	-0.077860933	-0.28469626	0.061007374	0.050440922	0.258621634	-0.014395929	-0.046840778	0.199261459	0.561347389	-0.279669625	-0.210142839	-0.152824458	-0.061366386	-0.029902346	-0.258512592	-0.07833978	-0.237581688	0.10553637	0.258532986	-0.585178425	-0.027594623	-0.31300721	-0.380987055	-0.019898496
JHU	995	0.029281811	6.36E-05	3.18E-05	0.037520958	0.368015037	0.070487055	-0.012163024	0.103757947	0.235960683	0.158008451	0.098789611	0.014529684	0.119429882	-0.132289502	-0.166082826	-0.008413272	0.071953847	0.014234702	0.386974452	-0.032267574	-0.23023902	0.24502574	-0.076247152	0.08616746	-0.062767962
UMARY	142	0.089810906	0.036539117	0.305270314	-0.050257591	-0.026467634	-0.079438732	0.266009425	-0.109911289	-0.378760988	-0.117570012	0.10179946	0.244297663	-0.079208966	0.225231114	0.14094583	0.067555482	0.072087401	0.033839347	0.08163163	-0.187960248	0.446999034	0.034747761	0.501209887	0.473867956	0.302553381
UMARY	602	-0.074619598	0.117816369	-0.016834836	-0.132664951	-0.02011465	-0.092376017	0.03038184	0.167012844	0.243966269	-0.224603308	-0.054589364	-0.094644851	0.040772598	0.054697394	0.049260965	-0.058579755	-0.053623109	0.08654865	-0.158820792	-0.242976382	0.484873744	0.010956922	-0.163354187	-0.407966952	0.383315247
UMARY	604	0.079179332	0.030837408	-0.368391536	0.07183789	0.035823595	0.095491542	-0.056830074	-0.091970069	0.003808897	0.317110407	-0.127131329	-0.027590837	0.04386053	0.008733738	-0.173295566	0.033972477	0.001365349	0.002232119	-0.046450604	0.098610971	-0.034306319	-0.03848019	-0.208157298	-0.235993633	-0.166758889
UMARY	813	0.025057712	0.046314466	-0.056231228	0.077027314	0.059465044	-0.171882876	-0.257182374	0.017127511	-0.166418971	-0.088001429	-0.033780812	-0.068858711	0.023834048	-0.283963798	0.176584188	0.013794359	0.019559922	0.04962177	-0.042242744	-0.44144497	0.025920487	0.035571131	-0.140533919	0.081271186	0.023957323
UMARY	819	0.039669694	0.05297977	0.025034247	0.049841476	-0.228542471	0.170713283	0.095781012	-0.147586384	-0.016823319	0.088297791	0.068685931	-0.026472323	0.064291966	-0.12474361	0.005237093	0.004539716	-0.065045332	-0.002377788	0.144827982	0.019313879	0.051603036	-0.01800428	-0.183500361	-0.183374007	0.179293462
UMARY	871	-0.035372628	0.024916654	0.099321003	0.042446645	-0.180470322	-0.282194286	-0.240835901	-0.081606239	-0.12771541	-0.21573367	-0.000673661	0.02838241	0.00612691	-0.10512703	0.159777588	-0.034049087	-0.014293284	-0.004320984	-0.13936474	-0.394979968	0.128237423	0.003966727	-0.087282493	0.174929795	0.017542391
UMARY	879	-0.075669313	0.028896034	0.067644795	0.130844	0.013387915	0.2206758	-0.039433984	-0.107136295	0.242976811	0.104570145	-0.053010451	-0.057165197	0.063675003	-0.242304313	0.077214389	-0.021624464	-0.03836008	-0.041244454	-0.080513839	-0.056794247	-0.189124682	-0.077294545	-0.189604219	0.081438831	0.005803414
UMARY	880	0.085681926	0.110519399	0.338317598	-0.01990622	0.300132065	-0.104801329	0.15452899	-0.039907091	-0.3261503	-0.289021398	0.016092838	0.180873924	0.209703094	-0.012034293	0.259752522	0.143570848	0.169396395	0.167210166	0.005334665	-0.50310123	0.007858184	0.145729693	0.531392974	0.34121656	0.086420202
UMARY	914	0.015166999	0.082974763	0.117343938	0.014233764	0.205571625	0.217723914	0.279652644	0.013744719	0.688603505	0.374147403	0.076807516	0.015632198	-0.0464269	-0.161273794	0.104783309	0.038615124	0.025568984	-0.008614142	-0.283392267	0.309422166	-0.00776557	0.024651537	-0.000140413	-0.317599432	0.035355009
UMARY	933	-0.167892671	-0.040852651	0.023793919	-0.1606891	-0.283373892	-0.311119337	-0.180003771	0.191508091	-0.014278383	-0.160075846	0.000665353	-0.035043706	0.005547576	0.164727878	-0.220072998	-0.128000696	-0.173926672	0.205101537	0.039826983	-0.170152032	-0.026736968	-0.06376691	-0.050314939	-0.082705923	-0.353454334
UMARY	1028	-0.069357726	-0.245436424	-0.019747736	-0.196241134	0.027602607	-0.089245424	-0.041635194	-0.08109052	-0.248173099	0.164392447	-0.285849278	-0.161232062	-0.205862792	0.154153613	0.070383596	0.013911979	-0.124974675	-0.266279502	-0.209881027	-0.124624267	-0.256601741	-0.256397829	0.145612966	0.643534006	-0.113277117
UMARY	1037	-0.03914685	-0.100411649	0.082318509	0.028753745	0.125608924	0.084433447	-0.296738898	0.072263457	-0.433311671	-0.111093406	-0.081190374	-0.057308037	-0.139508691	-0.084972183	0.008553233	-0.093326313	0.003152475	0.097947767	-0.25690678	-0.066234222	0.051261732	-0.136388263	-0.265536486	-0.222323051	-0.032505532
UMARY	1064	-0.10403047	0.053941104	0.202205264	-0.095323202	0.693398297	-0.255062828	-0.024229215	0.039831439	-0.103042778	0.331298641	-0.089545245	-0.091057191	0.202452405	-0.037074789	0.024243677	-0.070463844	-0.04220663	0.064163745	-0.030741944	-0.095224776	-0.244880377	0.007688058	0.230070413	-0.452679231	-0.061582978
UMARY	1065	-0.122833783	0.207560332	0.096416714	-0.03024752	0.268847782	-0.498277936	-0.084227169	0.185098293	-0.214024267	-0.171594743	0.143335802	-0.072310596	-0.017969476	0.190845507	-0.072080636	0.027978623	0.004657085	-0.049599109	-0.105208813	0.191312484	0.041690776	-0.086303653	0.079844024	0.219921096	-0.328852018
UMARY	1076	0.08928858	0.152668382	-0.054847291	0.092350129	0.124517355	0.217193639	0.063010958	0.149648537	0.120340445	0.293975135	-0.005235598	-0.068235703	0.146820979	-0.186527031	0.032935827	0.102864551	0.01520382	0.039195191	-0.072200496	-0.02060956	-0.245498265	0.057421543	-0.052716067	-0.299244158	-0.00976336
UMARY	1078	-0.164582904	-0.102490416	-0.043066756	-0.187662945	-0.020196171	-0.452073959	-0.115875635	0.045688742	0.181960451	0.011468399	0.704108601	-0.190510979	-0.112008471	0.292162548	-0.011056875	-0.201145231	-0.045611698	-0.129850784	-0.184059253	0.220033242	-0.439833788	-0.152603012	-0.168931057	-0.285043686	-0.178210566
UMARY	1079	-0.093318142	-0.209817666	-0.021729057	-0.073181496	0.036221999	0.019746299	-0.125849253	0.125084665	0.10260391	0.27276314	-0.238246562	-0.100083228	-0.029035833	0.04622793	0.133050362	-0.058922361	-0.198861404	-0.14252413	0.116274685	0.103008581	-0.17472137	-0.189471867	-0.228940521	0.270615709	-0.223161263
UMARY	1104	0.006359468	-0.002393517	-0.248526112	-0.03174503	0.069795714	0.389741302	0.041056599	-0.038845966	0.05206274	-0.117535726	-0.072918781	-0.143706794	-0.017303963	-0.25363332	0.071360955	0.011065918	0.034084809	-0.087413235	-0.034006962	-0.175907896	-0.064273239	-0.00501697	-0.094596009	0.300371627	-0.051030635
UMARY	1105	0.047450732	0.030848106	-0.135416741	0.145319008	-0.38050697	0.034162222	0.017340745	-0.07797271	-0.112789191	-0.251654805	0.207918	0.188360958	0.066989207	0.128481668	-0.161759431	0.056578602	0.21203955	0.120837415	0.155376292	0.365021264	0.131935683	0.066160713	-0.005402722	-0.147499759	0.165788358
UMARY	1114	0.024950195	0.06305272	-0.051980011	0.059323115	0.084209296	0.404944659	-0.241968665	-0.005917609	0.026670316	0.227258653	0.016858001	0.056930065	0.016503844	-0.093404068	0.01400735	0.128943448	0.059113845	0.112556255	0.211121842	-0.370691118	-0.140187859	0.142099902	-0.178478647	-0.128231022	-0.005258361
UMARY	1133	0.086366148	0.124539353	0.248773176	-0.001824399	-0.280142151	-0.431129779	-0.542700805	0.267307413	-0.24501385	-0.506368882	-0.079654419	0.315061518	0.031787992	-0.194345981	-0.065088351	0.060999831	0.084983446	0.159174489	0.245692376	-0.529600771	0.683803206	0.16507429	-0.068164963	0.157713331	-0.315475293
UMARY	1134	-0.023412516	0.045290422	-0.021422958	0.122330716	-0.094456424	-0.175750057	-0.108827051	-0.003815982	-0.088716562	-0.242757316	0.045367897	0.043460799	-0.048504307	0.011332921	-0.179729806	0.078203568	0.082804432	0.017289881	0.165269478	0.131833831	0.134863541	0.032976465	0.016677393	-0.125636138	-0.048376365
UMARY	1136	-0.058828876	-0.100003153	0.169499677	-0.013563597	-0.238256545	-0.573805647	0.016449487	0.008365007	0.172535355	0.281602445	-0.167443382	-0.050139997	0.00898604	0.207772001	-0.091747497	-0.093009793	-0.126835271	-0.065749796	0.029244699	0.117792708	-0.139350965	-0.028127725	0.045845629	-0.0954148	0.006774713
UMARY	1158	0.040496104	0.002055975	0.217632826	-0.016706889	-0.270420156	-0.428202714	0.058043337	0.100925186	0.025107333	-0.337257952	0.144520705	0.125762104	0.012107787	0.046787238	-0.016847994	-0.029858325	-0.02433543	0.082900671	-0.076289728	-0.035863724	0.229275992	0.012688883	0.163080412	0.04125907	0.042463965
UMARY	1170	0.001043998	0.045442732	0.15675619	-0.07397029	-0.101532095	-0.411017594	-0.007377095	0.079090145	-0.086753407	-0.263992069	0.096504234	0.089544202	-0.014181114	0.277396812	-0.176359799	0.034175986	0.091666021	0.100124438	-0.013688094	-0.077666311	0.339327058	0.095429638	0.090482793	0.267183144	0.075062113
UMARY	1206	0.018023622	0.036577987	0.322615874	-0.069391376	0.528121901	-0.581357919	0.229323246	-0.047240797	-0.087682298	-0.091926764	0.112507586	0.002772681	0.03515649	-0.047657588	0.048687134	-0.044344153	0.046138622	0.005318941	-0.138115863	-0.199590529	0.519765546	-0.013996017	0.809258945	-0.058613545	0.175696901
UMARY	1209	-0.028112683	-0.001746674	-0.203069193	0.050060439	-0.237910455	0.44010612	-0.024502557	0.001698586	-0.211440138	-0.421571368	0.013639301	0.024804213	0.089910352	-0.072830067	-0.186843961	0.029655709	0.063994276	0.004672161	-0.074453202	0.051882547	0.18996165	-0.024886046	-0.114622586	0.000996614	-0.095407971
UMARY	1226	0.004758542	0.05011945	-0.018019204	0.075233126	-0.510469884	-0.39463879	-0.294269248	-0.01038969	0.054461089	0.382465512	-0.002863032	-0.074732175	0.063402238	0.108420749	0.288925118	0.052156547	0.010487873	0.078561192	-0.009629081	0.059458776	0.00169655	0.058519473	0.145529561	-0.51757929	0.31520147
UMARY	1230	-0.010783931	-0.005960029	-0.118864921	0.105292568	-0.01213919	0.255984105	-0.089586208	0.019983405	-0.07122374	-0.102718979	-0.079211867	0.019008601	0.051819099	0.022121811	0.041346742	0.077082342	0.046825419	-0.000779901	-0.184847835	0.088771836	-0.019786581	0.013849852	-0.037482243	-0.229850627	0.085505132
UMARY	1260	0.210725242	0.113012917	-0.015895009	0.090704122	-0.136695068	0.087190197	-0.057366319	-0.020416451	0.080210275	-0.052292978	-0.061009514	0.07020965	0.051760279	-0.160492826	0.102392022	0.157373896	0.198886581	0.09718717	0.066806269	0.028017922	0.138445691	0.175098394	-0.238923426	0.259616815	0.11790842
UMARY	1326	0.038118596	-0.007805779	-0.142532368	0.08722294	0.065232673	0.554450555	0.039408739	-0.15044611	0.079140895	0.084313124	-0.029368489	-0.179276939	-0.025070066	-0.291382386	0.236407126	0.010895303	0.053921189	-0.094825224	0.055619359	-0.292882389	-0.259872852	0.021611809	-0.177842124	-0.0112461	0.074858761
UMARY	1454	-0.074018677	0.046824975	0.435011687	-0.052640108	0.455405512	-0.272696715	0.192534723	0.052058512	-0.277446856	0.188046632	-0.093932766	-0.037509176	0.051658002	0.117022359	0.029800412	-0.049010874	-0.067123908	0.098933996	0.05996654	-0.295913982	0.461263738	0.0377998	0.402618904	0.014761287	-0.003264112
UMARY	1465	-0.057352768	-0.071094001	0.14265512	-0.06078056	-0.020452581	0.152587527	0.276372134	-0.081822828	-0.28907756	-0.015990263	0.12303742	0.029486949	-0.124073407	0.067028702	-0.010564249	-0.081056515	-0.063284119	0.059059788	0.003225957	0.135127995	-0.292508934	-0.015158251	0.36071149	-0.351966257	0.216075589
UMARY	1486	0.011716196	-0.108866074	0.027296284	-0.008748189	0.055030907	0.394663516	0.110065134	-0.052846079	-0.124116739	0.028938846	-0.093132621	-0.036409683	-0.030401324	-0.035687026	0.115793425	-0.053425365	-0.063298509	-0.075486406	0.184078592	-0.183523088	-0.237965303	-0.153490394	-0.108111768	0.261041906	-0.164201942
UMARY	1498	-0.062521549	0.042686699	0.118594801	0.057322702	-0.023872737	0.156605758	0.004082734	-0.096035241	-0.141642525	0.004051835	-0.152132533	-0.010128573	-0.036250679	-0.062134418	0.051462537	-0.010434694	-0.061873575	-0.120321068	0.010607728	-0.019704903	0.099694809	-0.038337859	-0.037541776	-0.070020823	-0.006129305
UMARY	1502	-0.145873069	-0.104846928	-0.105259269	0.04596003	-0.114448816	-0.213053969	-0.240564459	0.030790667	0.414045379	0.223842627	-0.121542657	-0.197585782	-0.131005684	-0.017767238	0.18900384	-0.09957709	-0.000380095	-0.106544393	-0.199432914	-0.176256316	-0.201490497	-0.117733182	-0.383465208	0.148842513	0.024854195
UMARY	1535	0.022000138	-0.030516228	0.156622631	-0.146700652	-0.015998776	-0.143038179	0.18416981	-0.117429884	0.040848217	0.219060221	0.170489734	0.092222198	-0.051522583	0.082188366	-0.126954656	-0.065303481	-0.051399632	0.096353897	0.149642447	0.024605537	0.07264651	0.021892672	-0.024621925	0.013904198	0.039692473
UMARY	1540	-0.143194178	-0.124385375	-0.231692317	0.183992696	-0.430889208	-0.361368782	-0.434874334	0.006449585	0.203877536	-0.336052622	-0.031391537	-0.145750479	-0.105201407	-0.054824118	0.258269345	-0.10026698	-0.099194113	-0.090176138	0.025948444	-0.015100963	-0.071577755	-0.049080572	0.011850688	-0.233092638	0.278319732
UMARY	1541	0.188100383	0.109226641	0.075608117	0.070105055	-0.091931162	0.109989833	-0.063833441	0.016677972	-0.220767674	0.351382075	0.012301302	-0.013087079	0.07312963	0.025922737	-0.042215721	0.16712652	0.067896566	0.016695794	0.221172882	-0.010433803	0.071220523	0.05726908	-0.06835738	0.221580713	0.046804815
UMARY	1544	-0.068613356	-0.114178953	-0.275152323	-0.016767952	0.110004165	0.530393189	0.095968045	-0.001390856	-0.117018128	0.128228521	0.042461298	-0.045102055	-0.090698465	-0.050966677	-0.050809342	-0.08363897	0.012071761	-0.020477661	0.001493737	-0.001565782	-0.096746532	-0.079531649	-0.21914515	0.231370686	0.011488345
UMARY	1545	0.059959852	0.025215372	-0.273763886	-0.026108493	0.17767962	0.276760905	-0.09348225	0.023301758	-0.109167841	0.261659668	0.013396251	-0.061517995	0.011708625	0.154859069	-0.217088396	-0.014124249	0.102558441	0.175025514	0.042079643	0.330072566	-0.321960994	0.109330271	-0.216326133	0.28691968	0.109999267
UMARY	1568	0.003690773	-0.050906752	0.15884138	-0.126789044	0.090836808	-0.003951895	-0.073737999	-0.08827111	-0.548592588	0.252544888	0.103264535	-0.068989872	0.067644409	0.231521339	0.169628633	0.037676369	-0.026614088	0.091805447	0.061957123	-0.376235211	0.084910776	-0.028745614	0.147208638	-0.161240488	0.352220862
UMARY	1570	0.000615219	0.032940343	0.029224357	0.039042749	0.21459077	0.178053519	-0.038585547	-0.161605524	0.004766094	-0.184504629	0.098873297	-0.116680565	-0.005782985	-0.155900827	0.02280255	0.073926067	0.049957828	-0.022931759	0.025321521	-0.158130991	0.185526425	0.033256939	0.084378994	-0.090683487	-0.060555322
UMARY	1571	-0.023742909	-0.075190562	-0.204579798	0.066611953	0.305835146	0.476485127	-0.251066087	0.079726024	-0.053099799	0.611372317	-0.190228449	-0.112267578	0.020401172	0.036665286	0.006976699	0.025010506	0.059540551	-0.008771151	0.150200154	-0.070994883	-0.428230457	0.020961248	-0.180219349	0.074494016	0.220631788
UMARY	1578	-0.070395074	-0.125719599	-0.247354288	0.098223104	0.127358192	-0.143496712	0.018694709	0.069280775	0.048391946	0.348207022	-0.031931493	-0.171221803	-0.14384147	0.155215136	-0.069402765	-0.058980958	-0.075722027	0.015411127	0.063616436	0.079209445	-0.12312653	-0.078240472	-0.334544765	-0.305866029	0.004322582
UMARY	1583	0.11806966	0.116991671	0.274224035	0.015869181	0.719495338	-0.243981377	0.407626215	0.02951913	0.666440972	0.19631269	0.000327246	0.189330127	0.204956438	0.001609918	-0.020354814	0.173853716	0.123833405	0.054845718	-0.01942093	-0.289750231	0.414234852	0.135639403	0.437468945	0.171233894	-0.085486765
UMARY	1584	0.028789648	0.013374045	-0.03197897	0.009934504	-0.122630962	0.254129959	-0.230014815	0.14921042	-0.183115553	0.060884557	0.271949972	-0.290160956	-0.015987396	-0.050728111	-0.331082307	-0.018097823	-0.002987324	0.003264748	0.091650749	0.086608583	-0.197029228	0.029304882	-0.18202286	0.165532116	-0.174620424
UMARY	1611	-0.22198043	-0.121067938	-0.078409854	-0.172873501	0.21143435	0.282128795	0.018186963	0.08494355	0.280594134	0.248844332	0.003093069	-0.118520335	-0.038324559	-0.049895177	-0.029284381	-0.105472554	-0.184498462	-0.172916959	-0.288400838	0.284783586	-0.311101244	-0.127999115	0.06034657	-0.136610152	-0.115994176
UMARY	1612	0.000409394	-0.014625531	0.094380863	-0.077655521	-0.276873366	0.355186717	-0.044910779	0.127929956	0.388480864	-0.601699204	0.620810624	0.325765952	0.032953387	0.118873943	-0.226659705	-0.012267532	0.067754744	0.051517463	-0.044021703	0.069629436	0.01909868	0.055778823	-0.097522549	0.094631418	-0.275640771
UMARY	1613	0.005521369	-0.016756252	0.436941185	-0.038942406	0.542045022	-0.663438858	0.302241376	0.131055679	0.33080274	-0.676062906	0.17906895	0.254138654	0.020060404	0.046098832	-0.08998259	0.045277134	0.150557337	-0.118131968	-0.104971323	-0.223485445	0.774301454	0.009683135	0.739912421	0.221615992	-0.02016793
UMARY	1614	0.048353887	0.060414124	0.124518517	0.032426605	0.240952811	-0.25494051	0.186357109	-0.060909166	-0.214809428	-0.230435564	-0.025828966	0.188908586	-0.015272074	-0.148540785	0.177313883	-0.021343131	0.031045435	-0.078421213	-0.133433937	0.132223681	0.123348051	0.022356087	0.32910137	-0.321196874	0.074256603
UMARY	1648	-0.020549623	-0.041322371	0.185782567	-0.0147592	-0.243505863	-0.01535501	-0.085652737	-0.102379936	-0.093405205	-0.299882042	0.016096894	-0.103198563	-0.009722023	-0.183343166	0.234232169	-0.01547902	-0.059782605	0.013467681	0.023662496	-0.06223102	0.041876507	0.04803943	-0.030431144	0.060863927	0.081680778
UMARY	1652	0.070402375	-0.091071866	0.415309021	-0.202284428	0.703617212	-0.712786578	0.394742595	-0.017547589	0.347273868	-0.215938267	0.098715418	0.122679773	-0.020633943	0.075881067	-0.078358486	0.140127228	-0.036468954	-0.126026599	-0.099257956	-0.121387848	0.677704671	-0.074860922	0.935395012	-0.055682887	0.021857753
UMARY	1668	0.109380777	0.07317095	-0.039787434	0.016030349	-0.151154245	0.065087654	0.01636649	-0.023201927	0.047016786	-0.211886836	0.020037986	0.209786755	0.074888505	-0.041208914	0.058522329	0.101827497	0.089880569	0.06499604	0.171787443	-0.073699762	0.033505469	0.072138328	-0.029615393	-0.213813743	0.00379219
UMARY	1710	-0.031370396	0.032782626	-0.148846439	0.011961989	0.235834435	0.316118607	-0.004668039	-0.10341806	-0.318429659	0.066492347	-0.136344651	0.309058647	0.035859448	0.015050658	-0.206990794	-0.079061415	-0.074414994	-0.05952085	0.068427683	0.397276068	-0.132506661	-0.014416523	0.036125041	-0.023536422	-0.353028793
UMARY	1712	0.122077521	0.06029915	0.134891589	0.073453129	0.229916077	0.295481511	0.109801142	0.003242666	0.090223719	0.013370899	-0.030364449	0.037493993	0.057785756	-0.229811773	-0.100361307	0.051750082	0.055244053	0.117303584	0.067189882	0.097467695	-0.089477035	0.154679111	0.04828694	0.097101599	-0.09659638
UMARY	1713	-0.017158474	-0.061308544	-0.062924841	-0.133394237	0.287985581	0.691007831	0.319158462	-0.097566799	0.335217047	0.313988447	-0.110156436	-0.056091216	-0.183669181	-0.11141309	-0.158395577	0.004586792	-0.009321667	-0.001530285	0.239360769	0.214254967	-0.238894344	-0.016936816	-0.306253585	0.322950551	-0.154449957
UMARY	1715	0.066064324	-0.031145106	0.016667054	0.118359239	-0.386099389	0.31410098	0.065902073	-0.035440313	0.176228143	-0.27771235	0.046714578	0.115262829	-0.046604971	0.012961235	-0.016258326	0.067200498	0.032128512	0.061532117	0.058988475	0.205420365	-0.253641576	0.038638928	0.056044664	-0.122209185	0.187023053
UMARY	1792	0.033873879	-0.001972216	-0.102398132	0.08704074	0.2611778	0.227851735	0.145041847	-0.057465535	0.011869556	0.373080058	-0.170675896	0.109748073	-0.036578814	-0.105455589	0.026392346	-0.002954394	-0.024173766	0.089156201	-0.202527825	0.103228158	0.023081398	-0.00749434	-0.093312211	0.185895043	-0.180251891
UMARY	1795	-0.052711535	-0.074632696	-0.306355357	-0.01542325	-0.327270992	-0.112771921	0.025146633	-0.155243645	-0.060150386	-0.08778697	-0.031169912	0.030456722	0.056529716	0.101936914	-0.106985646	-0.059035973	-0.012842958	0.055135219	-0.097351996	0.165233551	0.121614794	-0.005095096	-0.048658385	0.03333402	-0.046131087
UMARY	1797	0.060827608	0.002455051	-0.339554211	-0.107634883	0.036311247	0.332943694	0.326620787	-0.119955533	-0.305313276	0.001750501	-0.048109266	0.012069868	0.052820535	0.225562113	-0.050087584	-0.04450001	0.118903622	-0.087431097	0.002254564	0.209449543	-0.164978077	-6.97E-05	0.102577714	-0.061230157	0.460555258
UMARY	1825	0.016277788	-0.121808757	-0.170102648	0.056076604	-0.026327119	0.004957712	0.026737187	-0.105881328	-0.01812571	-0.063314806	-0.082108049	0.004918852	-0.003933664	-0.056224145	0.018505248	-0.095100385	-0.082240678	-0.117340729	-0.072209186	-0.004143013	-0.036868154	-0.074715059	-0.202142446	-0.199266316	0.471784774
UMARY	1827	-0.105121268	-0.038134051	-0.190314193	0.033041949	0.141297199	-0.388668786	-0.015322947	0.117103417	-0.176380248	0.445565932	-0.173210999	-0.041778865	-0.036499564	0.134550671	-0.19112152	-0.050788869	-0.002341184	-0.057440933	0.099397891	0.21489351	0.138208858	0.031036655	-0.108318818	-0.122769067	-0.170606233
UMARY	1830	0.164175028	0.132287469	0.022633819	0.009960061	0.388284473	-0.754604803	0.24717672	-0.048393382	-0.165051477	-0.205386541	0.10550944	0.084638461	0.214112493	0.065815703	-0.086688555	0.213094913	0.164720609	0.154423151	0.242128154	-0.237981073	0.304970377	0.190919417	0.298759981	0.118443643	-0.056150294
UMARY	1846	0.014999091	0.029198901	0.03445669	0.014420463	-0.356456553	-0.231208302	-0.09639468	-0.000777875	-0.024832501	0.148803892	0.00050211	-0.030296476	-0.03173563	0.098028813	0.320785973	0.003222043	0.003998385	0.089453084	-0.108460118	-0.073201112	0.227655191	0.028167969	0.152223475	0.014929287	0.197927148
UMARY	1847	-0.045794055	0.058489548	-0.269448507	0.018347224	0.489532495	0.257498477	0.216114705	0.174587231	-0.247319057	0.154479441	0.09603327	0.086661846	0.015052294	0.070549986	-0.303519045	-0.03160622	-0.048333969	-0.078473056	-0.090550848	0.308374457	-0.014186823	0.131102689	0.027401591	-0.426314206	-0.09139493
UMARY	1849	-0.072591384	-0.023579069	-0.028482367	0.075591777	0.17275051	-0.288618066	0.007147554	-0.183072826	0.288524087	0.360947189	-0.165365564	-0.174727033	-0.070195695	0.168392129	-0.063329459	0.016810593	0.009965827	-0.101657314	0.150774425	0.257144224	-0.162953074	-0.071040254	-0.129102711	0.047950695	-0.024673454
UMARY	1862	0.053901148	0.036113848	-0.156122517	0.070185843	0.252977633	-0.106593903	0.108813121	0.057461177	0.389184986	0.399712524	-0.18354141	-0.08736834	0.028280871	-0.073868501	0.286677907	0.044928572	0.074108425	0.068501514	-0.064911669	0.103861692	0.400444287	0.12054258	-0.102367097	-0.182522249	0.130467921
UMARY	1865	0.004745545	-0.023494343	0.031950153	0.078469522	-0.347673572	-0.360486171	-0.05554248	0.016346917	-0.123618732	-0.346959942	0.130587335	-0.036155217	-0.003109245	0.163505393	0.047543758	0.035541948	0.044082812	0.17295958	-0.101100936	0.002226049	0.174809566	0.011305507	0.23161899	0.231611945	0.052321649
UMARY	1866	-0.031441266	-0.122142051	0.095521545	-0.041714002	0.134642733	-0.089020048	0.13620823	-0.0130078	-0.055477605	0.088523974	0.000173115	0.065702471	-0.154932576	0.09256509	-0.071363675	-0.082934215	-0.113643404	-0.214160435	0.060713118	0.045485912	-0.242596053	-0.12357179	0.093631945	-0.149804489	-0.096254836
UMARY	1867	-0.028593898	-0.035687044	0.067932807	-0.007075913	-0.244879676	-0.278063057	-0.083097589	-0.071552576	-0.242990489	-0.145438745	-0.127949244	-0.103699515	0.027042339	-0.092002833	0.388592307	-0.056065833	-0.018653458	-0.061656964	-0.10078126	-0.256261888	0.180969082	-0.079369156	0.035257254	-0.011080439	-0.03656071
UMARY	1902	0.041035687	-0.030198995	0.087238057	0.041951985	-0.106831312	-0.116421463	-0.042865358	-0.076408706	-0.181395976	-0.39189352	0.052998471	-0.084657241	0.02358786	-0.120770746	0.079625366	0.041665752	0.039624457	-0.015264279	0.015093811	-0.124504683	-0.077082473	0.033575976	0.020873897	0.144869632	0.151883446
UMARY	1903	0.090284066	0.038171536	-0.078687567	0.112848965	-0.010134734	0.200653291	-0.069058874	0.143244102	0.069863908	0.018301377	-0.111488205	0.098287802	0.013987063	-0.072418207	0.11540134	0.156833086	0.173911663	0.031898662	-0.224884816	0.156293526	-0.259097518	-0.017209453	-0.178070208	-0.356185895	-0.175037452
UMARY	1907	-0.079295969	-0.203125512	-0.041139113	-0.1544934	-0.398782045	-0.44461114	-0.166366268	-0.164083607	0.145874864	-0.329969781	0.027746954	0.044626822	-0.155461909	-0.098634602	-0.108100833	-0.061670736	-0.201883526	-0.248555767	-0.041002503	0.125253066	0.081198945	-0.123202274	-0.188549373	-0.181583586	-0.128934045
UMARY	1917	0.022995833	-0.06404662	-0.029966175	-0.037490813	0.015185745	0.044279168	0.217064255	-0.026830891	-0.127537447	0.146839397	-0.178937533	0.052513181	0.030953671	0.027372426	0.044207506	-0.05004125	-0.045466839	-0.087950677	-0.06087695	0.247130897	-0.183600729	-0.031128461	0.042893162	-0.196036731	-0.104729663
UMARY	1935	-0.084242391	-0.141610293	-0.215469822	-0.254659935	-0.395668925	-0.617457903	-0.160474387	0.214420479	-0.117823358	-0.145035452	-0.225994092	-0.18380171	-0.138362965	0.165436581	-0.050386893	-0.140626639	-0.08623134	-0.026486671	0.023149506	-0.324915042	0.056062507	-0.180242388	-0.021044993	0.214490117	0.018251105
UMARY	1936	-0.066268996	0.005982607	-0.188616373	0.116705527	0.234638878	-0.042076568	-0.022445013	0.141177721	0.458643815	0.502106621	-0.072666094	-0.042810891	-0.062057769	-0.081904455	-0.142150407	-0.069227169	0.090471582	-0.06243322	-0.058636885	0.325774464	-0.622850464	-0.002805297	-0.488604045	0.054565621	-0.511285988
UMARY	1939	0.266480558	0.699241097	0.063746809	0.30010283	-1.478088652	0.924567062	0.102810661	-0.62726626	-0.188799197	-0.310593301	-0.316005219	-0.193444688	0.424191094	-0.524483394	0.306510187	0.370294759	-0.152006164	0.142265966	-0.008065917	-0.107037947	0.293499002	0.246709858	-0.259471516	0.284660137	0.376407458
UMARY	1940	0.001326465	-0.054343251	-0.078126054	-0.12045044	0.138491304	-0.352038004	0.124612372	-0.181489815	-0.222284323	0.070920296	-7.50E-06	0.056213483	-0.085232969	-0.032080328	0.027308156	-0.079861632	-0.061368826	-0.032840692	0.028152128	0.103366098	-0.332154676	0.033146165	0.092458188	-0.019798048	-0.277867556
UMARY	4263	0.045710402	0.019705461	0.161936035	-0.03028044	-0.161580335	-0.675182587	0.018597806	0.427283495	0.75713269	-0.477022847	0.590139402	0.173596225	0.037999049	0.405591819	-0.282918758	0.121548134	0.029665153	0.10444671	0.063268146	-0.025693784	0.214450727	-0.039533547	0.523850598	-0.188709147	0.154414792
UMARY	4540	0.024350355	-0.061191403	0.458677427	0.04047551	-0.750598268	-0.409703897	-0.317910943	-0.131819744	-0.214480382	-0.219713067	-0.004976459	-0.029491813	-0.085914085	-0.00972381	0.120358972	-0.02300952	-0.015284192	-0.093477895	0.102103257	-0.438069368	0.104980083	-0.046307289	-0.109050275	-0.027400964	0.204924815
UMARY	4542	0.052813073	0.036646513	-0.173848546	0.003865521	-0.310381059	-0.06283973	-0.060659278	0.071176031	-0.258262327	-0.103603878	0.002190215	-0.098804757	-0.073158924	-0.059773168	-0.18610824	-0.069176147	0.022608335	-0.000582096	-0.087026638	-0.086305346	0.219015898	0.064446389	-0.269552865	0.223429628	-0.129729358
UMARY	4543	-0.048117986	-0.048145576	-0.104736581	0.018783937	0.111118661	0.622314143	-0.025370845	0.024867361	0.11938842	0.177010234	0.019156977	-0.022649011	-0.169228979	-0.019806552	-0.099109904	-0.035688884	-0.040950111	-0.062296293	0.124889311	0.064533614	-0.345803656	-0.073608905	-0.199601593	-0.00671241	0.068710119
UMARY	4549	0.044399804	-0.075703879	-0.104219902	0.184575728	0.250666149	0.273653976	0.031994147	0.0246186	-0.187800391	0.256375365	-0.124123943	-0.069360803	-0.063390512	-0.08180712	0.121171797	-0.035122879	-0.02878711	-0.141692775	-0.000421197	-0.165095882	-0.204695359	0.016289443	-0.237500946	0.378773834	-0.2802929
UMARY	4590	0.016144073	0.162627554	-0.166402665	-0.084461894	0.464926665	0.491251315	0.064035214	-0.064267077	-0.109021573	0.032804834	0.121655997	-0.052562731	0.100107718	0.167300922	-0.118178451	-0.228617615	-0.081464437	-0.040804341	-0.119739583	0.53723549	0.044925077	-0.012298766	-0.026324235	0.233105444	-0.27559457
UMARY	4593	-0.02442164	-0.019320998	0.154049922	-0.058384563	-0.122919028	-0.498014152	-0.08737698	0.226762465	-0.139026115	0.085339817	-0.131175625	0.093341965	0.032608583	0.137726665	0.030638063	0.003827398	0.051983059	-0.011976461	-0.069587272	-0.13824796	-0.010015923	0.026571826	0.068247684	0.072971946	0.089356201
UMARY	4598	-0.099864504	-0.113380611	0.043100441	0.022106929	0.023876825	0.222422083	-0.018555483	0.110831773	-0.110642335	0.025245451	-0.078400842	0.026630005	-0.109352745	-0.12241633	0.292771816	0.026872568	-0.030079085	-0.034790875	-0.04392279	-0.061941793	-0.110171183	-0.009823675	-0.096463377	0.110880998	-0.063568696
UMARY	4636	-0.079805424	-0.10977679	-0.159782893	-0.016460615	-0.154358382	-0.051109282	-0.204896492	-0.280657492	-0.156878911	-0.076482048	-0.088224909	0.011145464	-0.137498578	-0.03139613	0.029017052	-0.045003555	-0.161898383	-0.060097252	-0.02891525	-0.144352624	-0.09505682	-0.071099025	-0.181608541	-0.156318711	-0.016990642
UMARY	4640	-0.130048057	-0.020527321	0.019254337	-0.068529816	0.155788354	-0.467303666	-0.035169876	0.140338483	0.281539819	0.36500571	-0.008306385	-0.054278896	-0.083313915	-0.123072897	0.089603425	-0.022630176	-0.1567073	-0.067222278	-0.004669569	-0.040903114	-0.133465216	-0.128858068	0.16262946	-0.257531013	0.116390463
UMARY	4725	-0.00418395	0.011892659	0.197699332	0.094749216	0.012402038	0.099400694	-0.020820375	0.013281866	-0.170248855	0.004039	-0.190627495	-0.126700902	0.021131626	-0.08035524	0.177918657	-0.05891678	-0.036720445	-0.017676529	0.161638733	-0.203995377	-0.283170794	-0.141232187	-0.184537756	0.047086734	0.190556699
UMARY	4726	0.002389237	-0.04350015	-0.163098173	0.017046524	0.285740191	0.196841968	0.079199831	-0.169448482	0.138415765	0.134480866	-0.067659526	0.107520011	-0.016533785	0.112984253	-0.096548465	0.027274307	-0.043701744	-0.052215014	0.105339532	0.189831718	-0.198735614	0.051001277	-0.346141712	0.297715365	-0.075101451
UMARY	4727	0.024443021	0.020133131	-0.022717442	-0.146984871	-0.28857555	-0.006119113	-0.332982339	-0.047075401	-0.149751893	-0.477235337	-0.006381984	-0.056023049	0.002287153	0.039891168	-0.413096972	-0.087789112	0.103989812	0.15034351	0.215802957	-0.042728916	0.043972354	0.125444073	-0.342067408	-0.264624118	-0.206058403
UMARY	4729	0.00724842	0.139970225	-0.000823297	0.050303661	-0.186938004	-0.121050726	0.106117695	0.338473112	0.11902085	-0.345726458	0.144757917	0.039682606	0.139434841	0.002220845	-0.07890582	0.093945573	-0.079283004	0.11935722	0.006716972	-0.265775177	0.379252118	-0.025309321	0.456873442	-0.198168238	0.297164795
UMARY	4782	-0.080522793	-0.037549077	-0.26068968	-0.055695744	-0.029483968	0.378550707	0.161265048	0.087855632	-0.00250925	0.059167846	-0.115099566	-0.109368692	-0.092433063	-0.086124593	-0.132118035	-0.136160848	-0.177909531	0.067225417	-0.142699724	0.034518392	-0.32780928	-0.183667182	-0.345973544	0.295967125	-0.20107892
UMARY	4786	-0.026311751	0.012371339	0.038192893	-0.020645881	-0.239126106	-0.096657187	-0.028653278	-0.159997334	0.017350602	-0.035020929	0.082008921	0.119574508	0.011188451	0.008534659	-0.229431218	-0.021268425	0.094065483	-0.027410025	0.168291982	0.266295896	-0.075965079	0.080655514	-0.116014566	-0.083427809	-0.258504564
UMARY	4788	-0.052886979	-0.074158418	-0.007236548	-0.109938483	-0.439675954	1.113619706	-0.03381055	0.165351415	1.728700747	-0.292517089	-0.315329761	-0.02015852	-0.102957678	0.000653148	0.244766935	-0.030770906	-0.152243071	0.044845443	-0.240757795	0.946595929	-0.121991507	-0.14459943	-0.010745827	-0.218291571	0.314714843
UMARY	4789	0.042200093	0.024007403	-0.132185975	-0.004838408	-0.380970594	1.712231258	0.065738929	0.16389093	0.242212929	0.324135349	0.281579758	0.266085678	0.106118773	-0.163476177	-0.341173845	0.023810118	-0.011002011	0.047612125	0.408526274	0.55906941	-0.684239481	0.087878923	-0.611194354	-0.079861115	-0.173582402
UMARY	4841	-0.017629	0.015821184	-0.068325382	-0.029173498	-0.472206875	-0.285294659	0.049796349	-0.121005668	-0.141368364	-0.288277532	-0.044995912	0.048634838	-0.046855353	0.265459818	-0.139991959	-0.031351868	-0.083831693	0.00444052	-0.095323033	0.180786198	0.383635451	0.081562822	0.337302477	-0.060392069	0.217668499
UMARY	4842	0.181965493	0.088356092	0.373915195	-0.097777307	0.31948743	-0.171111011	0.197048726	-0.441929042	-0.258042664	-0.386175352	0.200436181	0.150534699	0.229679445	0.149152101	0.014745513	0.126401491	0.185426711	0.049860225	-0.201386529	-0.253617826	0.752257129	-0.047040776	0.844745756	-0.048693696	0.15742313
UMARY	4903	-0.0064982	-0.016417609	0.001374209	-0.075884909	0.229546436	0.002904491	0.027426931	-0.206197954	-0.380144325	-0.161982253	0.066377671	0.138496121	0.020125596	-0.042734603	0.000110766	0.030390341	-0.087416758	-0.03471846	-0.178559696	-0.13238972	-0.144155438	-0.050621973	-0.037851144	0.431223912	-0.374007067
UMARY	4915	0.016367029	0.064861361	-0.063560851	0.076698986	-0.54411452	-0.347915646	-0.087695054	0.171867636	-0.060409633	-0.348060412	0.14275104	0.054361672	0.102141914	0.088728534	0.068616323	0.096083942	0.189483559	0.026584783	-0.073879828	-0.163684372	0.160154691	0.094683248	0.198900219	-0.159105686	0.268586805
UMARY	4916	-0.021880765	-0.052740398	-0.062941787	0.006455382	-0.088779237	0.650669535	0.154617577	-0.092562982	-0.16909782	-0.034500121	0.015284824	-0.020052053	-0.101471099	-0.046738003	-0.049694319	-0.080398704	0.0244118	-0.197139166	0.053899276	0.407193873	-0.042586167	-0.026758844	0.007121485	-0.323250157	0.067797825
UMARY	4924	0.22827068	0.089408478	0.031612803	0.220505237	0.83427628	-0.205148142	0.037687075	-0.113543996	-0.265287221	-0.149895371	0.247896737	0.123567334	0.130944977	-0.142259595	-0.288151629	-0.030117517	0.162145902	0.117383646	0.157625642	0.667824579	0.019395658	0.102483677	0.28746182	0.355297119	-0.186844451
UMARY	5024	0.034580687	-0.076981024	0.148103445	0.213854399	-0.591775035	1.505075749	-0.452874299	0.054009924	1.365683767	0.078816949	-0.030700918	-0.110538527	0.03512636	-0.339238021	0.455728691	0.05374493	0.042335118	-0.018900238	-0.076844951	0.16367997	-0.322374185	0.032172082	-0.375187197	-0.076674257	0.215297059
UMARY	5028	-0.066874487	-0.038888066	-0.086525025	-0.130042812	0.402482365	-0.338585977	-0.037315144	0.065286224	-0.321775848	0.357070527	-0.11054746	0.00523591	-0.006940879	0.007890954	-0.07185019	-0.073767568	0.078456118	-0.028626884	0.067811975	-0.098959547	-0.568207452	-0.003921026	0.126173678	0.130048018	-0.081200686
UMARY	5078	-0.122441149	-0.08987316	-0.074375125	-0.064164755	0.040940794	-0.27335202	-0.090452332	0.040327296	0.041326757	0.244614474	0.052411241	-0.153316155	-0.131193543	-0.123321562	0.046510131	-0.108090513	-0.103264347	-0.086702025	-0.077377228	0.009869109	0.250771188	-0.08476405	-0.216342578	0.100915771	-0.166282218
UMARY	5079	0.011860203	-0.08733679	-0.207034527	-0.063692618	-0.039323316	-0.451564056	-0.194060301	0.312162466	-0.049163972	0.027334115	-0.033291224	-0.16240272	-0.058665819	-0.14652096	-0.088415352	0.001250416	-0.016580937	0.057773037	-0.027210829	-0.274424328	0.11237609	0.046339182	-0.133365739	0.07822088	-0.167590233
UMARY	5081	-0.006176224	-0.039489478	-0.084513358	0.046504837	0.273272491	0.164879229	0.145789914	-0.193887664	-0.24266925	0.421474277	-0.125391274	-0.072972311	-0.019195849	0.100467328	0.152699769	0.015694171	-0.075974316	-0.165053189	0.111411084	-0.058706557	-0.296298706	-0.037461185	-0.176771037	0.033032458	0.024969431
UMARY	5086	0.013151764	0.089348493	-0.074118414	-0.022491678	-0.059815125	-0.534541182	0.078201495	0.376200147	-0.341364155	0.099909067	-0.044837668	-0.111094514	0.064501598	0.22417485	-0.073617361	0.066878504	0.021705493	0.06922424	0.071695651	-0.162143276	0.002128254	-0.005715977	0.021892963	0.113894094	0.129026793
UMARY	5087	0.084339925	0.091755681	0.117334413	-0.042572679	0.436512681	0.070712472	0.236733525	-0.059549505	-0.015336302	0.38378084	-0.063638722	0.047626399	0.053770102	0.316111508	0.126827614	0.040748734	0.152251621	0.120323056	0.251347138	-0.28651086	-0.056372959	0.146787027	0.167289704	0.008578784	-0.093566064
