FID	IID	1	2	3	4	5	6	7	8	9	10	11	12	13	14	15	16	17	18	19	20	21	22	23	24	25
BLSA	745	0.596032159	0.148995087	-0.03696324	0.485125174	-0.49079296	0.468650084	-0.089393929	0.231693697	0.285487842	0.228807993	0.411079769	-0.184803372	-0.604585012	0.366335879	-0.126463768	0.100713162	0.311820675	0.355976684	0.844845018	0.14508801	-0.605020571	0.474622431	-0.657816521	0.156194647	-0.505253921
BLSA	827	-0.326560611	0.063646629	-0.021142982	0.440540214	-0.14730827	0.244746461	0.272367464	0.301181986	0.138891759	0.206882692	0.053245787	-0.277753981	-0.144733193	0.292573653	-0.611575584	0.275260208	0.035701052	-0.946886566	1.535871872	0.00773999	-0.074338225	-0.151871878	-0.226770951	0.27628015	-0.572163036
BLSA	1556	-0.542399455	-0.158286336	0.304315788	0.268893382	0.120154672	0.356583222	0.225034307	0.112117672	0.111556722	0.071485298	0.192536591	-0.215872954	0.040318555	-0.412109494	0.176018446	-0.311968446	0.001242648	-0.030530168	0.354203011	-0.472468532	0.086582978	0.026149133	0.549220407	0.133442307	0.245772385
BLSA	1579	0.19640376	-0.112182375	-0.242894514	-0.288460733	-0.228298088	-0.113610107	0.091517204	0.142327756	-0.128368546	-0.206397177	-0.130690765	-0.092736569	0.014758817	-0.128959552	-0.233246978	-0.315772055	-0.148916085	0.113055792	-0.037230621	-0.262475493	-0.078924947	-0.14963321	0.198526796	-0.137549227	-0.074512841
BLSA	1595	-0.196708908	0.35052297	-0.158397735	0.159764435	-0.349491299	-0.434155528	-0.201171084	-1.126691152	0.378542813	0.54091929	-0.034591357	0.262102251	-0.027970829	0.798871868	0.015283818	0.835870083	0.360190293	0.5163049	-0.147535654	0.443905448	-0.658703267	-0.527584701	-0.749026103	-0.407415835	-0.142241107
BLSA	1603	0.25701587	-0.066545293	-0.055434775	-0.105662357	0.01611639	-0.06505017	0.042028979	-0.005684421	0.168325612	-0.102848065	0.086077766	0.716853037	0.669019217	-0.05592284	0.12091147	0.100818872	-0.128819181	0.107276536	-0.923465045	0.059672403	0.070609939	-0.015709781	-0.348791139	-0.17904877	0.00443795
BLSA	1640	-0.420990315	0.304472857	0.032941833	0.401995307	0.752777306	0.098367958	0.123501753	-0.213931079	0.082345302	-0.004032891	0.087551964	-0.036433574	-0.200790003	-0.250370688	-0.015389902	0.105070689	0.110125149	-0.481834137	0.200413556	0.025270481	0.048178863	-0.080607315	0.721235796	-0.037151286	0.021583068
BLSA	1775	-0.473729851	-0.149422709	0.117002605	-0.157265085	-0.400138206	0.010926267	0.102423309	-0.083136709	-0.189665372	0.067540224	-0.142943943	-0.301362	-0.140854037	-0.008567672	-0.245723528	0.118321569	-0.021209748	-0.116444992	0.419604782	-0.095403466	-0.031998806	-0.286022111	-0.177871144	-0.00731319	-0.518073389
BLSA	1802	-0.062267096	-0.05320338	-0.228155659	-0.277831087	0.017169989	-0.043441288	-0.223916435	0.0692253	-0.020729842	-0.136421703	-0.119065088	0.164887466	0.19381752	0.019812316	0.136711304	-0.135226878	0.030634828	0.456878002	-0.518367425	0.004781797	-0.049829833	0.118515707	-0.499426898	-0.029973741	0.058731326
BLSA	1805	0.420294647	-0.081107848	-0.076358784	-0.263064762	-0.090117019	-0.009913927	-0.170282728	-0.062619259	0.002662189	-0.165213846	-0.191216029	0.654866217	0.513168428	-0.151425324	0.189384486	0.016262178	-0.24522767	0.486996509	-1.101358628	-0.01648382	0.033570409	-0.17890316	-0.443107559	-0.214038064	0.448022369
BLSA	1838	0.546074119	-0.290870284	0.172605422	-0.135135736	-0.602924461	0.032398095	0.119527579	0.06593311	-0.151911164	-0.056476371	-0.167583571	0.107457919	-0.248923905	-0.058544795	-0.099386295	-0.120366561	-0.022803717	0.281369531	-0.144861451	-0.149522407	0.057538152	0.063370095	-0.376281436	-0.138183686	0.135982732
BLSA	1839	0.59498389	-0.071389964	0.154178353	0.076849187	-0.181954203	0.063657419	0.12659029	0.172936642	0.034969158	-0.160119002	0.270349784	0.313768963	0.196280211	-0.096973598	0.036486257	-0.124277199	-0.127560526	0.230397866	-0.470600393	0.060013953	0.223375297	0.321172039	0.094093984	0.038206991	0.204852369
BLSA	1840	0.155837961	-0.223972824	0.116890153	-0.086209563	0.120177678	-0.079423006	-0.131319109	0.081918616	-0.094367955	-0.190347259	0.048255454	0.059540556	0.109582337	0.008466806	0.131349021	-0.050888015	-0.114337356	0.003289163	-0.369678843	0.122856604	0.197507603	-0.130229148	0.352977559	-0.005393716	-0.267294497
BLSA	1883	0.468198388	-0.086488019	-0.11712526	-0.07870141	0.45488614	-0.115123346	-0.070117753	0.124633609	-0.017727363	-0.032720791	-0.066811555	-0.116651063	-0.089918848	-0.234466495	-0.028267862	-0.059466209	-0.142087879	0.126054153	-0.067537795	-0.047197775	-0.100150097	-0.037567577	0.087087252	0.018981739	-0.084487645
BLSA	1889	0.335983207	-0.023973504	-0.132708025	-0.188563302	0.013273539	-0.127147252	-0.151131	0.036415053	0.008683511	-0.108122758	-0.044989026	0.177137781	0.111082668	-0.052638613	0.231641277	-0.05618215	-0.148314196	0.081716627	-0.500744608	0.0917173	0.094301971	0.140396512	-0.060832581	0.188122721	-0.08101969
BLSA	1924	0.824362936	-0.031697774	-0.135066817	-0.15559563	-0.058981331	-0.235938256	-0.168396209	0.234759125	-0.215630654	-0.076980194	0.070940953	-0.21479376	-0.223890495	0.014026585	-0.46272977	0.012832287	-0.051950568	0.038400897	-0.160754681	-0.052639633	-0.044738779	-0.110619221	0.195482987	-0.028401163	0.304819408
BLSA	1961	-0.270128765	0.009708787	0.292531654	0.035526403	0.220954058	0.107184988	0.002065846	0.024530204	0.104998746	0.037384097	0.070739331	0.285740634	0.381078059	-0.145620683	0.155155716	0.036976803	0.04235856	0.340835294	-0.294667106	0.179322238	0.362313425	0.055207825	-0.135625295	0.227152652	0.242194377
BLSA	2000	-0.521049408	-0.027416587	-0.011377083	-0.213489924	0.19430964	0.091823726	-0.071040203	0.039809747	-0.319244758	-0.142847962	-0.098232976	0.108743867	0.2189678	-0.194868683	-0.08230619	-0.226166485	-0.198962969	-0.457216383	0.025963668	-0.122310789	0.114934777	0.101329867	-0.142954293	-0.097701642	0.062323877
BLSA	2020	-0.162645547	0.071729461	-0.059366621	0.150032018	-0.136068512	-0.150761992	-0.107063892	-0.116050191	-0.01436608	0.055490685	-0.028713178	-0.40948311	-0.445088289	0.111302083	-0.067799934	-0.042480572	0.031876395	-0.204767524	0.363791172	0.028161298	-0.054397005	0.125828694	0.363258476	0.071443232	0.404441868
BLSA	2037	-0.391545993	-0.017531052	-0.151257693	0.055318506	0.13191146	-0.10873729	0.038497073	-0.052299824	-0.185505983	0.055283459	-0.156914581	-0.435724721	-0.063952269	-0.000645586	0.149989343	-0.362929443	0.032671697	-0.300678436	0.269514944	0.071676198	0.175341294	0.160895969	0.48777013	-0.034655016	0.192469164
BLSA	2066	0.114653159	0.066496951	-0.164054164	-0.165804376	0.043903595	-0.080236276	-0.065648071	0.048408406	-0.128505312	-0.043447129	-0.074465807	-0.124505186	-0.005594342	-0.03739984	0.057834656	-0.087921102	-0.004597055	0.149840996	-0.104635487	-0.066701169	0.001653909	-0.074310602	0.085147744	0.003436207	-0.056011126
BLSA	2069	-0.4040997	0.383204886	0.144337814	0.049656161	0.453871493	0.241079763	0.277887907	0.190161201	0.07420851	-0.004274992	0.070064941	-0.049372509	0.092180316	-0.14402521	0.104011087	0.103813327	0.299018481	-0.206450597	0.044131934	0.099024282	0.161523739	0.024801858	0.523506841	-0.051244727	0.091112545
BLSA	2093	0.436840654	-0.251965947	-0.180146803	-0.23739183	0.062678516	-0.202732637	-0.221790129	0.081012777	0.001960919	-0.130693154	-0.145175259	-0.017060101	0.104777399	0.138517429	-0.169277304	-0.152663443	-0.159794999	-0.260520506	0.01416001	-0.259662707	-0.060973886	-0.071588007	-0.072793735	-0.020537604	0.092595946
BLSA	2102	-1.174555103	0.247276267	0.435646532	0.229475007	0.083889873	0.050853091	0.24982883	-0.296652266	0.073389945	0.297149554	0.040550794	-0.37454579	-0.448730103	0.222632452	0.637390235	0.34036938	0.258942169	-0.28306364	0.768937771	0.205635789	0.131643059	0.202356579	0.232989684	0.275347022	-0.208282131
JHU	384	-0.017674323	-0.084708401	-0.018383662	-0.150529613	-0.190027315	-0.066084345	-0.141249109	0.02713668	-0.001058818	0.042037248	-0.166729879	0.044492194	0.020276243	-0.268748538	-0.026892736	-0.059935347	-0.190975141	-0.004600064	-0.27436916	0.020293199	0.056601288	-0.106852049	-0.21104309	0.181075424	-0.288905596
JHU	705	0.454582875	-0.142332467	0.078356622	-0.105868134	-0.138481393	-0.008392923	-0.019688975	-0.063690805	0.170860747	-0.051983909	-0.10171441	0.36771836	0.238477292	0.06181206	0.136066331	-0.136615827	0.127463627	0.08694212	-0.395121391	0.008341498	0.072428543	-0.01086056	0.044059476	0.182903378	0.022445905
JHU	710	-0.283630385	0.093590225	0.040781309	0.046991583	-0.411879846	0.050173229	0.037126083	0.07549298	0.11568148	-0.003234086	0.024983189	-0.148831212	0.124975435	0.16234707	0.035438281	0.082635214	0.068747096	-0.068612569	0.201175193	0.153587295	0.081403513	0.034073252	-0.302995514	0.11295392	-0.133372176
JHU	712	0.157171184	-0.032409977	0.016822049	0.005320668	-0.302333789	0.061904314	0.141912242	0.354932648	0.056731147	0.072454041	0.259465134	-0.121350128	-0.026972146	-0.030468179	-0.408365052	0.028255926	-0.018473677	-0.136161542	0.314018605	-0.048338204	0.046137668	0.109586704	0.206424705	-0.019342095	-0.250222956
JHU	713	-0.484295416	0.328573919	-0.792892024	0.294989574	-0.047873121	-0.023825158	0.296616643	-0.520264521	-0.158707411	-0.140822609	0.086869103	-0.164363421	-0.409691263	0.269787987	-0.21059054	-0.13769047	-0.192438203	0.100844652	0.671176108	-0.132347661	-0.531011698	-0.062856344	-0.533433389	-0.598377059	-0.060025522
JHU	719	-0.377739867	0.173451147	0.164253186	-0.089581084	-0.176546497	0.128601399	0.11857169	-0.012524849	0.07898187	-0.093288369	-0.002367633	0.521014728	0.278672341	-0.101285292	0.098695054	-0.042615652	0.002937578	0.14234717	-0.790520537	0.06823057	0.187390582	0.044674405	-0.382699311	0.035258147	0.354250562
JHU	993	0.396841411	-0.330715815	0.217833308	-0.212223064	0.443719686	-0.123529427	-0.470337067	0.02863333	-0.227381808	0.104908271	-0.09047992	-0.774202142	-0.370968409	0.067132914	0.247085824	0.308626154	0.20798487	-0.229419277	0.42603663	-0.267043754	-0.036502535	0.029413091	1.071938864	-0.116994829	-0.148950645
JHU	994	0.294745541	-0.124847091	0.118014334	0.087724646	0.631059539	-0.101153023	-0.11462129	0.08142736	0.007533231	-0.040566822	-0.025450836	0.409073043	0.285168244	-0.21598195	0.161848658	-0.093529358	-0.078789862	0.131374666	-0.317550979	0.091637099	0.032756892	-0.138619226	-0.103831046	0.062492915	0.102027543
JHU	995	-0.14000102	0.11939846	0.175214879	0.123175424	0.192362736	0.082305935	0.151669784	0.028857177	-0.042640438	0.110496236	0.015425252	-0.133551422	-0.139937737	0.055403928	-0.03328582	0.05086936	0.073543713	-0.022715155	0.165155531	0.105639958	0.090795746	0.101440727	0.211579306	0.160030198	0.402752886
UMARY	142	0.269179617	-0.02053283	-0.124947601	0.083871624	0.252642249	-0.04519326	-0.064028339	0.182138682	0.090846511	0.114321007	0.008146636	-0.331110005	-0.26897724	0.032678458	-0.301871085	0.000830042	0.015035855	-0.171856252	0.400081389	0.067946119	-0.057699143	-0.073300756	0.458443233	0.041275735	-0.15201898
UMARY	602	0.010430719	0.026555791	0.210210003	0.002092384	-0.176886962	0.095417708	0.030661796	0.084112097	-0.149765846	-0.09814996	0.021798405	-0.086017779	-0.158334247	-0.233605845	-0.186862801	-0.106824857	-0.047353364	0.025337163	-0.036541901	-0.050197952	0.094537747	0.160850597	-0.24667245	-0.023309587	0.040499175
UMARY	604	-0.251621775	0.021986662	0.00677843	-0.01224622	0.154090313	0.087762366	0.047529414	0.026826771	0.072331288	0.042311912	-0.030889549	0.447975256	0.180018415	-0.072386961	0.203788835	0.026700473	-0.002322879	-0.177214665	-0.282821004	0.002266278	0.001185004	0.043632052	-0.259232085	-0.034067066	0.068314318
UMARY	813	-0.020433062	0.054096292	0.05770421	-0.089969749	-0.211138677	0.12883064	-0.012481866	-0.102949032	0.036909934	0.116972589	0.067590515	0.154961468	0.036093382	-0.027970378	0.038732135	0.177356222	0.075329534	0.052240147	-0.315118559	-0.020070773	-0.044349237	0.009069319	-0.359923842	-0.117290668	-0.090201722
UMARY	819	0.321345817	0.03873856	0.003672082	0.05715217	0.197657656	-0.073525193	0.026671569	-0.06121932	-0.136939113	0.017251156	0.004478924	0.016714311	-0.112192417	0.041894639	0.123925374	0.087043765	-0.032343433	0.23119445	-0.179423062	-0.019596528	-0.074073229	-0.100179524	0.074418958	-0.066737422	-0.068393895
UMARY	871	0.106218286	0.076130304	0.025372393	-0.084203881	-0.486614386	-0.025020118	0.002724108	-0.184662399	-0.006490482	-0.007209506	-0.036942796	-0.033354479	-0.085053484	0.06436113	0.093135089	0.124983781	0.053759851	0.205664774	-0.39396284	0.012947009	-0.035914832	-0.038456205	-0.464982235	-0.146664636	-0.120159422
UMARY	879	-0.086601862	-0.058611923	-0.064916106	-0.048937075	0.164405537	-0.041022103	-0.042896238	-0.141622897	-0.090061544	0.072181916	0.003313452	-0.003287306	0.009586598	-0.098389121	0.045993735	0.105094862	-0.001701254	0.144448274	-0.084803348	-0.013655379	-0.140488305	-0.119776408	-0.243569252	0.013310457	-0.085767841
UMARY	880	0.375218774	0.234202271	0.234633278	0.084762065	0.115270826	0.107802063	0.101785178	-0.069113759	0.153914276	0.002996375	0.167897936	-0.254714933	-0.220480355	0.090291585	-0.150997501	0.034140163	0.285592831	-0.084886881	0.193712141	0.078283277	0.184323576	0.264053537	0.657253649	-0.003174208	-0.295043066
UMARY	914	0.244248887	0.005165753	0.000779273	0.015592225	0.356229543	-0.137953739	-0.006799294	0.177788498	0.021268369	-0.121612231	-0.070531908	-0.104610868	-0.069213326	0.201590341	0.169213198	-0.095189304	-0.015245154	0.16579964	-0.021935705	0.10236285	-0.035839842	0.009478995	0.27419313	-0.01069401	-0.037192147
UMARY	933	-0.183494968	-0.002473254	0.005837949	-0.148790091	-0.219980791	0.064865	-0.014137906	-0.020965045	0.057136878	-0.166751162	0.027476822	-0.056071166	-0.149506548	-0.065244995	-0.183925666	0.012532441	-0.115787617	-0.212437285	-0.038549857	-0.097654456	0.194778105	0.065776624	0.134157347	-0.068067891	0.144789498
UMARY	1028	0.033232881	-0.200547704	-0.257312768	-0.277207241	0.050672895	-0.153001589	-0.169865229	0.150013463	0.085424119	-0.140852942	-0.002720229	0.407296529	0.106204928	-0.1445406	-0.117069549	-0.153647651	-0.188672554	0.033103664	-0.340506306	-0.04131827	-0.12701973	0.037621926	-0.269826828	-0.150152498	0.22832416
UMARY	1037	-0.477254485	-0.121791056	-0.036256889	-0.167332991	-0.424897057	0.219551346	0.003122449	-0.019505212	-0.079097454	-0.036023503	-0.118704619	0.180517782	0.433957311	-0.01551328	0.004698923	-0.161111451	-0.13417462	0.100758627	-0.121922018	-0.015790894	-0.050772146	0.0845222	-0.155840403	-0.241235917	0.222121669
UMARY	1064	0.389101029	0.012021042	0.04304628	-0.180352124	0.279999032	-0.028168444	0.034883221	0.151506372	-0.185940815	-0.033504564	0.016673985	-0.019470285	0.111510014	-0.100901556	0.216781653	-0.15597551	0.083131138	0.047407916	-0.509001629	0.037602499	0.195279931	0.026963895	0.296942181	-0.145764982	0.279272713
UMARY	1065	0.254645857	0.150249469	0.087620729	-0.357911862	0.103416684	-0.017428144	0.018250241	0.216976277	0.119497483	-0.000856542	-0.076662155	-0.238413283	0.21993314	-0.136972741	-0.054023779	0.019339541	0.065804082	-0.483075228	0.192845856	0.059580874	0.244873802	0.154704465	0.130579944	-0.318022674	0.078888461
UMARY	1076	0.090997052	0.031011167	0.092706234	0.059995438	0.57198318	0.07708348	0.097222893	0.098892487	-0.064131619	0.046410934	0.10917198	0.036222223	-0.045044609	0.00101254	0.021471849	0.226889037	0.101330983	0.238856811	-0.143908976	0.065906426	0.062757893	0.020346971	0.204648335	0.225957277	-0.078432228
UMARY	1078	0.366318317	-0.050407956	-0.098274329	-0.16016444	-0.307503727	-0.12563125	0.008814971	-0.203271019	-0.07792052	-0.132488128	-0.150267487	-0.216257773	-0.400319396	-0.030256236	0.048279184	-0.005822534	-0.147048525	-0.748017248	-0.071473205	-0.184925252	0.073971194	-0.058960563	0.151738506	0.240766204	-0.043268685
UMARY	1079	-0.173014147	-0.137748256	-0.142763591	-0.026463144	0.435790013	-0.07473932	-0.259050141	0.019256577	-0.068955757	-0.039687101	0.009949475	0.078388641	0.057816073	-0.203356496	0.334144347	-0.273665096	-0.139154078	0.167220625	-0.368527145	-0.065843025	-0.235963739	-0.224453064	-0.445189381	-0.05523711	0.079306366
UMARY	1104	-0.138721525	-0.020873967	-0.120613336	-0.036478777	-0.088859444	-0.099780754	-0.025700909	0.015136262	0.057735376	-0.004226765	0.004854773	0.045144505	0.074011157	-0.053434353	0.010247856	-0.007928427	-0.044426536	0.259213384	-0.082693902	-0.080414579	-0.112142904	-0.043802266	-0.44481156	-0.0158316	-0.15128121
UMARY	1105	-0.335972799	0.062376323	0.042603602	0.039694717	0.121845178	0.083855084	0.00744663	-0.039393981	0.148950073	0.014746601	0.076189746	-0.018700583	-0.045195914	0.227600259	0.113670901	0.157990035	0.18076902	0.151351209	0.36556056	0.060848244	-0.079132079	-0.057555749	-0.066881998	-0.024663774	0.097880029
UMARY	1114	-0.073893051	0.122379917	0.092911533	0.046039681	-0.247098215	0.125152428	0.130186681	-0.200707075	0.167143558	-0.022163211	0.067013862	0.032712136	-0.114332377	-0.005537043	0.133359481	0.080710597	0.092931103	0.070519535	-0.577291157	0.021920018	0.12617074	0.032210517	-0.250028807	0.010198916	-0.129713744
UMARY	1133	-1.011459522	0.173241686	0.345472666	0.055349403	-0.561816034	0.669545283	0.230936419	0.11783705	0.13872055	0.095962656	0.062653387	-0.030427705	0.178944923	0.322291933	-0.187668628	0.10477923	0.155592643	-0.062509119	0.193605996	0.072377823	0.303774176	0.295424326	-0.614165494	-0.145610793	0.031623447
UMARY	1134	0.091327527	0.060828762	0.020053895	0.021171306	-0.02571846	0.041032278	0.074143227	-0.111666694	0.055022165	0.019844309	-0.003450798	0.062700686	-0.032946131	0.11252094	0.057012617	0.100467637	0.035283838	0.100325052	-0.103628612	0.045317243	-0.062997814	-0.065486724	0.145701425	-0.053805546	0.035597982
UMARY	1136	0.160332739	-0.094744676	-0.001808208	0.039100001	0.505467411	-0.035791051	-0.022217523	-0.022578975	-0.032752733	-0.015065531	0.008035688	0.165653537	0.106942136	-0.036774904	0.023961801	0.00683993	-0.021388674	0.050599518	-0.149748148	0.036038466	0.014206041	-0.06956172	0.166341268	0.067087333	0.357972401
UMARY	1158	-0.024350327	0.023241789	0.07004278	0.174841808	-0.175848195	-0.07576982	0.007900209	-0.158317513	0.057351421	-0.029454181	0.048711804	-0.186570926	-0.214851259	0.04007323	0.013070785	-0.06786627	0.092434774	-0.202681298	0.337574898	-0.044267366	-0.016119032	0.020047557	0.138996799	0.004082891	0.016960969
UMARY	1170	-0.089283282	0.02062262	-0.001263504	0.017772285	-0.076872753	-0.008897738	-0.042843676	0.146240161	0.057033345	-0.047146438	0.00959252	-0.159396468	-0.012862494	0.012199058	-0.132661651	-0.009052405	0.028421526	-0.046119201	0.196584949	0.000943479	-0.020202378	-0.012641648	0.069120782	0.029193502	0.077535416
UMARY	1206	0.506240613	-0.001158711	0.006309672	-0.056834101	0.108207895	-0.067864335	0.056621735	0.128220068	-0.124184806	-0.061261988	0.034050548	-0.367011016	-0.178212841	0.024087227	-0.188729265	-0.086592174	-0.038266384	0.012338025	0.230384667	0.039941131	-0.104066296	0.050416758	0.78096383	-0.032017807	0.096899846
UMARY	1209	0.098982564	-0.046255864	-0.035937039	-0.074125601	-0.679868021	-0.082179917	-0.041266829	-0.057828675	-0.022772679	0.046244338	-0.193210683	-0.026511284	-0.156935349	0.061006778	-0.027600743	0.043467114	-0.052384538	0.081653837	0.147380981	-0.095638839	-0.080727556	-0.078358783	-0.268836061	-0.056690289	-0.128754697
UMARY	1226	0.007025019	0.031027557	-0.015390992	0.097582868	0.365435136	-0.027526212	0.115157459	-0.137203606	-0.020931922	0.044140263	0.058257495	-0.015993355	-0.178694517	0.166158293	0.000797488	-0.000389997	0.059467489	-0.200538985	-0.481830557	0.00950656	0.042464851	0.111273918	-0.046905208	0.040163193	0.043365202
UMARY	1230	-0.361844979	-0.024871853	0.058188583	-0.020852935	-0.086821127	0.077234169	-0.024718636	0.008031698	0.004832134	0.013946059	-0.03146879	0.224693616	0.231228281	-0.037529148	-0.132712364	0.038524145	0.033953112	0.138069312	-0.101449755	-0.012759591	0.060610186	0.068734803	-0.02630429	0.062686153	0.220748361
UMARY	1260	-0.410626304	0.101337851	0.101040244	0.066986319	-0.327247238	0.082195728	0.170962236	-0.209229598	0.021732853	0.124112203	0.017810384	0.027360033	0.161088006	0.176843888	0.125196898	0.116836871	0.178945521	-0.041102756	-0.149195974	0.147458416	0.094314453	0.147564405	-0.444160827	0.107343177	-0.060377024
UMARY	1326	-0.267415781	-0.020038004	0.0206658	-0.042444411	-0.092343818	0.00181365	-0.065167421	-0.183326518	-0.016388923	0.13512426	0.045496429	0.177989412	0.216355877	-0.10193509	0.022711327	0.072387621	-0.006085933	0.272342756	-0.01859179	0.003478338	-0.007256343	-0.017074761	-0.339342261	-0.01266434	-0.277979506
UMARY	1454	-0.017095669	0.008097338	-0.058206626	-0.117647895	0.276222876	0.012530283	-0.103734458	0.204108209	0.006440968	0.022387788	0.036446069	-0.309027719	-0.182879108	-0.077161873	-0.052876664	-0.080170023	-0.031014401	0.054308434	-0.103536133	-0.104500528	0.064682769	0.044560416	0.479075502	-0.230651972	-0.081009498
UMARY	1465	0.157897823	-0.037365235	-0.198603616	0.027631568	0.533228479	-0.184252727	-0.080397442	0.135500474	0.032211197	-0.028423652	0.024725882	-0.166337474	-0.320458603	0.123083114	0.008913848	0.059302206	0.028216276	0.137777579	0.401257952	0.048923299	-0.140874259	-0.081074166	0.574476945	0.121078648	-0.048500251
UMARY	1486	0.203549683	-0.061687725	-0.076579933	-0.031630374	-0.035346738	-0.09431694	-0.177452828	-0.034233575	-0.085849779	0.01368811	-0.038957217	0.108859607	0.033254299	-0.046320888	0.13984809	-0.047882696	-0.091246953	0.128851325	-0.038816151	0.114789481	-0.101750668	-0.118100637	-0.032100907	-0.08904975	-0.035499868
UMARY	1498	0.213869971	-0.078443808	-0.027903427	-0.034519527	-0.13642812	-0.063475835	-0.057519539	0.144014502	0.02171674	-0.006403538	-0.046190502	-0.011052782	-0.014376884	-0.039774512	-0.01350582	-0.055907524	-0.002368578	0.033160763	0.07979209	-0.030410542	-0.054662258	-0.084199956	0.018797596	0.027449009	-0.016976141
UMARY	1502	-0.371460885	-0.114022677	-0.162188949	-0.018249044	-0.081283006	-0.034698376	-0.057311624	-0.243988609	0.000163984	-0.045184961	-0.057635146	0.119272133	0.070587013	-0.158139284	-0.235594984	-0.147296492	-0.016189603	0.096098252	-0.380335275	0.043962149	-0.050022774	-0.027750544	-0.697233623	-0.071892687	-0.006567668
UMARY	1535	0.171676122	0.110417665	-0.113786273	0.048827399	0.071905426	-0.056392516	0.030384702	-0.223140639	-0.014049192	-0.085187704	-0.140974407	-0.193473268	-0.094088282	0.010518548	0.116360307	0.079866824	-0.014802177	0.11195102	0.14655245	-0.004427488	-0.049185447	-0.041097066	0.056100979	-0.070403409	0.401676626
UMARY	1540	0.147236454	0.05385095	-0.033771457	-0.007073709	0.102762408	-0.172466392	-0.077343801	-0.007107138	-0.00175702	0.034851897	-0.044203087	-0.027305494	0.230000687	0.0822087	0.014959105	0.040862855	-0.127317525	-0.380750059	-0.649013866	-0.07885466	-0.141265794	-0.098573865	0.034006024	-0.066045113	0.19077607
UMARY	1541	0.110006446	0.094655593	0.119642821	-0.041752054	-0.092702025	0.088307599	0.103363953	0.010872232	0.116197323	-0.031789501	0.111172696	0.106157349	-0.089428276	0.125312152	0.021645714	0.165994777	0.14114424	0.148226394	-0.199284397	0.147515019	0.061949147	0.075356392	-0.050339927	0.003588731	-0.084677899
UMARY	1544	-0.162415719	-0.009861139	-0.064627444	0.03184641	-0.005068151	0.001399176	-0.022132614	-0.318858476	-0.085232924	-0.095647645	-0.088699057	0.177540093	-0.010846425	-0.065893098	-0.071090049	-0.060050908	-0.031591375	0.210247126	0.03745861	0.055602356	-0.051704985	-0.055726197	-0.223957525	-0.107825257	-0.176963738
UMARY	1545	-0.351580266	0.2138068	0.179069186	-0.041942579	-0.122308411	0.195084589	0.186290578	-0.347363638	0.045936434	-0.024762458	0.031360553	0.309701238	0.157519106	-0.103375348	0.061313852	0.032769347	0.241991494	-0.023918965	-0.078609815	0.124963701	0.314473367	0.08978897	0.02080817	-0.030901175	0.466395194
UMARY	1568	0.002052087	-0.006130522	-0.113031312	-0.029099352	-0.092775711	0.05694386	-0.095142977	0.268937441	0.165311603	-0.101036049	-0.03176267	-0.307840692	-0.090393899	-0.092359619	-0.048791334	-0.070042382	0.029438655	0.128297838	-0.327781892	0.031955042	0.116346809	0.14774719	0.043040649	-0.032522096	0.102133789
UMARY	1570	0.26656107	0.007897554	0.011069732	-0.002852792	-0.023895332	-0.003664236	0.023111955	0.072842395	-0.043360688	0.081706932	0.007857745	-0.024150524	-0.032121521	-0.006944987	0.166682471	0.061956789	-0.030354259	0.20785147	-0.201941076	0.010748155	-0.06511075	-0.016780406	0.129779525	0.051348593	-0.113787224
UMARY	1571	-0.207732865	-0.009338449	-0.009553036	-0.046695102	-0.002200203	0.113354321	-0.0646097	-0.172367344	0.012987582	-0.097236632	0.094979468	0.474358089	0.49900448	-0.057477199	-0.08200723	-0.058447347	0.008035554	0.251122625	-0.423809381	0.067528822	0.008483733	0.033379506	-0.320355716	0.049617558	0.109195845
UMARY	1578	0.348468452	-0.079480027	-0.040166682	-0.159079058	-0.071415202	0.101338402	-0.073456209	-0.19849751	-0.004600378	-0.078352103	-0.086897827	0.481517512	0.467872895	-0.014205591	0.059885684	-0.005931989	-0.059028972	0.246501342	-0.497002549	0.022325062	-0.007957965	-0.038876563	0.195788699	-0.111420091	0.754913091
UMARY	1583	-0.002365226	0.067246669	0.015355445	0.121752066	0.288051102	0.015668074	0.178984522	0.182388492	0.146538468	0.002246982	0.024312197	-0.335371462	-0.36180887	0.038955581	-0.042644266	-0.083569196	0.104390312	-0.295795537	0.330974757	-0.11198875	0.150428042	0.120103045	0.779855819	0.071264306	0.156891643
UMARY	1584	0.300175695	0.090152098	0.07368641	-0.034856986	-0.169196796	0.18311834	0.025499635	-0.087493277	0.025614093	-0.041423168	0.072462983	0.045694126	0.06777193	0.037159606	0.071244969	-0.039289813	-0.038198613	-0.034792502	-0.203484294	-0.048241667	0.010135189	0.016260853	0.054826985	-0.008399209	0.02345443
UMARY	1611	0.409923748	-0.043016422	-0.092616519	-0.066703041	0.530580519	-0.107264095	-0.121874291	0.243557129	-0.176877672	-0.185032007	0.007330425	0.246740573	-0.033395338	-0.15264764	0.055319638	-0.236056616	-0.151469832	-0.010286966	-0.00835024	0.110446773	0.016757702	-0.107447316	0.295190057	0.219711809	0.041214548
UMARY	1612	-0.029714216	0.045816636	0.098777921	0.008127923	-0.278855397	0.026088273	0.111151365	0.094597913	0.137520072	0.008305009	0.06438189	-0.148820721	-0.053098169	-0.083548376	-0.121113347	0.067316214	-0.133625521	-0.43797003	0.578054795	-0.025664686	0.268259257	-0.049704043	-0.099159487	0.504986112	-0.170861019
UMARY	1613	0.646853335	-0.07560261	0.058466975	-0.095417924	-0.103269377	-0.06361869	0.059329882	0.237021866	-0.095207635	-0.080249174	0.085942773	-0.359094421	-0.327953534	0.052220837	0.001525405	-0.060377087	-0.008404416	-0.411037741	0.20681049	-0.119482691	0.061730723	0.060645822	0.582607817	-0.118305532	-0.359553778
UMARY	1614	0.55703487	-0.026009021	0.097875051	0.065084205	-0.006633129	-0.0771868	0.006139809	0.059376822	0.02096385	-0.043221671	0.098335236	-0.130059663	-0.086281085	0.10123398	-0.000704425	0.036547174	0.034079184	0.017058549	-0.057728608	0.047316858	0.040425569	0.10573918	0.248637571	0.069849928	-0.135440545
UMARY	1648	0.1371267	-0.040434282	0.012252155	0.009418635	-0.213498021	-0.013728575	0.020704857	0.098798673	-0.011825545	0.076647934	0.040162551	0.148612747	0.145790197	0.261374136	0.077256106	0.015893886	-0.027975819	-0.057907324	0.058081773	0.030874428	-0.043683801	0.086608014	-0.595380997	-0.049861693	-0.067984388
UMARY	1652	0.331880384	0.091192989	-0.001691479	0.05526189	0.184960408	-0.065165676	0.037081061	0.421251984	-0.093514406	0.027444028	0.101346766	-0.454028037	-0.181324223	-0.129022319	-0.110185955	-0.145526644	-0.06880901	-0.466207825	0.306587376	-0.145464839	0.056261247	0.009324655	0.916716987	0.082224631	-0.134899986
UMARY	1668	-0.37669679	0.096509542	0.053346542	0.146533819	-0.027941408	0.013363589	0.190656325	0.152743749	0.036933884	0.13806314	0.052909064	-0.085598205	-0.049991625	0.101215294	-0.035692131	0.017649146	0.114249609	0.129259655	0.112590675	0.024244704	0.07346326	0.036674441	0.170105285	0.054348503	-0.151675836
UMARY	1710	0.107964282	-0.014218477	0.033879975	0.171249855	0.086814302	-0.048408779	0.026095375	-0.073123212	-0.019263105	0.059604039	0.064181807	0.172816904	-0.08608526	0.084529027	0.188912282	-0.059530423	0.009689985	-0.023085995	0.56850226	0.043789433	-0.043899194	0.154193179	0.07348052	-0.037899532	-0.122083513
UMARY	1712	-0.132310052	0.087231387	0.015308692	0.187071752	0.057432791	0.013058114	0.078691525	-0.145454786	0.007265101	0.04560721	0.004683304	-0.095591331	-0.151848322	0.100297072	0.106575423	0.112302606	-0.00022627	0.206517558	0.187669681	0.023819628	-0.025058755	-0.007624898	0.333698068	0.168858567	-0.225629542
UMARY	1713	-0.301944187	-0.006263947	-0.120737779	0.128025983	0.295715335	0.009219904	-0.000294118	0.115155154	-0.020162734	0.013615459	0.029746159	-0.061525591	0.014535151	-0.117048315	-0.150653703	-0.040006497	-0.071973447	0.020576055	0.240313788	0.000227886	-0.080356985	-0.120944721	-0.346115533	0.142775195	-0.028758127
UMARY	1715	-0.481877914	-0.037655413	0.024776817	0.002788428	0.063351059	0.049070105	-0.0780032	-0.071964972	0.029816777	0.012688987	0.019856563	0.171044721	-0.104227061	0.083003044	-0.124924221	0.149366563	-0.028064132	-0.013274676	0.126161482	0.018075829	-0.098008991	0.115578394	-0.054462469	-0.02122716	0.049460385
UMARY	1792	0.314433987	-0.031463099	-0.0026512	0.060129156	-0.094738235	-0.074390527	0.011628658	0.133089587	-0.010273765	0.057864674	-0.105274451	0.177412072	0.204316658	-0.019867654	0.085965262	-0.042391607	0.027393174	0.154354095	-0.147965866	-0.046723636	0.04079076	0.016357967	0.039143514	-0.141240903	0.167690398
UMARY	1795	0.047488706	0.046017769	-0.032843598	0.062154768	-0.066207437	-0.101887696	-0.007632554	0.073403725	0.045198207	0.031299907	0.054372185	0.069062632	0.189353964	0.051537104	0.029503817	-0.082733712	0.041851287	-0.187458051	0.287507935	-0.003224968	-0.078959862	-0.058282798	0.019108397	-0.091001244	-0.049939068
UMARY	1797	0.264229016	-0.043565992	-0.086735803	-0.076795863	-0.24412026	-0.047932455	-0.001944135	-0.129225372	0.015807941	-0.076566646	0.049239786	0.176942468	-0.042034093	-0.027363587	-0.126062744	0.06065312	0.027591032	0.081442523	0.319355973	0.004838166	0.082853775	-0.055662651	0.154628714	-0.111377591	-0.268610691
UMARY	1825	0.093006957	-0.104035509	-0.076841739	-0.126347758	-0.361243885	-0.10126717	-0.081145488	-0.186139048	-0.173594311	-0.021611122	-0.129226675	0.120254594	0.178589592	-0.039478638	-0.00296568	-0.141122621	-0.112253371	0.174102807	-0.026151377	-0.010144961	-0.060070801	-0.014080348	-0.077461626	-0.049950202	-0.078554726
UMARY	1827	0.730778338	-0.026920109	0.020940871	-0.080522644	0.348687315	-0.03495461	0.01658304	0.120090875	0.022715257	-0.023288377	-0.026893877	0.133958441	0.403594399	-0.024878545	0.242360292	-0.19328132	-0.004428567	0.171199777	-0.278810575	0.087028257	0.011549077	-0.09068736	0.294128065	-0.229152908	0.477802955
UMARY	1830	-0.327608751	0.104998693	0.157600647	0.01963164	-0.081554925	0.036039545	0.146806927	0.063657812	0.08035997	0.104085744	0.068896478	-0.271330348	-0.07006484	0.062636503	-0.026224919	0.122718373	0.160452346	-0.038040262	0.159474108	0.063232339	0.124290325	0.163114403	0.416879313	-0.026784341	0.273513615
UMARY	1846	0.29460052	-0.025341667	-0.023560452	0.056679718	-0.232016038	0.028502065	-0.087305685	-0.088296504	0.041295131	0.048676372	-0.081786169	-0.042570913	-0.118048353	0.183550709	-0.001205136	0.119620678	0.046145245	-0.098476784	-0.320813216	-0.04664862	-0.096720635	0.188150104	-0.06408387	-0.026136365	-0.046793948
UMARY	1847	0.413964592	-0.018993031	0.068850905	0.129275934	0.162276969	0.051672124	0.033017925	0.127788101	0.034013405	-0.01579031	0.108295595	0.129770515	0.081993899	0.110507266	0.020375447	-0.012214945	-0.081677113	-0.058868067	0.378438364	0.047501499	-0.0055192	-0.023623938	0.264906033	-0.226467334	-0.018559297
UMARY	1849	0.059911157	0.076589428	0.007733785	-0.077660143	0.638421128	-0.054527909	-0.015131789	0.228812641	-0.117482015	0.207320354	0.012363351	0.098706154	-0.065376448	-0.052231595	0.242727975	-0.05614599	-0.018681812	-0.07428124	-0.496163419	0.168913947	-0.034583561	-0.066201983	-0.131717595	0.049974109	0.601815357
UMARY	1862	0.123421789	0.168520867	0.029777434	0.046068314	-0.149212483	0.006590056	0.08103844	0.03152638	-0.051400927	-0.013467676	0.014139634	0.108512497	0.070871743	0.042070179	0.071946749	-0.111832505	0.060800063	0.065290943	-0.202168423	0.068052346	0.027773175	-0.030577843	0.260420643	-0.177209435	0.245165591
UMARY	1865	-0.025571399	0.0450142	-0.014813987	-0.036425891	-0.329205469	-0.00702136	-0.084091964	-0.118951348	0.009602075	0.012484373	0.005474578	-0.03876667	0.129677095	0.138184083	-0.086654993	0.017526738	0.015349849	-0.112509367	0.0650063	-0.011361211	-0.072956649	-0.053563851	-0.015826447	-0.124582049	0.007755729
UMARY	1866	0.066448317	-0.058517443	-0.075034588	0.011039396	0.535501803	-0.092850167	-0.059203321	-0.110874544	-0.001429678	-2.80E-05	0.016169173	-0.043353248	0.013163503	-0.160570101	-0.06809635	-0.128206693	-0.178272587	-0.11897985	0.226309664	0.035134563	-0.037594392	-0.057589463	-0.134227144	0.137496337	-0.151867297
UMARY	1867	0.441115626	-0.010392584	-0.091473822	-0.117657898	-0.225890495	-0.021593865	-0.052114207	-0.010471266	0.163159428	-0.11384841	-0.083632191	-0.037390234	0.222479697	-0.055143047	0.17011584	0.039415793	0.004780605	0.040989563	-0.298408752	0.077280365	-0.072732643	-0.152566759	-0.125146903	-0.259373134	0.154309869
UMARY	1902	0.258550777	-0.011211236	-0.024180007	0.061632135	-0.301175984	-0.119626136	-0.025208277	-0.087802903	-0.024933522	0.032882255	-0.01348355	0.082267558	0.040223373	0.222836353	-0.034679223	0.067375125	0.033357414	0.129966357	0.030542546	-0.08448794	-0.030619456	0.012051255	-0.402949165	-0.111724351	-0.061305442
UMARY	1903	-0.148722444	0.041576628	0.013973047	0.121785543	0.14998544	0.013612441	0.042743069	-0.062005272	0.123571204	0.053454409	0.116007348	0.145982771	0.111127125	0.065540486	0.089770562	0.150669726	0.023710648	0.038717388	0.300697982	0.160444749	0.041957113	0.105239076	-0.557438982	0.057883776	-0.098330219
UMARY	1907	0.089448852	-0.162149875	-0.079709737	-0.128890057	-0.315919338	-0.174698824	-0.063785539	-0.186821636	-0.125717799	-0.135307012	-0.011598698	0.02459839	0.040378668	-0.069445194	-0.08484518	-0.055184844	-0.127693358	0.121076979	-0.090121708	-0.12143346	-0.113631276	-0.078478866	-0.387621867	0.178658711	-0.188737917
UMARY	1917	0.47754597	-0.021324869	-0.085636127	-0.094176402	-0.006046873	-0.005985127	-0.118776141	0.003446523	-0.091836217	-0.078706907	-0.002444608	0.219197615	0.290715956	0.087249046	0.309471592	-0.007797081	-0.119768417	0.017239555	0.130001529	0.111392168	-0.001285315	-0.085807042	0.028222082	-0.227199954	0.236730848
UMARY	1935	-0.10036224	-0.084423491	-0.108774374	-0.189224894	-0.143824966	0.15980375	-0.091186703	-0.121134115	-0.047556676	-0.230519552	-0.135539493	-0.061731007	-0.201779372	0.02607292	-0.385585473	-0.123136278	-0.118975867	-0.111738461	-0.045252403	-0.113892051	-0.07137858	-0.049168832	0.148320026	-0.074636595	-0.046534166
UMARY	1936	0.086193937	-0.052569391	0.095010683	0.223425909	0.625709441	0.046739322	0.010867903	-0.14131171	-0.020966688	-0.054490252	0.008020002	0.101388351	-0.14382935	-0.06043977	-0.031121506	0.061429572	-0.041257119	0.040864419	0.054948184	0.000681189	0.024851694	-0.112411101	-0.076850383	0.267508302	-0.047630177
UMARY	1939	-1.548427193	-0.218005689	0.075095812	-0.048098646	-0.174043649	-0.385725414	-0.043250337	0.456107758	-0.089633886	0.635260031	-0.278380214	-0.31910235	-0.531839056	-0.067700104	0.184063235	0.354591721	0.375763705	0.6057427	0.266268092	-0.124552052	-0.620686876	-0.331046048	-0.481360582	0.151545504	-0.685741361
UMARY	1940	0.681660341	-0.012120279	0.177254399	0.007540286	-0.020492831	-0.05826984	0.023483458	0.051724573	0.026793172	-0.067099442	-0.046100201	0.204686511	0.087761354	-0.021437818	0.137244977	-0.049718892	-0.064884798	0.036265094	-0.258906465	0.012088785	0.107301791	-0.01216769	-0.146685433	0.035676727	0.292817514
UMARY	4263	-0.102104755	0.067977748	-0.13377848	-0.09757553	-0.220772393	-0.093884648	-0.116361539	-0.189049917	-0.078694028	0.081133422	0.01312728	-0.455392778	-0.332908523	0.044217308	0.043987343	-0.137742771	0.085774813	-0.454801043	0.454448817	-0.073122493	-0.052251279	-0.003655693	-0.019600147	-0.171105774	-0.153955565
UMARY	4540	-0.594108024	-0.117472024	-0.092741562	-0.041778704	-0.542417683	-0.023998428	-0.143583574	-0.217943583	0.008430897	-0.035021843	-0.027512513	0.012079702	-0.106140606	-0.005832573	-0.206999205	0.027386203	-0.047986711	-0.024466926	0.205328119	-0.154714868	-0.206110672	-0.083664059	-0.672288291	-0.169089481	-0.361701039
UMARY	4542	-0.441644154	-0.006214312	0.007232785	0.051204775	-0.502064353	0.147820011	0.107155345	-0.080067353	-0.072240224	-0.067113653	-0.026331343	-0.027347554	0.434256522	-0.030787715	-0.014119717	-0.124043685	0.039888287	-0.097022803	0.112280353	-0.043019205	0.077168525	0.068573538	-0.414863012	-0.071208373	-0.19658145
UMARY	4543	-0.046853944	-0.003771401	-0.046235268	0.017514999	-0.002782816	0.149230227	-0.04556131	-0.093755197	-0.006359012	-0.048611405	-0.061807671	0.155878668	0.127520293	-0.08004499	-0.107550969	0.009216953	-0.145314447	0.095599002	0.065932037	-0.12518495	-0.127979316	-0.18851578	-0.003828948	-0.040955954	-0.043305395
UMARY	4549	0.224752247	0.037215503	-0.017742035	-0.027284933	0.001460224	0.021751223	0.01911527	-0.005644747	0.125668674	0.143759901	0.04784098	0.277403015	0.326523267	-0.043959655	-0.01411462	0.060622402	0.086411097	0.315304109	-0.117444706	0.003106728	0.035705529	-0.127847508	-0.296137077	-0.124349168	-0.091200835
UMARY	4590	0.165992334	-0.171793536	0.0696109	-0.00905077	-0.067510428	-0.021435784	0.149283928	0.149540589	-0.161497508	-0.091305127	-0.120416545	-0.195681908	0.057211397	-0.094109694	0.150607915	-0.121428275	-0.04797495	0.072496379	-0.130983568	-0.075872866	0.10063289	0.248251427	0.507218992	-0.143024952	-0.014855812
UMARY	4593	0.296765236	-0.034345831	-0.111587985	-0.023176542	0.387434833	-0.106186227	-0.031062039	-0.162256663	0.078955263	-0.029207055	0.080330862	-0.246405865	-0.098979518	-0.067143383	-0.128006022	-0.012917811	-0.077904211	-0.022208962	-0.129038274	0.158599126	-0.087867608	0.140942152	-0.05929846	-0.033915233	0.199054508
UMARY	4598	0.362996865	-0.023777724	-0.155963783	-0.013439386	-0.038092548	-0.048227672	-0.105107561	-0.024601529	0.017299265	-0.02275059	-0.027284368	0.232611875	0.184844325	-0.036145265	0.045798726	-0.07585074	-0.045613781	0.176938995	-0.053524481	0.002042683	-0.042935079	-0.148924092	0.057456958	-0.069703738	-0.049471047
UMARY	4636	-0.148284596	-0.025566895	-0.013646457	-0.057185762	-0.132381384	0.01906644	-0.035840224	0.0646821	0.006586751	-0.065995143	-0.011425257	0.255249737	0.114221242	-0.088638525	0.017309105	-0.084335279	-0.124803858	0.229323886	-0.269532854	0.07014763	-0.08320713	-0.092528913	-0.190799303	-0.038541089	0.039831148
UMARY	4640	0.182823333	-0.122411496	0.004470845	-0.073804194	0.230630821	-0.118133141	-0.14536257	0.033268166	-0.049732113	0.030353714	-0.048361364	-0.169941612	-0.005243853	-0.21896083	0.176281641	-0.192017005	0.020095299	0.152904949	-0.086431458	-0.074170911	-0.022321669	-0.081170239	-0.193973445	-0.053289656	0.070643072
UMARY	4725	-0.177842011	-0.192213749	-0.066858188	-0.145799934	0.059773371	0.054924275	-0.129287386	-0.174975119	0.049485437	0.052124788	-0.105236066	0.247974019	0.159078703	-0.221094543	-0.105464641	0.04766648	-0.047366065	0.37585039	-0.25592344	0.187837661	-0.154706361	-0.048805271	-0.096071954	0.04462394	-0.169373927
UMARY	4726	-0.351510339	0.082003412	-0.014467654	0.092749975	0.043441964	0.077103108	0.126521501	-0.015454887	0.058511185	0.034512932	0.066916717	0.409339656	0.133653835	-0.14394101	-0.040156857	0.124904758	-0.041427075	0.147992911	0.156153358	0.069090179	-0.001394331	-0.035394005	-0.09695003	0.182788805	0.276532811
UMARY	4727	-1.219816183	0.110619253	0.135809756	0.053750289	-0.285396231	0.223888605	0.065384715	0.280317946	-0.047864013	0.025358159	0.002110401	0.159455856	0.121927937	0.083642291	-0.167621933	-0.122545692	0.02173073	-0.18076528	0.101845866	-0.123183099	0.144683617	0.032881839	-0.551623567	0.030332663	-0.033720781
UMARY	4729	0.146379102	0.07727171	0.016284006	0.061591596	-0.256642956	-0.131137235	-0.170503361	-0.089206778	-0.127863909	-0.020394862	-0.109661978	-0.297054854	-0.299947573	0.020720096	-0.169808349	0.065504696	0.11211544	-0.211833896	0.190918952	-0.022305521	-0.147532083	0.029465656	0.160446962	0.02496742	-0.023940427
UMARY	4782	-0.04782448	-0.127070203	-0.110469493	-0.06258789	-0.103587686	0.021742539	-0.156276046	-0.275770673	-0.025611231	0.065000111	-0.133007252	0.08843632	0.093388836	-0.286137634	0.108708053	0.022656039	0.03132798	0.110933239	-0.007307562	-0.120987209	0.022735205	-0.180384563	-0.347206627	0.035169327	0.055972963
UMARY	4786	-0.176565409	0.101890719	0.0077896	0.091286668	0.246088712	0.000399909	0.062799656	0.074613904	-0.027862038	-0.037261347	0.10061022	-0.092520554	0.234431209	0.032895488	0.11649096	-0.058079048	0.057592259	0.019719569	0.006948989	0.012702853	0.056725827	-0.128359368	0.281512099	0.025709211	-0.192002128
UMARY	4788	-0.682182271	-0.263850934	-0.112516709	0.382432168	0.653972745	-0.003551458	-0.152075298	-0.02444109	-0.118577646	-0.040828805	-0.251398163	-0.465722185	-0.563318658	-0.119644355	-0.262670143	0.031411166	-0.219497062	-0.372425842	0.832855221	-0.146144292	0.065807273	-0.146077874	0.127023073	1.370600286	-0.431773577
UMARY	4789	-1.892176322	0.018621715	0.20061874	0.767492079	0.42339441	-0.000431706	0.126525208	0.468428551	0.022285234	0.019991617	0.162397776	-0.154371316	-0.017411452	0.023043935	-0.19900321	-0.015793291	-0.04295627	-0.215171501	0.724156793	0.07504769	0.139777996	0.18385414	0.459656828	0.85611205	-0.157184745
UMARY	4841	0.644187653	-0.040440634	0.010606107	-0.053414066	-0.034179414	-0.013032371	-0.03670802	0.263556613	-0.128314542	-0.039937096	0.053176255	0.125660597	0.057330248	0.228713321	-0.10854885	0.001158759	-0.071182083	-0.24348057	0.218116309	0.028946278	-0.094174816	0.071805921	0.082922195	-0.058810998	0.024800413
UMARY	4842	-0.203510363	-0.124794789	0.094408808	-0.010580311	-0.148578807	-0.128918892	0.058401471	0.411074646	-0.017241511	0.104124234	0.079549666	-0.655906444	-0.354374572	0.132924717	-0.13906198	0.071136392	0.155182971	-0.493458346	0.187299735	-0.111233899	0.010088701	0.130675534	0.688692643	0.034013466	-0.305873033
UMARY	4903	-0.320655319	-0.084064436	0.145127597	-0.126693095	-0.14021253	-0.03419316	-0.040653787	-0.020215538	0.049315209	0.089570709	-0.081364576	0.01860023	0.011914289	-0.098802997	0.183069188	0.029627159	0.052852754	0.296045375	-0.026387715	-0.180262296	0.202205931	0.094178259	-0.254036797	0.087450484	0.15181383
UMARY	4915	0.320417923	0.07239866	-0.009099578	0.093197816	-0.312672989	-0.004432782	0.007107437	0.049154438	0.021784637	-0.017860762	0.120742009	0.022747627	0.02337213	0.094578536	-0.193773285	0.06291121	0.047145332	-0.261280199	-0.095504234	0.077594879	0.048193709	0.176855532	-0.150882508	0.123945031	-0.193918308
UMARY	4916	0.649382805	0.01866709	-0.070622314	-0.009528309	0.075500826	-0.170591799	-0.007146473	0.045223636	0.009302317	-0.079361626	0.019995431	0.125038696	0.109529826	0.104057596	0.002696418	-0.037036875	-0.049473588	0.099035667	0.155398412	0.007470313	-0.012736204	0.096347119	0.536250559	-0.033254227	-0.06841654
UMARY	4924	-0.905671357	0.170304194	0.066185275	0.298623784	-0.036978891	0.248515527	0.284404808	-0.2059282	0.157299443	0.21443498	0.171654037	-0.331144951	-0.366915102	0.219024378	0.244187473	0.328887229	0.15144146	-0.361081966	0.648685663	0.206075577	0.033463069	-0.048829532	0.312562545	-0.046147955	-0.099507758
UMARY	5024	0.321207373	0.085393496	0.117840567	-0.026768191	0.250535852	0.088425685	0.047947021	-0.151630539	-0.116410666	-0.040105411	-0.067823433	0.15834111	-0.15742214	0.086247888	-0.096306976	-0.012136954	-0.014656976	-0.216279362	-0.300739102	0.077886231	0.075067336	0.101328769	0.143300621	0.001033586	-0.167742509
UMARY	5028	0.224525762	0.07026645	-0.123859712	-0.204714615	0.276254288	-0.012234609	-0.02874978	0.007117985	0.071128562	0.020759135	0.063760314	0.006599059	0.017511911	-0.15037411	-0.093757951	0.122357051	-0.002894434	-0.121396017	-0.118217731	-0.052517285	0.068443463	-0.045579799	0.237911505	-0.16063864	-0.038389744
UMARY	5078	-0.078469604	-0.158574169	-0.091861058	-0.071752109	-0.243964337	0.031383844	-0.050584738	-0.158462403	0.072547684	-0.122606962	-0.107532288	0.482665148	0.064372825	-0.059690662	0.097144566	-0.048957352	-0.134071518	0.186328809	-0.218906368	-0.161713796	-0.070761367	-0.118033363	-0.295504903	0.012129404	-0.231074539
UMARY	5079	-0.346529824	0.029604418	-0.008204789	-0.028180493	-0.440139909	0.116312008	0.056847026	-0.152414877	0.025204636	-0.052201395	-0.005631027	-0.108230864	-0.14413349	-0.034910962	-0.310548477	-0.057919117	-0.03190797	-0.173887694	0.023683142	-0.116550465	0.003994867	-0.011977343	-0.30290249	-0.00851918	0.133924042
UMARY	5081	0.471016078	0.025292438	-0.026958246	-0.085330877	0.163568156	-0.015488644	-0.054317097	0.044639559	-0.032438477	-0.001134057	-0.021046688	0.041629756	0.312257707	-0.022474719	-0.029946708	0.049660891	0.019733521	0.348459165	-0.005648761	-0.110300306	-0.01420526	0.024209664	0.165186595	-0.108414824	0.210001304
UMARY	5086	0.663937833	0.028113156	0.084884854	-1.54E-05	0.099591702	0.035473292	0.107021047	-0.102258383	-0.011722024	0.065126649	0.06254386	-0.12934837	0.074868328	0.06802774	0.261754459	0.041604578	-0.064748283	-0.130879666	-0.079427509	-0.010893825	0.066222741	-0.023201646	-0.051716264	-0.169864107	0.320642243
UMARY	5087	-0.326683601	0.126535627	-0.004447142	0.081464157	0.260031899	-0.00893957	0.153213914	0.088856084	0.017500328	-0.030177739	0.031276748	-0.232586245	-0.198961869	0.005518136	0.06659029	-0.048733016	0.049182815	-0.014176652	-0.138742965	0.030845066	0.104300746	0.009438893	-0.11155796	0.028991679	0.089016812
