FID	IID	1	2	3	4	5	6	7	8	9	10	11	12	13	14	15	16	17	18	19	20	21	22	23	24	25
BLSA	745	-0.473507782	0.188876228	0.061086231	-0.253415689	0.554611808	0.261834068	0.398330275	0.309821797	0.600623716	-0.014880776	0.499804058	0.284884744	-0.428939707	0.233989374	0.150761905	-0.449564099	0.162496588	-0.000608373	0.849222641	0.130364499	-1.330788015	0.356366778	-0.484238378	-0.249631004	0.316536365
BLSA	827	-0.414574064	0.31315669	-0.156879517	-0.00454643	0.243559825	-0.482803427	0.125751913	0.10663315	0.282114977	-0.146534774	0.360578146	0.348660549	1.788756863	-0.026083259	0.008306478	-1.418851421	-0.123585537	0.101072661	0.401759406	0.284495994	-1.602430975	0.346826531	-0.452286507	-1.225068668	0.193243973
BLSA	1556	-0.360576213	-0.058685398	0.038067865	-0.128816843	0.188336351	0.387171326	0.129314755	-0.101674583	0.253464828	-0.051012385	0.089368915	-0.17058369	0.366245251	0.147034459	-0.215786496	-1.21991152	-0.043736569	0.013889999	0.092045776	0.186872384	0.44401903	-0.053998038	-0.04473951	-0.525447949	-0.032119044
BLSA	1579	-0.162571904	-0.328752852	-0.257179475	-0.271626782	-0.254693238	-0.244299778	-0.19632178	-0.261725549	0.281355958	-0.091922309	-0.161970691	-0.241538925	-0.691749198	-0.262851938	-0.046866513	0.390544011	-0.16412324	-0.294482327	-0.25744091	-0.223804331	-0.288138073	-0.298285222	-0.308204693	-0.075251314	-0.189018883
BLSA	1595	0.249988493	-0.261925933	0.520131023	0.36537254	-0.123321157	-1.426061916	0.770134673	0.241453556	0.405716025	-0.688898672	0.109753614	0.089661001	-1.097895917	-0.006863631	0.391287704	0.473779633	0.269852415	-0.009315069	0.015141853	-0.977685256	-1.945347834	0.694593914	0.202551145	0.602262489	0.147890329
BLSA	1603	0.133789233	0.074195012	0.087588093	0.021473758	-0.088818416	0.132149983	-0.152855692	-0.035432	-0.465961799	0.076694756	-0.117454343	-0.273325743	-0.163359106	-0.170213383	0.250833522	1.476449279	0.193329181	0.095478527	-0.065480865	-0.023031153	1.108963765	-0.077649906	0.470913018	1.063634792	0.019654216
BLSA	1640	-0.201735092	0.021566577	0.185133875	0.111432874	0.038002723	0.014749349	0.169130897	-0.095075756	0.278968787	-0.056916871	-0.058024171	0.069767054	0.381678514	0.175470508	-0.060942265	-0.726410645	-0.182759495	-0.052721149	0.047660656	0.036189814	0.255783938	0.076130016	0.03558444	-0.599356173	0.214385672
BLSA	1775	0.149643931	-0.140197479	-0.3186572	0.026953191	-0.074285285	-0.425741328	-0.076912404	0.404359924	-0.50016979	0.041331676	-0.205519475	-0.098185579	1.893208227	0.04256243	0.563440448	-0.049320994	0.116080866	0.151698228	0.028757127	0.002281266	-0.775336109	0.174920758	-0.031521818	0.026980182	-0.612443995
BLSA	1802	0.295858161	-0.004717368	-0.199977954	-0.052225231	-0.1453059	0.196283774	-0.185311971	-0.051650382	-0.342244821	0.240103476	-0.122428502	-0.138084391	-0.4566616	-0.186417032	-0.008331711	1.384104429	-0.018414317	0.042819059	-0.037044885	0.002418158	1.001081351	-0.289283983	0.217891052	0.826862466	-0.050449509
BLSA	1805	0.408259912	0.103757297	-0.078374229	-0.066355364	-0.187703763	-0.185389834	-0.362093785	-0.076547661	-0.438411178	0.088271075	-0.203318693	-0.140656063	-0.962424799	-0.206430228	-0.237020466	1.729792681	0.188286064	0.11539018	-0.215215555	-0.16981841	1.226626192	-0.165453745	0.406214222	1.186497708	0.009613736
BLSA	1838	0.213288249	0.026945788	0.067360882	-0.0730187	-0.043850094	0.356184906	0.050162384	-0.121484934	0.25226891	-0.080795963	-0.120192917	0.190638665	-0.770147378	-0.013752039	0.154551976	0.164587981	0.118238325	-0.112420877	-0.155450144	0.216029809	-0.464406294	-0.149514873	-0.285193637	0.252509257	-0.331113667
BLSA	1839	0.330843989	-0.048962103	-0.018820505	-0.020812239	-0.002781366	0.386220491	-0.216542452	0.273365243	-0.130774303	0.094259273	-0.163690825	-0.097886145	-0.367790981	-0.034308574	-0.156139005	0.806314538	0.080152797	0.133432063	-0.011469876	0.127805011	0.548960925	-0.141289517	0.160245155	0.530080869	0.303515871
BLSA	1840	-0.091832235	0.048288858	-0.090442665	-0.084563346	-0.13709544	0.180353981	-0.291748284	0.044917568	-0.08031439	0.258091989	-0.13932482	-0.12136992	0.737009147	-0.112782522	-0.004609128	0.400384542	-0.03756098	-0.023012521	-0.167257728	0.069803535	0.340955337	-0.131423334	0.162676551	0.32888167	-0.035055183
BLSA	1883	0.063179781	-0.158213441	-0.106578311	-0.141052862	-0.051010576	0.062867594	-0.112306089	-0.024336625	0.031744944	-0.073647891	0.012190193	-0.088514892	-0.480966496	0.038238721	-0.184457908	-0.153804393	-0.09691082	-0.195538997	-0.037946871	-0.180143302	0.131239096	-0.138167203	-0.042849541	-0.208081311	-0.155664896
BLSA	1889	0.139918927	-0.023290978	-0.0899062	-0.003919763	-0.033117649	0.108539608	-0.319934388	-0.123678268	-0.438567051	0.108437929	-0.111766748	-0.289641757	0.024138379	-0.031215859	0.281226364	0.95907048	-0.030033247	-0.070097191	-0.093046855	0.06291729	0.831920219	-0.180966244	0.143814067	0.271537821	-0.046948279
BLSA	1924	0.234404738	-0.101548138	0.011200454	-0.015471241	-0.11118518	-0.09214547	0.033014048	0.15515192	-0.01729049	-0.202430375	-0.162166848	-0.017616258	-0.350641556	0.084856593	-0.126193403	-0.010886991	-0.03206696	-0.051727763	-0.081187943	-0.108944187	-0.200692206	0.025160914	-0.125840686	0.097080713	-0.050774465
BLSA	1961	0.381050232	0.091219553	0.188506237	0.188432903	-0.036660524	0.106259072	-0.082919867	-0.379146106	-0.434414068	0.111485592	0.054339856	0.031498672	-0.323357497	0.157267815	-0.392843457	0.203451941	-0.049191235	0.063942043	-0.007125159	0.212853051	1.127865522	0.036002552	0.413753011	0.322915856	0.288019516
BLSA	2000	-0.146341745	0.014588412	0.035126126	-0.068763519	-0.043673991	0.096194216	-0.205391778	-0.011553432	-0.379694246	0.256135392	-0.152210249	-0.055107553	-0.065840612	-0.070469847	0.014932727	0.239040736	0.19015921	0.007099859	-0.141814685	0.074095122	0.721213809	-0.196181318	0.279464507	-0.00140932	-0.090938515
BLSA	2020	-0.209913943	-0.017236387	-0.027408612	0.047996206	0.018341221	-0.105148602	0.136673826	-0.020433197	0.370398135	0.007987011	0.084401384	0.353570307	0.11669045	0.232052835	-0.213075702	-0.934972667	-0.146082257	-0.088665082	0.066976799	-0.191023606	-0.737820283	0.147109015	-0.375228458	-0.730024827	-0.08687784
BLSA	2037	-0.250700213	0.026309416	-0.086111533	0.09284173	-0.019670936	0.063148182	-0.022376617	-0.125715549	-0.098838953	-0.004537948	0.088517604	0.176349802	0.752941925	-0.086129175	-0.151227971	-0.691872157	-0.145160478	0.107464932	-0.203477712	-0.009578933	-0.318134415	-0.10865569	-0.016352161	-0.383807319	-0.18207956
BLSA	2066	0.154821615	-0.089220062	-0.10191799	0.046694191	-0.01782398	-0.078275077	-0.037072866	-0.024592307	-0.144897865	-0.000594327	-0.074983859	-0.170195041	0.005277824	0.004492982	-0.038366979	0.007889599	-0.096202634	-0.028072381	0.029837113	-0.001031702	0.376478685	-0.077071423	-0.003577678	0.067642199	-0.007815433
BLSA	2069	-0.224661013	0.259271921	0.131245858	0.117655995	0.147742756	0.318473125	0.156270278	-0.186965788	-0.079215143	0.076468942	0.22830567	0.148852866	0.20118507	0.060073765	-0.02953832	-0.707631937	-0.065876387	0.228808478	0.038270097	0.325446563	0.354136935	0.169366473	0.037232853	-0.189744695	0.192332193
BLSA	2093	0.08506729	-0.095569195	-0.06194758	-0.123485904	-0.129696786	-0.070769147	-0.120546042	0.20299484	0.049467596	-0.139451909	-0.174963795	-0.15896231	-0.344731455	-0.242032112	-0.093616002	0.378102659	0.023345203	-0.226210338	-0.276701047	-0.127851829	-0.683592666	-0.322336008	-0.197908734	-0.262997068	-0.036190655
BLSA	2102	-0.303700342	0.160143582	0.268755128	0.289220525	0.310099596	0.440204901	0.413550967	-0.09868586	0.744670221	0.192357089	0.440756499	0.367784604	0.237374652	0.273510117	0.143674203	-2.250285685	-0.110236494	0.091776042	0.180988766	0.281340213	-0.122557932	0.303799552	-0.16239822	-1.126066373	0.222298053
JHU	384	0.377672772	-0.050779835	-0.094642604	-0.07777367	-0.028014568	-0.16605323	-0.189165147	0.0965104	-0.42526864	-0.22687172	0.079344384	-0.154753525	-0.489674225	-0.021673617	-0.177483547	0.050886868	0.097681649	-0.087459334	-0.098457274	-0.045543383	0.229848319	-0.175459556	0.090970571	0.086376411	0.01061414
JHU	705	0.25400204	-0.080117707	0.021968	-0.17501192	-0.133208531	0.272131792	-0.118876938	0.031016976	-0.550124741	0.060792895	-0.185930943	-0.262474607	-0.633251267	-0.141038795	0.26275639	0.974978729	0.199819691	-0.032898353	-0.003329681	-0.108160333	0.882107189	-0.090114084	0.40421986	0.881560652	0.095605552
JHU	710	-0.055693588	-0.013398723	0.202064152	0.104556756	0.072931692	0.015713703	0.112205889	0.110807636	-0.106788499	-0.113105229	0.096846844	-0.126955119	-0.171496281	0.056525461	-0.065558389	-0.060529468	0.123404781	-0.082396836	-0.02067022	0.013567135	-0.810558484	0.025589369	-0.032581524	-0.178868762	0.135188696
JHU	712	0.056004948	0.014657872	0.123154625	0.078417666	-0.064810077	0.214497082	0.079489565	0.22939552	0.219512951	-0.089205304	0.012537366	-0.078209554	-0.030925149	0.134435521	-0.063885673	-0.244319603	0.057984981	0.035396018	0.01685625	0.019766368	-0.954549279	-0.049389398	-0.039827738	-0.001587737	0.139347696
JHU	713	-0.364730344	0.051018995	-0.880485208	0.125364359	0.188786746	0.172802676	0.278648959	-0.140949122	0.368270317	-0.319908358	0.341813377	0.216251177	0.481157113	-0.080644908	-0.101151514	-0.026184172	-0.009986719	0.235266453	0.018901103	0.109150774	0.114583563	0.362891011	-0.456809983	-0.974083376	-0.695317284
JHU	719	0.079067217	0.080929471	0.147529084	0.128331254	-0.077551414	0.009980334	-0.021488198	-0.019028914	-0.352171196	0.199454391	-0.064640084	-0.14675028	-0.230011833	-0.073091137	0.175185839	1.147619907	0.084583982	0.123335834	-0.076339445	0.024961971	0.739235567	0.025953561	0.137100987	0.578804174	0.213745974
JHU	993	-0.289882252	0.230231631	0.297969532	-0.111228132	0.184264226	-0.321387749	-0.197898576	-0.166526858	0.748188196	0.091995811	-0.091597197	0.334700604	0.811908028	-0.039388289	0.017313066	-1.258275062	-0.372427289	-0.057701174	0.221305204	0.089266069	-0.685220776	-0.04578286	-0.224709514	-0.581705362	-0.03937483
JHU	994	0.026518908	-0.103167172	0.035434005	-0.120851866	-0.071002391	-0.024319475	-0.093070788	-0.128060662	-0.161265479	0.267456069	-0.25258524	-0.03016736	-0.20572909	-0.099095828	0.177477037	0.748469942	-0.062564157	-0.058124072	-0.161794125	-0.105542415	0.269502578	-0.158979612	0.171188449	0.677986949	-0.069165904
JHU	995	-0.0829597	-0.129374532	0.147008414	0.048195553	-0.071395683	-0.173365133	0.150155233	-0.013164976	0.25964709	0.129391446	0.064211492	0.248358664	0.468022703	0.263971592	-0.224653209	-1.332647142	-0.118496919	-0.075418536	0.103528188	0.002533814	0.215051323	0.105291568	-0.049551108	-0.48848295	0.20935596
UMARY	142	0.003147215	-0.107570071	-0.014799638	-0.093306571	0.037884014	0.016563541	0.146586238	-0.015599603	0.295598608	-0.278769247	0.050564581	0.174523237	0.136175397	0.041539383	-0.295944754	-0.850653668	0.03913882	-0.02555528	0.11825632	-0.034666531	-0.613614955	0.134436542	-0.234430649	-0.047768125	-0.080486915
UMARY	602	-0.082378494	0.013775419	0.039761473	-0.017330466	-0.021393858	0.166397674	-0.099986571	0.041546581	0.012805233	0.115196248	-0.027311468	0.005352165	-0.026562248	0.014314734	-0.172323501	0.020949921	-0.03272009	0.047905386	-0.049596116	0.119637999	0.015321751	-0.005337135	-0.103513509	-0.012570146	-0.01539249
UMARY	604	-0.122158303	0.129104463	0.034167536	0.034848075	-0.003504158	0.028363458	-0.016943395	0.085128629	-0.222713649	0.160800414	0.015726406	-0.00144064	-0.301623161	0.070980343	0.050826936	0.523440972	0.02696987	0.128107792	-0.008568314	-0.014646289	-0.123021811	0.059345387	-0.203706087	0.181114414	-0.030388005
UMARY	813	0.143146374	-0.028855099	0.080143719	0.011634388	0.034937901	-0.214399613	-0.002380849	-0.105833497	-0.036585014	-0.031691311	0.031648177	-0.042425733	-0.463366616	-0.009379581	0.016888737	0.290437945	-0.054922773	0.062423605	0.080282134	-0.023257438	0.203078298	0.093063648	0.137951051	0.17268735	0.018890855
UMARY	819	0.190520763	-0.034728241	-0.041755985	-0.00927209	-0.040394201	-0.142771139	0.044325307	-0.004508272	-0.177728096	0.001486323	-0.007117796	-0.017520278	0.00193493	-0.063902914	0.025662849	0.232232189	0.003738108	0.01067499	0.00651403	0.017502824	-0.063373181	0.032078886	0.146054002	-0.316104637	-0.071253367
UMARY	871	0.182094073	0.001368847	-0.004097171	0.015774475	0.075632453	-0.064612755	-0.047733141	0.127042381	-0.166702189	-0.050457442	-0.013757474	0.080667654	-0.399141061	-0.034525748	0.170569168	0.347990729	0.061213665	0.041110837	0.005882408	0.037046023	0.179765471	0.094683072	0.268347291	-0.124398723	-0.022873994
UMARY	879	0.136786412	-0.098844792	-0.039992304	-0.080094766	-0.033587501	-0.121570851	-0.013187604	-0.080799475	0.036247559	-0.107151208	-0.082719314	-0.080622952	0.145771666	-0.066703539	0.130847258	0.346940163	-0.042841451	-0.033539999	-0.040304107	-0.051832822	0.299577766	-0.014209236	0.192303585	0.282190072	-0.11386504
UMARY	880	0.08248273	0.126392619	0.153623715	0.208422355	0.1761985	0.242365897	0.150052307	-0.032962647	0.254619684	-0.020116336	0.101358098	0.177195316	0.483323556	0.17857027	-0.027201214	-0.764502979	-0.017219493	0.103474059	0.165967468	0.095427909	-0.3427748	0.164396798	-0.047243134	-0.759420467	0.308083788
UMARY	914	0.157384875	0.00832411	-0.030654713	0.026927279	-0.073306376	0.235747357	-0.001192279	-0.059246814	0.022577444	-0.130376295	0.071530662	-0.028886091	0.649886028	-0.004054552	-0.030686034	0.198234352	-0.00454939	0.025862206	0.003154663	-0.037694699	0.19102739	-0.099029485	0.144547062	0.255994713	-0.015380313
UMARY	933	-0.075215063	-0.10749247	-0.033057875	-0.046004305	-0.062185472	0.155076851	-0.15043814	-0.000123435	-0.066227306	0.112172906	0.006739294	-0.055458964	-0.631455681	-0.008057918	0.019561314	-0.228853158	-0.066863953	-0.060106265	-0.128833491	0.106054423	0.352188891	-0.136432625	0.074536909	-0.208475906	-0.042189586
UMARY	1028	-0.040961104	0.079760811	-0.188638786	-0.241604867	-0.102097263	0.319040228	-0.245231901	0.064398938	-0.034916229	-0.039666141	-0.103814428	-0.03394136	-0.159492805	-0.07984611	0.407307067	0.459744625	0.138599486	-0.169187383	-0.136447841	-0.174351637	0.593234753	-0.17995867	0.147686803	0.814738053	-0.148039347
UMARY	1037	-0.086865842	0.033747782	-0.073986611	-0.023188925	-0.118445363	0.020532755	-0.118646889	-0.097611605	-0.113224746	0.128802636	-0.090839817	-0.105710376	-0.451612325	-0.100668462	-0.057805846	0.155600739	-0.004896216	-0.09407162	-0.073807151	-0.006978831	0.871729853	-0.090711292	0.130236074	0.305333101	-0.050148293
UMARY	1064	0.276238996	0.08639152	0.105261776	0.052170836	0.078638065	0.415581759	0.036682202	0.05640969	0.096493781	0.207137977	-0.027805307	0.15149214	-0.179227788	0.080675552	-0.111660354	-0.590263673	-0.071062377	0.049108632	-0.094989574	0.103465235	0.206549091	-0.0654062	0.016632213	-0.098845438	-0.050641686
UMARY	1065	0.196036545	0.0884388	0.048054093	0.04752184	0.08915441	0.130403964	-0.205111765	0.053651034	-0.057896659	0.072738708	0.111037153	-0.117776995	-0.431325738	0.128486417	0.263255771	-0.396516262	0.018510653	0.090848421	0.013560909	0.229135187	0.120113473	-0.03115252	-0.141394057	-0.124940449	0.048467106
UMARY	1076	0.155147392	0.01572063	0.071389523	0.089135541	0.107653225	0.060243665	0.020522123	-0.000737313	-0.108855809	0.010951758	0.042690369	0.139016481	0.368319671	0.095163817	0.054521727	-0.154573533	-0.057776863	0.073230246	0.085426381	0.111116032	0.485171296	0.073159233	0.03630569	0.204333494	-0.027002823
UMARY	1078	-0.052727255	-0.16912347	-0.089969805	-0.112204763	-0.190967227	0.078322803	-0.214099906	0.460517155	-0.18889876	-0.031018309	0.051966227	-0.270678604	-0.429348761	-0.161335116	-0.265213059	-0.262830998	-0.25465563	-0.122604571	0.031423827	-0.116054485	0.517758136	-0.029336665	0.02591675	0.015512584	0.053761342
UMARY	1079	0.070510689	-0.009206325	-0.113217058	-0.183842109	-0.089308163	0.015996786	-0.219136209	-0.071018228	0.06985325	0.11897502	-0.079300665	-0.054837939	-0.051913472	-0.044566967	-0.298336517	0.335602158	-0.025676829	-0.141095577	-0.177872694	-0.160083284	0.405624166	-0.110499721	0.38687017	0.179655457	-0.157120527
UMARY	1104	0.034954669	0.082234563	0.023212085	-0.013451875	-0.040126881	-0.068330753	0.007808947	-0.252027587	0.03192327	-0.15900124	-1.11E-05	0.032635171	-0.383941905	-0.016590651	0.357619491	0.280262717	-0.042580103	0.052868683	-0.062047099	-0.05452746	-0.212547164	0.010975257	0.222145702	0.271379118	-0.032575899
UMARY	1105	-0.296332074	0.022763713	0.07306094	0.096718507	0.060230139	0.050618191	0.166840308	0.077694399	0.095142917	-0.050688331	0.096191002	-0.013089966	-0.008512198	0.003379727	0.296060113	0.271320948	0.094248316	0.060227633	0.07803173	-0.017583245	-0.364212327	0.165132182	-0.407447763	-0.282106698	0.003714487
UMARY	1114	-0.016952788	0.03653439	0.082454972	0.099589551	0.038376099	0.053130242	0.069440687	-0.093378038	0.031814804	0.05716527	-0.003912727	0.093839617	0.340950981	0.083573912	-0.248360893	-0.077798392	-0.011111615	0.185418958	0.060410253	0.080824631	0.366461089	0.082341513	0.213808868	-0.433379254	0.124586258
UMARY	1133	-0.160416513	0.034318386	0.216535595	0.152783967	0.124125978	0.208690227	0.125710017	-0.086481277	-0.117062058	0.12811145	0.102926044	0.167119603	-1.13994527	0.010496661	-0.043844383	-0.267147926	0.077226013	0.176638097	0.094273539	0.227958239	0.072240135	0.080274084	0.095909643	-0.374678474	0.291613275
UMARY	1134	-0.091815684	-0.064010548	0.087285438	0.059362757	0.052611476	-0.100644334	0.067976519	0.114578183	-0.09595252	-0.069492264	0.030349061	-0.054976891	-0.535715594	-0.012932323	-0.061962782	0.286556232	0.036575606	0.024767381	0.000589765	0.019831558	-0.618492396	0.016472387	-0.025724457	-0.350669225	0.069392129
UMARY	1136	-0.225480594	-0.044793699	-0.116605326	-0.035604653	-0.039016779	0.08969452	-0.023877004	-0.13211018	-0.146758615	0.110399671	-0.016950356	-0.094712708	0.52080588	-0.045362747	0.022575748	0.369194486	0.105674359	-0.054375823	-0.056898694	-0.071623964	-0.02238048	-0.093751281	-0.033434197	0.013086953	-0.034455369
UMARY	1158	-0.122887523	-0.116969688	-0.036612645	0.035152517	0.034378698	-0.15542702	0.092465527	0.055043652	0.144772265	-0.082734927	-0.041691847	0.041332574	0.791946049	-0.037927525	0.04060072	-0.33946051	0.076246467	-0.069641053	0.008318773	0.031602426	-0.483385778	0.026402845	-0.063733722	-0.511260558	-0.032831763
UMARY	1170	-0.103873155	-0.044064431	0.023437158	0.005271992	0.085569109	0.023268595	0.021522615	-0.059243869	0.041241859	0.033410444	0.044427017	0.026328812	-0.002310066	-0.030978592	-0.159998512	-0.223672741	0.047434139	0.086225581	0.012020987	0.027397685	-0.244939111	0.065166612	-0.203773162	0.018186583	0.077542292
UMARY	1206	0.028836664	-0.096393554	-0.057931447	0.054234315	0.028406318	0.186724264	0.090865899	0.210419069	0.33319296	-0.06373125	0.028173471	0.138034663	0.073362043	0.068186843	-0.145366301	-1.181894246	-0.059349186	-0.062283245	-0.079197036	-0.029327127	-0.227926543	0.017516556	-0.087769754	-0.289696253	0.030477887
UMARY	1209	-0.063848557	0.034183433	0.063653537	-0.078492008	-0.015808624	-0.282790527	-0.01136776	-0.210270864	0.145678406	-0.073854639	0.030397169	0.067301911	-0.208071443	-0.000139256	-0.152551708	0.365223314	-0.061844613	-0.043329269	0.023319605	-0.038521728	-0.143752843	0.052615827	0.085424586	-0.176511653	-0.031189222
UMARY	1226	-0.025710843	-0.024727079	0.041520658	0.084252402	0.029968915	-0.131458983	0.087964582	0.032566469	-0.028159411	0.016423788	0.034148445	0.003626028	-0.190230065	0.036096828	-0.050162388	-0.249357836	0.025861409	0.057750203	0.033322519	0.070256751	-0.638480763	0.075035155	0.11965685	-0.438769646	0.031931083
UMARY	1230	-0.028670293	0.102642822	0.049744872	-0.037867806	0.094817162	-0.014052151	-0.004056409	-0.099945757	-0.06377392	0.062394998	0.016986157	0.047776322	-0.161661638	-0.054715985	-0.128524835	0.20972498	0.130597248	0.013928177	-0.028849197	0.042322662	0.1052374	-0.00397875	0.112065459	0.165111872	0.031423677
UMARY	1260	-0.046516611	0.086405926	0.121297699	0.176915312	0.137177433	0.121468912	0.234069852	0.074257726	0.029644601	-0.134673583	0.103180863	0.050531273	-0.478273605	0.072750385	0.202932273	0.048793688	0.241736561	0.114714017	0.129197486	0.070441136	-0.26056884	0.119002822	0.122622011	-0.141288127	0.119281852
UMARY	1326	0.182163925	0.079604661	-0.019502549	-0.082833068	-0.002651212	-0.069713684	0.00454605	-0.076576176	0.051582398	-0.101614588	0.053347878	0.062982941	-0.25139221	0.047176776	-0.120419675	0.100924503	0.066683507	0.073143547	0.013642832	-0.034117156	0.252697084	0.016836233	0.140250252	0.312893141	-0.012713357
UMARY	1454	-0.065595975	-0.139637333	0.005122267	-0.029993092	-0.08418635	0.153155529	-0.053370426	0.096231948	0.302143761	-0.001372455	-0.059638733	0.086428369	-0.417912088	0.005083084	-0.267719669	-0.82274624	-0.092973243	-0.046410726	0.140129026	0.037462863	0.140004363	0.074617188	-0.165288347	-0.190658075	0.06466691
UMARY	1465	0.11464567	-0.070086126	-0.0562195	0.01776997	-0.062552559	-0.033580174	0.001854929	-0.024994791	-0.145382131	-0.004132903	-0.08761234	-0.099750265	0.898073581	-0.10914148	-0.076914019	-0.340982938	-0.128124928	-0.1137326	0.017829988	-0.039811341	-0.596566815	-0.006960504	-0.008664515	-0.019219929	-0.039311186
UMARY	1486	-0.081839926	0.054155328	-0.102356689	-0.104190603	-0.074140978	-0.095796424	-0.05816266	-0.000319388	-0.009589463	-0.126400361	-0.073222752	-0.041197408	0.120002548	-0.070192572	0.064381179	0.287754969	0.100037671	-0.150764656	-0.072763446	-0.101855103	0.072963426	-0.143589058	-0.137431721	0.361122457	-0.078955484
UMARY	1498	-0.085627144	-0.061214053	0.037965239	-0.071758395	-0.047869012	-0.043465477	-0.04722107	-0.012152392	-0.096475127	-0.135801665	-0.08906548	-0.04678188	-0.126089898	-0.052010364	-0.080990499	0.330519737	-0.030010111	-0.008922579	-0.127956184	-0.032459457	-0.180413952	-0.028177389	-0.162492814	0.295798387	-0.160181325
UMARY	1502	-0.02769818	0.011212271	-0.152715043	-0.135000339	-0.028748537	-0.008697074	-0.168569708	-0.312686895	0.042950794	-0.085840807	-0.098165265	-0.016070708	0.790999996	0.051917328	0.003915874	0.300892704	0.096266993	0.052518238	-0.15424533	-0.163568244	0.726792723	-0.067654401	0.18286633	0.223170373	-0.100990669
UMARY	1535	0.057323081	0.070862155	-0.082354806	0.012102999	-0.037507733	-0.119016651	0.018649509	0.115509487	0.120807995	0.038425101	0.046200449	-0.011511091	0.034499426	-0.011831658	0.21361243	-0.46472038	-0.046399916	-0.008471997	-0.065913268	-0.02388974	-0.263817438	0.086037692	0.015149905	-0.128602296	-0.04129264
UMARY	1540	-0.015116615	-0.021574522	-0.032272276	-0.048361107	-0.146747432	-0.216851247	-0.04429196	0.15619908	-0.45835918	-0.045617984	-0.103484846	-0.168402288	0.130863547	-0.124336707	0.163541354	0.146472472	-0.079581013	-0.033672628	0.027617521	-0.162056242	-0.459172241	-0.069326595	0.146575463	0.121627048	-0.035167875
UMARY	1541	-0.134353299	0.125847162	0.049294159	0.090808766	0.095680771	0.038922216	0.070785153	-0.016261864	0.029212177	-0.005097844	0.062448617	0.089017341	-0.330853285	0.099827746	0.146268853	0.011301935	0.045889711	0.140967069	0.067934728	0.108144804	0.115011134	0.134615467	-0.163223158	0.077842851	0.108800683
UMARY	1544	-0.155638831	0.027991984	-0.08028591	-0.067190417	-0.065589769	-0.077772286	-0.029777581	0.078013686	0.130508579	-0.027691986	-0.05498784	-0.188460936	0.072312557	0.018124871	-0.137597356	0.576981621	0.087976762	0.032925044	-0.0150402	-0.161625303	-0.308153172	-0.06218032	0.050182355	0.282073647	-0.077079978
UMARY	1545	-0.025351031	0.06743647	0.068122117	0.03269926	0.171293433	0.233164337	-0.016279175	0.004231905	-0.222588533	0.254365651	0.082047557	0.040197161	-0.691394596	0.022065684	0.356015768	0.484701032	0.019906453	0.103114022	0.061473659	0.186142548	0.498464335	0.077869116	0.019178069	0.156781586	0.201068564
UMARY	1568	0.044881513	-0.131095313	0.036066045	-0.02506176	-0.049599191	0.009510449	-0.083699193	0.073839937	0.145060174	0.144647406	-0.060578088	0.137373413	-0.262753	-0.036913878	-0.151775513	-0.442084727	-0.014304459	-0.012103651	0.084592325	0.047017436	0.391207747	-0.014579488	0.091218477	0.237307595	0.102330748
UMARY	1570	-0.048872114	-0.044950759	0.029898139	-0.018359516	-0.066595375	-0.032883508	0.094841218	-0.067207565	-0.027177843	-0.090595805	0.036394599	0.0025272	0.246461125	0.057964443	0.026618446	0.150353056	-0.087137514	0.043996046	-0.055020321	0.038369148	-0.033719686	0.018853356	0.004886166	0.219666759	-0.005941505
UMARY	1571	-0.080449784	0.081917171	0.062247139	-0.032772245	0.025585841	0.00588648	-0.058436317	-0.109497957	-0.089781392	0.231220986	0.079086382	-0.01071062	0.189245407	0.090117338	0.109151794	0.711871132	0.216659631	0.152414312	0.017075315	0.003216357	0.482910249	-0.008412799	0.065046213	0.411484212	0.196544741
UMARY	1578	-0.031060832	0.174544005	-0.013679025	-0.041718907	-0.079636902	-0.113355644	-0.169483347	-0.194948883	-0.301161476	0.202283101	-0.110925378	-0.263540882	-0.723146924	-0.086065207	0.314165329	0.756363792	0.118153672	0.042465226	-0.082475899	-0.012475692	0.371735758	-0.115602983	0.069585677	0.522343081	0.047817275
UMARY	1583	-0.006800401	0.0525233	0.041821171	0.105913578	0.070815998	-0.072615727	0.234054067	-0.116281662	0.421381811	-0.050830948	0.006149838	0.162174738	1.161320564	0.117512442	-0.305427981	-1.683477412	-0.219483952	0.008257257	0.138513323	0.127532045	-0.108727959	0.123462267	-0.202707275	-0.866088298	0.11511468
UMARY	1584	-0.009751055	-0.06293394	0.043573398	-0.017451275	0.077272113	-0.033465312	-0.012736702	-0.193136404	-0.035671152	0.072489322	0.017277626	0.048730684	-0.266866413	0.057661902	-0.055705079	0.516270688	0.06599905	0.088700104	0.026539737	0.07274078	0.511723135	-0.107239721	0.053408239	0.087761881	0.13438975
UMARY	1611	-0.030709664	0.003470227	-0.093038482	-0.108739018	-0.188833829	0.313373508	-0.287682199	-0.121599486	-0.181317314	0.074141715	-0.155585367	-0.06451048	0.688745463	-0.131011893	-0.145850234	0.292601303	0.121478803	-0.016888654	-0.211863171	0.025209396	0.362398606	-0.259058578	0.065648774	0.417957911	-0.097503992
UMARY	1612	-0.0430839	0.063931622	0.031445531	-0.069428347	0.064112532	0.050449504	0.04206241	0.338828202	-0.107953572	-0.075872179	0.127150374	-0.069928766	0.997130098	0.007172872	-0.051603818	-0.499385205	-0.088583223	-0.02023064	0.124501629	0.046519765	0.246117691	-0.060463608	-0.300145292	-0.467192215	0.162672401
UMARY	1613	-0.123178872	-0.091721902	0.111201616	-0.013642488	0.12329097	0.552137645	-0.063654403	0.184517045	0.003467481	-0.207539786	-0.046398226	-0.058834652	0.27686382	0.108780668	-0.081910549	-1.083763189	-0.235803731	-0.030969374	-0.015148453	-0.0150941	-0.902418543	-0.066048792	-0.035943152	-0.775365752	0.06483287
UMARY	1614	0.267934251	0.049629557	0.10391849	0.036176114	0.042309387	0.156189775	0.002975869	0.052352682	-0.290789324	-0.047046762	0.073443707	0.172735642	-0.287298046	-0.000319059	-0.071720485	-0.275184364	-0.060170097	0.031392503	-0.003482822	0.159388351	-0.325131606	0.014626072	-0.090775666	0.075670691	0.122088902
UMARY	1648	0.010774655	0.050978782	0.013883626	0.001876545	-0.009125776	0.103685159	0.04676087	0.120415555	-0.243656323	-0.042935174	-0.051269619	-0.060185045	-0.573538527	-0.10080025	0.06672958	0.706893306	0.037114173	-0.038144496	-0.093515739	0.007975244	0.139714441	0.006091338	-0.050376687	0.409677402	-0.018208062
UMARY	1652	-0.005130709	-0.059465193	-0.002967044	0.0818292	-0.060616667	0.333564858	0.034786002	0.030555949	0.241617563	-0.161786707	0.002899116	-0.046546825	0.698131486	0.162062207	-0.109916458	-1.262698228	-0.019417396	-0.055175773	0.053065627	0.071226938	-0.759966308	0.057664226	0.067923797	-0.979896735	-0.031443119
UMARY	1668	0.054968617	0.00714858	0.086231667	0.191013763	0.073894651	0.092440684	0.099147874	0.066256168	0.023802123	-0.003654766	0.042423125	0.02250488	-0.073035967	-0.012523555	-0.068824589	-0.230855177	0.094117869	0.05344105	0.081881523	0.002598551	0.302446929	0.151219412	-0.075877626	-0.134795238	0.10526397
UMARY	1710	0.018377652	-0.021459123	-0.024873303	0.067934038	0.019318885	0.095281226	-0.043085421	0.136958985	-0.155263793	-0.187494244	0.04887299	-0.055110568	0.079140118	-0.051575213	0.092071723	0.249467045	-0.016940351	-0.019558732	0.046871402	0.020597278	-0.181201538	0.039827603	0.054039117	0.207100674	-0.004043457
UMARY	1712	-0.033176742	-0.033168239	0.076462841	0.082011627	0.066661876	0.025250644	0.135004582	0.02739094	-0.064084662	0.021062854	0.04427805	0.064038495	0.018915367	0.040952771	0.004240088	-0.128171229	-0.017858434	0.079051068	0.053620083	0.007901313	-0.387612201	0.115596754	-0.051832915	-0.110342232	0.057925942
UMARY	1713	-0.050084341	-0.08067498	0.022276972	-0.055799355	-0.040098421	-0.01586002	-0.023597555	-0.03544697	0.120349636	0.002562507	-0.039614978	-0.018882708	0.822983669	0.00210652	-0.005246213	0.018194946	-0.09102581	-0.084113482	-0.017658121	-0.05154586	0.204415988	-0.05832304	-0.032846092	0.141097205	-0.073741656
UMARY	1715	0.076975354	-0.093619144	0.00290778	-0.001432518	-0.0039659	-0.021476799	-0.001693216	0.061638073	0.138379554	-0.008703083	0.053920479	0.05610569	0.657293011	-0.007036842	-0.23118958	0.286210818	0.015628775	-0.070525379	-0.017610859	-0.027442328	-0.372632311	0.053600595	0.041016271	-0.144173865	-0.042449842
UMARY	1792	0.07294187	0.145024528	0.016523536	-0.023301288	-0.010932498	0.044577314	-0.001278908	0.153283186	-0.111052434	0.161217987	-0.108429208	-0.100575061	-0.27656281	0.000457224	0.211379733	0.517908955	0.109751546	0.004802809	-0.039843565	0.032917275	0.275334501	-0.047535107	0.064016196	0.359500484	0.020848688
UMARY	1795	0.055505229	0.01908923	-0.017904564	0.033094893	0.010002059	-0.107903695	-0.01377048	-0.108584144	0.161433747	0.008061602	-0.111774644	-0.030417883	-0.311798429	0.044075676	0.304257656	-0.023786695	-0.024948324	-0.060661974	0.109164335	-0.001764471	-0.025044922	-0.009606601	-0.208121472	-0.067311222	-0.023270588
UMARY	1797	0.148764223	0.178071473	-0.10731392	0.010152248	-0.034805582	-0.084777335	0.049639499	-0.051627912	0.064768768	-0.081486823	0.071555109	-0.06416411	-0.324614844	-0.05822697	0.029404676	0.322821854	0.053685613	-0.030871278	0.235497469	-0.124742072	0.055524385	-0.00675973	-0.203598966	0.051276255	-0.05533942
UMARY	1825	0.196646596	0.062675271	-0.100472009	-0.035388014	-0.071287031	-0.144870858	0.016219484	0.015771043	-0.117945353	-0.024002595	-0.074529314	0.027644639	-0.131297447	0.011383219	0.278377945	0.196661691	-0.058523476	-0.008898669	-0.001321859	-0.128375737	0.148238916	-0.056212097	0.003831106	0.198824346	-0.044711349
UMARY	1827	0.040568681	-0.005593068	0.004895925	-0.005329179	-0.077656174	0.039119035	0.034035614	0.098466089	-0.292134337	0.16421727	-0.053013217	-0.132218562	-0.543308227	0.015207501	0.112145617	0.752907303	-0.038201107	-0.005619236	-0.071503677	0.005671238	0.45401531	-0.085941866	0.077323626	0.63193512	0.062389431
UMARY	1830	-0.069095624	-0.020389335	0.229920119	0.103210275	0.173760601	0.015103388	0.175606854	0.146200152	0.232618926	0.090687507	0.101276686	0.144149006	0.072927818	0.169529752	-0.058992543	-1.24638421	-0.16664567	0.107943622	0.179614472	0.13206121	-0.510298216	0.142258746	-0.21055661	-0.382533621	0.182829736
UMARY	1846	0.012883345	0.042753275	-0.028529552	0.012531817	0.055898355	-0.212069617	0.018615007	0.023071655	0.189032862	0.078774583	0.076254726	0.01640337	0.245564145	-0.090778435	0.371692956	0.074531746	0.011667696	-0.028196307	-0.029598877	-0.047610312	0.025094693	0.054348446	-0.038187658	-0.063403005	-0.016571328
UMARY	1847	-0.216807233	-0.101589729	0.019231527	0.031691692	0.026868251	0.084064752	0.074244186	-0.046221504	-0.015200776	0.030117972	0.032684967	0.061408302	0.355137281	-0.038785739	-0.037380442	0.143526933	-0.003595756	-0.094934532	0.016833678	-0.00531133	0.131539835	-0.010464201	-0.279061406	0.001768432	0.118991476
UMARY	1849	0.262216665	-0.045925651	-0.071466483	0.064335651	-0.042415974	-0.003615274	-0.075155038	-0.063487496	-0.505984115	0.531103716	-0.014746386	0.133929107	0.462608633	-0.041715967	0.428992599	0.337339061	-0.083488943	-0.02118658	-0.018340446	-0.01857923	0.601237994	0.017662809	0.178398172	0.422454401	-0.071526038
UMARY	1862	0.022632546	0.090098477	0.074877035	0.094858634	0.054091829	0.08211182	0.070761435	-0.007722656	-0.135104652	0.102840484	0.067717969	0.009181935	0.387360851	0.028184319	0.232076028	0.277518414	0.054703763	0.104700344	0.033233075	0.056184669	0.132440529	0.043239209	-0.070815853	0.388775317	0.153963755
UMARY	1865	0.013702888	-0.10046254	0.001666682	-0.026357186	-0.017566409	-0.118216318	0.022094518	0.174499307	0.174507395	-0.065067233	0.064217972	-0.048987236	-0.66639323	-0.11468225	-0.175569313	0.361461388	0.047316755	0.03600939	0.011524088	-0.090581063	-0.229266627	0.036720819	-0.035598915	0.403116957	-0.028668814
UMARY	1866	-0.06052635	-0.045963643	-0.112648599	-0.022584457	-0.127027311	0.119003661	-0.107834721	-0.037161176	0.016761491	-0.098430139	-0.170464863	-0.234158036	0.456692973	-0.138304583	-0.125452831	0.19196691	-0.082863872	-0.026207469	-0.103461301	-0.159556201	0.067026769	-0.141060505	-0.061701736	0.343680373	-0.124942431
UMARY	1867	0.184862062	0.06433111	-0.024406705	-0.074911414	-0.008144636	-0.041569722	-0.000932085	-0.108258406	-0.111988586	-0.078345771	-0.001982412	-0.077810587	-0.990493107	-0.036693032	-0.179707832	0.471546565	-0.037839822	-0.025598096	-0.068635058	-0.100568683	0.009655223	-0.084108143	0.302151816	0.57826171	-0.063244221
UMARY	1902	0.14640437	0.021854292	0.028796619	0.04362078	0.06272681	-0.074415121	0.075479934	0.127781857	0.069379228	-0.134398394	0.05101993	-0.101674946	-0.535226227	-0.007064981	0.04069382	0.597099418	0.118177382	0.065078253	0.011318278	-0.076071793	0.078797693	0.030645706	0.075722069	0.215807608	0.013134206
UMARY	1903	0.030788942	0.148877973	0.11135293	0.003761802	-0.013811394	-0.090026393	0.030840345	-0.01081083	0.017661601	-0.098441945	0.041324059	0.019157133	0.15802642	-0.073805603	0.08218591	0.324995238	0.111280662	0.190249121	0.064448033	-0.068723508	0.370968616	0.101638137	-0.007606701	0.557918017	0.040460652
UMARY	1907	-0.023576762	-0.071200485	-0.066303041	-0.087833152	-0.127353282	-0.056691807	-0.211164812	0.15440834	-0.135728889	-0.175124091	-0.168582232	-0.140485639	1.025874755	-0.004529344	-0.050974094	0.346128263	0.031994157	-0.142311833	-0.169886375	-0.135548756	-0.06537164	-0.200719169	-0.106716417	0.378138126	-0.068547517
UMARY	1917	0.120910503	0.065883287	0.134170895	0.020935847	-0.104023612	-0.019331352	-0.036042535	-0.027918721	0.027315706	-0.073561761	-0.016903624	-0.074452691	-0.814577671	-0.086866061	0.000475957	0.376566654	0.057433784	-0.045602735	-0.06030257	-0.052589146	0.364345292	-0.100978543	-0.068232152	0.239148496	0.070216152
UMARY	1935	-0.044667178	-0.143292279	-0.120144918	-0.149130287	-0.096175635	-0.232578646	-0.170729681	0.102213926	-0.121832805	0.013678836	-0.07000926	-0.09094047	-0.374687929	-0.151578544	-0.304536481	0.050683406	0.044093544	-0.117326554	-0.150637853	-0.137655264	-0.188219129	-0.148021713	0.18503328	0.102011124	-0.094356074
UMARY	1936	-0.014688307	-0.206883708	0.061800768	0.023343899	-0.035503376	-0.04487225	-0.003846521	-0.176399332	-0.157410747	0.224773589	-0.015980496	-0.073821655	0.614491128	-0.105613782	-0.2383104	0.266317265	-0.164855334	-0.001743675	-0.062367517	0.048052536	0.353842274	0.006914318	0.198127073	0.195680192	0.004813737
UMARY	1939	0.035452056	0.057649455	-0.359844165	0.158076796	0.214194561	-0.829498794	0.678780092	-0.530725532	1.12913252	-0.12302744	0.127615991	0.661389916	0.44350716	0.319243561	0.137754677	-0.387038846	-0.12997383	-0.317808639	-0.025066144	0.094738593	-1.512193579	0.204003861	-0.404088372	-1.153245707	-0.914584797
UMARY	1940	0.140274799	0.01459008	0.014811863	0.037009775	-0.015387708	0.089644585	-0.064826192	0.166763158	-0.247895944	0.041472851	-0.067447671	-0.264583107	0.48843475	-0.051316861	0.191153462	0.577187243	-0.007768201	0.040916303	-0.019155929	0.051922007	-0.056954943	-0.085270222	-0.064246142	0.259454744	0.163438479
UMARY	4263	-0.096650915	-0.017731561	-0.040423229	0.008858635	-0.03150231	0.058521663	0.001650042	0.145802865	0.176600127	-0.111872585	0.147131451	0.075976164	-0.635151341	0.042154906	-0.218845509	-0.500339176	0.177561986	-0.046501958	0.040426508	-0.098379312	-0.166595171	0.027028969	-0.111376651	-0.720324174	-0.000505708
UMARY	4540	0.003667285	-0.050652518	-0.153864583	-0.05774536	-0.038898725	-0.276788944	0.001114798	0.2057314	0.242353067	-0.115695669	0.022483258	0.041904738	-0.434363062	-0.033217298	0.141317246	0.184995491	-0.006698386	-0.015431226	0.035282395	-0.102933277	-0.083928246	-0.019002947	-0.040089071	-0.095997077	-0.167142269
UMARY	4542	0.054873184	-0.019159144	0.085276956	0.006949175	0.059571621	-0.041032646	0.047314458	-0.285724533	0.006476842	0.072942226	-0.040595354	-0.1094374	-1.154040069	-0.019783612	-0.199758565	-0.177237027	-0.053694514	0.034675053	0.060041673	0.078795797	0.335383072	-0.048298675	0.073469962	-0.046100083	0.043265515
UMARY	4543	-0.067722756	-0.193889523	0.028591355	-0.077875909	-0.050671605	-0.213603034	-0.070939635	-0.161406824	0.051462656	0.007119322	-0.041007941	-0.059258775	-0.555452312	0.024382562	0.171658601	0.036600602	-0.019092598	-0.056919162	-0.07321092	-0.119371758	-0.059299002	-0.113464784	0.052453342	0.237084006	-0.059066165
UMARY	4549	0.101465922	0.191932416	-0.028235504	0.05011929	-0.049971951	0.145889731	0.04352571	0.062843319	-0.129555567	-0.295831151	0.081402195	-0.107713935	-0.932517911	-0.055991078	0.033033663	0.773419135	0.134269909	0.027837267	-0.051270306	0.014237468	0.398391305	0.064332671	0.254054553	0.749425416	-0.094964775
UMARY	4590	0.00144892	0.039318292	-0.130362108	-0.055961321	0.063623626	0.166440842	-0.018530273	-0.047316821	-0.022238352	0.02925558	-0.121542577	0.123113427	-0.476082721	0.147624847	-0.046429564	0.327374006	-0.004915128	-0.098388557	0.106427058	0.086614377	0.334299871	-0.050937644	-0.120534635	-0.04821258	-0.005889716
UMARY	4593	-0.013647608	-0.132986317	0.078772098	-0.006437744	-0.080524046	-0.115633177	0.062227847	-0.099664807	-0.079663397	-0.007497716	-0.019840187	0.044109204	0.226331838	0.004768576	0.060684914	-0.461081235	0.01915555	0.043216883	-0.024559067	-0.068954253	-0.195299986	0.010038666	0.205545981	-0.130078346	-0.042867244
UMARY	4598	0.150360657	-0.025509033	-0.070630884	-0.058938978	-0.063491465	-0.036746797	-0.078159499	0.123042708	-0.110887794	0.00105523	-0.021506807	-0.147282115	-0.688925345	0.056752249	-0.132902403	0.383904871	0.128123674	-0.002884219	-0.067567297	-0.098874342	-0.01859144	-0.012308424	0.268569449	0.247923285	-0.055612545
UMARY	4636	0.07912261	0.006255324	-0.059564591	-0.103437251	-0.012412996	-0.181084673	-0.130294291	-0.222174288	0.059468461	0.043352427	-0.069585646	-0.055027137	-0.256579957	-0.016741414	0.47144608	0.29358289	0.000980701	-0.032388707	-0.053216232	-0.043503055	0.124831892	-0.135660217	0.105737797	0.038750152	-0.047087711
UMARY	4640	0.021339098	-0.010301202	-0.073056709	-0.089603903	-0.069936528	-0.081815057	-0.094015277	-0.034258285	-0.025463694	0.003785469	-0.119141159	0.006970362	-0.412244625	-0.174183915	-0.058499334	-0.022333844	-0.119274817	-0.13299522	0.014841042	-0.071943217	0.330701456	-0.136525509	-0.024456152	0.160068875	0.008354102
UMARY	4725	-0.0122368	-0.055876897	-0.123015193	-0.089037085	0.095020071	-0.029976623	-0.121995302	0.011447969	0.159142938	-0.035163579	-0.081861305	-0.060475466	-0.533446761	-0.122542092	-0.142745617	0.469369485	0.116138549	-0.036475123	-0.004556715	-0.091734982	0.294689642	-0.003017754	0.172083784	0.387852858	-0.209068234
UMARY	4726	0.124977369	0.046048644	0.002512808	0.036325078	0.016575389	-0.148600121	-0.01588153	-0.100939686	-0.158036772	0.263185025	-0.015262208	-0.094874	-0.230879114	0.042754512	-0.195100133	0.206616329	0.077123159	-0.056324641	0.061975798	-0.011088302	0.499649974	0.054400885	0.036432806	0.139855478	0.03132132
UMARY	4727	-0.194368426	-0.084694976	0.024806656	0.115816926	0.047923656	-0.000337701	0.027791195	0.057808339	-0.098341615	0.165790209	-0.098618772	0.054533384	-0.235982301	-0.070715375	-0.134627758	-0.059771466	0.022083001	0.045440088	0.00449505	0.062017134	0.151273014	-0.000389662	-0.067049775	-0.514433116	0.038000458
UMARY	4729	-0.085301321	-0.064708289	-0.061258872	-0.029854387	0.045108545	-0.176896579	0.048381207	-0.094304735	0.258857144	-0.052926964	0.032703537	0.239403153	0.27711626	0.053969193	-0.093695531	-0.66663759	-0.03322613	-0.116949122	0.081218018	0.037707714	-1.27169253	0.172481415	-0.158455768	-0.472998202	-0.100943734
UMARY	4782	0.049921753	0.014526158	-0.12988943	-0.070713804	-0.072250126	-0.03364288	-0.202541386	-0.147934482	-0.115113611	-0.015329467	-0.090940166	-0.018083109	0.142651372	0.070600395	-0.111427344	0.068586844	-0.042001671	-0.093625947	-0.025972642	0.034967755	-0.030042643	-0.096692373	-0.00183203	0.011851152	-0.118354077
UMARY	4786	0.029658044	-0.109142972	0.019718626	0.057840599	0.002060962	-0.057663802	0.115829479	-0.031068224	-0.068590301	0.042314407	0.074937413	0.057656867	-0.228936474	-0.093329567	0.228173612	-0.060117023	-0.057825718	0.026483739	-0.029119257	0.045829895	-0.113885143	0.005623138	-0.027253389	-0.322896479	0.073069583
UMARY	4788	-0.515092788	-0.072302126	-0.20977389	-0.110227028	-0.056047726	-0.487269207	-0.132649345	-0.033431152	0.02390964	-0.046549909	0.077490446	0.068095171	3.29319933	0.081625591	-0.242645733	-1.160284317	-0.23119392	-0.139363756	-0.226637987	-0.046669561	-0.249504969	0.066430641	-0.191605864	-1.21803143	-0.106141059
UMARY	4789	-0.228625249	-0.027985549	0.175130596	0.058844574	0.019586467	-0.06977567	0.022957694	-0.267255997	0.03121586	0.196656425	-0.007887221	0.076218563	1.660936776	0.081968719	0.042763067	-1.224062867	0.048218927	0.062475387	0.283102559	0.223205037	-1.259962175	-0.066972805	0.018598262	-1.051494565	0.13905573
UMARY	4841	-0.098127838	-0.046423182	0.004252785	0.022052827	-0.028479619	0.046630492	0.009072878	0.398682244	0.016329683	-0.109879735	-0.0546028	-0.18874675	-0.37847149	-0.076730074	0.131674768	0.642465619	0.129811929	0.055633878	-0.031790161	-0.066669307	-0.839650403	-0.000564452	-0.295307926	0.258672655	-0.0134593
UMARY	4842	-0.082992321	0.107290727	0.068329172	0.122759255	0.157600348	0.183159021	0.018708166	0.234967392	0.449156842	-0.122869621	0.04628367	0.34200489	0.242246687	-0.017326076	-0.202333556	-1.207639099	-0.105619904	0.050686249	0.13503759	0.079643279	-0.248110045	0.181463967	-0.348680461	-0.594225591	0.045371479
UMARY	4903	0.117226163	0.192981199	0.025360392	0.031856103	0.02018797	0.268387735	-0.062441243	-0.060166288	-0.100211767	0.071608932	0.085683946	-0.084267453	-0.255923434	-0.024585005	0.031215986	0.140859491	0.081928765	-0.008206582	0.113746762	0.054903331	0.379109587	-0.148614213	0.108938198	0.156911407	0.016661565
UMARY	4915	0.027377247	-0.004141518	0.06121267	0.050579716	0.082312612	0.045444145	0.072452593	0.324284998	0.056243332	-0.199141798	0.093939094	0.017163737	-0.36503132	-0.001022475	0.108585196	0.46551157	0.174440023	0.031445131	0.015780796	0.048959531	-0.685461721	0.076201406	-0.048609671	0.143853393	0.068842068
UMARY	4916	-0.109646364	0.074024911	-0.041718914	-0.056302343	-0.031858321	0.125528672	0.053734473	0.137061108	0.012979347	-0.151516194	-0.032575406	0.001452685	-0.314049485	-0.032160384	0.327173234	0.388785483	0.101395247	0.022657494	-0.099731708	-0.054152149	-0.19977818	-0.023806167	-0.015377554	0.48480239	0.073839733
UMARY	4924	-0.298573079	0.112897787	0.154787315	0.117850997	0.075958335	-0.174360185	0.352066869	0.046450859	0.327113289	0.070888268	0.309804647	0.38284162	0.478679758	0.225536602	-0.190659864	-0.883754807	-0.039847588	0.212570492	0.216796849	0.136398161	0.24103007	0.15827559	-0.366602219	-1.099092818	0.118715483
UMARY	5024	0.179279076	0.064638244	0.041188745	0.053286222	0.031194761	-0.22146531	-0.029174809	0.026148989	-0.243516695	0.131772985	-0.0325943	-0.037086306	3.587347131	0.056332386	0.396574615	0.333625209	-0.182971673	0.005079654	-0.053235126	0.050112469	0.256565825	0.088763398	0.172325504	0.344389492	0.038088542
UMARY	5028	0.059825946	-0.055785606	-0.081467244	-0.082678227	-0.041836456	0.009541695	-0.069542633	0.014785272	0.153855143	-0.005374428	-0.0259474	0.074157631	-0.615754244	-0.068233151	-0.368633136	-0.440620259	-0.064205265	-0.08744804	-0.047654957	-0.04203686	-0.103148074	-0.024494332	0.167286149	-0.145095194	-0.007140281
UMARY	5078	-0.027781071	-0.033000262	-0.038276183	-0.110929765	-0.154232189	0.00796391	-0.130417532	-0.097642138	-0.195088175	-0.050694212	-0.096552908	-0.299230687	-0.140203068	-0.121564795	0.053691562	0.642360688	-0.092056114	-0.041113368	-0.158017694	-0.077777412	0.230213441	-0.122950471	0.099682617	0.473860157	-0.11109396
UMARY	5079	-0.101017136	-0.037339539	-0.016841765	0.003987434	-0.048770984	-0.022453788	-0.017504519	0.071526398	-0.212514239	0.146232985	-0.026403761	-0.06732681	-0.119440428	-0.05775199	-0.159132164	-0.013079949	-0.121284881	-0.0410103	-0.075021606	-0.020092431	-0.105474028	-0.020951068	-0.053039213	-0.01355038	-0.006801838
UMARY	5081	0.025155262	-0.033706699	0.022411327	-0.075023973	-0.015241811	0.189658185	-0.020099041	-0.101412397	-0.007555613	-0.054200463	-0.034540945	-0.171853724	-0.642328105	0.072019187	-0.074591616	0.266147005	0.008200508	-0.080989469	-0.046121061	0.037962632	0.37797843	-0.001448415	-0.001558781	0.31867868	-0.03165573
UMARY	5086	0.010592623	0.041136541	0.020743573	-0.040778011	0.025179556	0.073106196	0.040547594	-0.23403315	-0.11884312	-0.034423706	0.061775676	0.006624212	-0.525444165	0.15502689	-0.037593441	-0.387152904	0.134197342	0.050263024	0.011096083	0.034617904	0.596533694	-0.005889547	0.008739669	0.218868436	0.08458662
UMARY	5087	0.051297186	-0.030292758	0.120811084	0.091774808	0.051382257	0.105050981	0.102904408	-0.148575711	0.171958312	0.024033812	0.017367726	0.100379532	-0.276373004	0.074947724	-0.245225172	-0.73848192	-0.194920563	0.073623862	0.010765915	0.019364345	0.034381703	0.060599292	0.08562007	-0.495058191	0.155473734
