FID	IID	1	2	3	4	5	6	7	8	9	10	11	12	13	14	15	16	17	18	19	20	21	22	23	24	25
BLSA	745	0.985030487	0.293610349	0.625529308	-0.690286414	1.467162591	-1.79408219	0.358346742	0.053944217	0.444595043	0.110275852	-0.175975613	0.77311251	0.491613934	0.312985971	0.745222207	0.231522383	0.145476443	-0.003626035	-0.019360342	0.541207423	0.352551281	0.345500785	-0.098322713	-0.055829945	0.157680926
BLSA	827	0.81829927	0.029753822	1.307225014	0.377263298	1.853228409	-0.16497263	0.219433411	-0.197502724	-0.006174667	0.279243909	-0.154744012	0.80449113	0.091122988	0.173629285	0.177388572	-0.020716804	0.004809416	0.112540942	-0.442546007	0.133138972	-0.266238248	0.324115945	0.028759379	-1.06132123	0.104283285
BLSA	1556	-0.320927796	0.018354674	-0.433021399	-0.139492523	0.06424286	0.207694452	0.120164861	0.09864383	0.042518501	0.264553437	-0.283507892	0.304170736	-0.051581327	0.294589601	-0.527418331	-0.029231742	1.064727895	-0.230723287	0.272019406	-0.147134667	-0.280678992	-0.006981775	0.040155742	0.689805952	0.560085333
BLSA	1579	-0.251681387	-0.100714159	0.520078274	0.092707538	0.286395003	0.249307102	-0.348945386	-0.291049454	-0.35382936	-0.168569692	-0.236590529	-0.173459445	-0.16151129	-0.189051973	0.486672776	-0.215328164	-0.084386213	-0.302765797	0.038789912	-0.16799307	-0.21193393	-0.168373274	-0.247108811	-0.159373664	0.586507887
BLSA	1595	-0.065001656	0.514847594	0.355659784	-0.274932579	-1.046769322	-0.645499232	0.82256071	0.605013777	-1.061584048	0.421607338	-0.204904863	0.123666697	0.58084285	0.847720359	0.452276452	0.76455203	-0.250394537	-0.053045349	-0.553681402	0.496338016	-0.411883432	0.323320268	0.40658536	0.519907026	0.202946808
BLSA	1603	-0.821064154	0.044706645	-0.302409364	-0.109897891	-0.354169939	-0.277401963	-0.041013751	0.216563447	-0.075526205	0.116642607	0.409279896	-0.433558221	-0.15099829	-0.124668626	0.122932652	-0.000329366	-0.462170886	-0.008478307	0.103858215	-0.042109461	0.353666054	-0.115529858	0.076600365	-0.041524231	-0.693601643
BLSA	1640	-0.384969586	0.116018513	0.095535433	0.099081882	-0.072008929	0.304299451	0.057129672	-0.033936104	0.020623678	0.044314373	-0.078531609	0.153394282	-0.14801998	0.064371838	-0.277682877	0.0707558	0.627629461	-0.013070643	-0.090707943	-0.148622723	-0.19784708	-0.129993243	0.097998435	0.6460661	0.585814553
BLSA	1775	1.693055403	-0.105732224	0.180724517	0.520975586	0.539684984	0.863239991	-0.07377165	0.065442987	-0.018853512	-0.716593764	0.394660282	0.041435835	-0.062285984	-0.019619652	0.318198371	-0.093209348	-0.520547723	0.248612705	-0.385881987	-0.134161783	-0.169622812	0.192868268	-0.062067188	-0.957781382	-0.347405494
BLSA	1802	0.11111205	-0.0047151	-0.702201916	-0.107777294	-0.592644258	-0.415289206	-0.231031103	0.209180401	-0.034906854	-0.043535039	0.100739038	-0.045004791	-0.149963023	-0.198953939	0.145593234	-0.037758349	-0.109563504	0.014210651	0.220984162	-0.004814444	0.360117812	-0.113038724	-0.145022362	-0.023822504	-0.365634254
BLSA	1805	-1.033303104	-0.142826899	-0.688296902	-0.100156394	-0.336370144	-0.096929767	-0.028677134	0.222168733	-0.025827004	0.092891741	0.126961985	-0.563996114	-0.218175529	-0.314325451	0.057310481	0.078489411	-0.318923881	-0.03954375	0.407542767	-0.258962331	0.374186886	-0.120756776	-0.099737435	0.026140574	-0.633865473
BLSA	1838	-0.05847807	-0.224047013	-0.734468022	-0.414007958	-0.083970713	-0.590797263	-0.203714788	-0.013136041	0.053336435	-0.026098759	0.044463874	-0.070083016	-0.132357791	-0.243594415	-0.053928578	-0.220867814	-0.103653026	0.139274314	0.254342478	-0.161939367	0.098456675	-0.255563806	-0.048797887	0.001918067	-0.119409703
BLSA	1839	-0.585808663	0.097767543	-0.393217919	0.161192587	-0.227534917	-0.056242665	-0.288310096	0.200404165	0.024584849	-0.16745398	0.181941988	-0.328636384	-0.059361144	-0.228294748	0.101202808	-0.091388102	-0.021569884	-0.060656185	-0.010582738	-0.20305476	0.29994919	-0.242937221	0.096668356	0.099123193	-0.208450414
BLSA	1840	0.423671312	-0.260370271	0.276671924	0.026268262	0.045172052	0.392298725	-0.179702832	-0.053221046	0.225025332	-0.188485314	0.094912724	-0.096053155	-0.170847766	-0.174671177	0.057733134	-0.104631527	-0.159168667	0.02915574	0.123338997	-0.081676957	0.155914676	0.048304847	0.041142511	-0.125664041	0.214807523
BLSA	1883	-0.075299338	-0.162338229	0.248299077	0.335785811	0.333701545	0.326018477	-0.068740192	-0.159580717	-0.102587675	-0.211566416	-0.029925659	-0.343165769	-0.069320861	-0.063295674	0.064547022	-0.148876858	-0.085328664	0.134202552	-0.017938618	-0.094851541	-0.046392437	-0.05094333	-0.112478196	-0.270066684	-0.256969743
BLSA	1889	-0.105323934	-0.210309134	-0.105778256	0.145705981	-0.566457477	0.46216546	-0.235653568	-0.0994724	0.427005894	-0.213423149	0.215142084	-0.478123158	-0.086279261	-0.280694548	-0.002305686	-0.013616844	-0.317095957	-0.132838944	0.008704375	0.032397681	0.320881192	-0.127892516	-0.074268404	0.041137462	-0.569194214
BLSA	1924	-0.352052373	-0.017628451	0.205110299	0.064347862	-0.957014872	0.02883084	-0.124683143	-0.226836361	-0.158741453	-0.034427591	-0.280260244	-0.060670535	-0.02560603	0.045835986	-0.092726262	-0.165361701	-0.508397349	-0.042769836	0.082573782	-0.081589921	-0.003943721	-0.212016689	0.006629528	-0.091559271	-0.145789618
BLSA	1961	0.26251899	0.1275141	-1.038831813	0.300949082	-0.499172373	0.667467496	0.097232771	0.229680756	0.127744086	0.244613049	0.156236433	-0.199165638	-0.031897279	0.002032653	-0.946594567	0.096790102	0.227391371	-0.076508655	0.152132502	0.022001544	-0.054925489	0.138938028	0.207301224	0.086820097	-0.460197002
BLSA	2000	-0.158322362	0.012903203	0.260890376	0.497688572	-0.117617686	0.121914937	-0.044773166	-0.06991181	0.17061421	-0.066576872	0.031642511	0.023675947	-0.042239615	-0.215987795	-0.043464885	0.149740542	-0.08411099	0.037023937	-0.081903274	-0.025992658	0.068289895	0.067938199	-0.059107983	-0.030814071	-0.092383913
BLSA	2020	0.439812815	0.065459128	0.056200011	-0.424546152	0.147939982	0.06884099	0.203096391	-0.322611613	0.001299731	0.040010901	-0.207980495	0.234560262	0.227268534	0.066045371	-0.225912779	-0.099614078	0.089917746	-0.072564331	-0.057080707	-0.037964904	-0.191116424	0.04864188	-0.142638768	0.004155728	0.37393845
BLSA	2037	-0.589160731	-0.139199272	0.359574941	0.038584856	-0.321277727	0.281294347	-0.129327173	0.013145758	-0.116745011	0.072060176	-0.069119651	0.072728426	0.004447574	0.044258642	-0.458757564	-0.024834636	0.163997635	0.145691661	0.029384293	0.125650787	-0.146166173	0.201263442	-0.060006041	-0.157081325	0.560773301
BLSA	2066	0.316647369	0.027583899	-0.03615074	0.292954875	-0.175136421	0.667783761	-0.106591766	-0.007224842	-0.081025108	-0.113749904	0.052205905	-0.164181077	-0.194229552	-0.127883649	0.209531969	-0.083074003	-0.112525397	-0.100062662	0.069630898	0.021300119	-0.062506774	-0.059405449	-0.027786539	-0.057183015	-0.360445981
BLSA	2069	-0.740380996	0.095109884	-0.100107932	-0.476102881	0.365845944	-0.373915806	-0.006737863	-0.19058098	0.341893401	0.025473848	0.160014796	0.034682578	0.056945966	0.151391329	-0.355242931	-0.064516451	0.083955568	0.183482622	0.214712431	0.07425451	-0.044793134	0.044441681	-0.003211209	0.212824118	0.516426822
BLSA	2093	0.233139707	-0.347711271	0.819318374	0.26540818	0.155583627	0.466798675	-0.042105769	-0.085549324	-0.117846153	-0.111352063	-0.236007941	-0.102349072	-0.063228715	-0.230252282	0.55262948	-0.362635171	-0.393048491	-0.052691307	-0.345844812	-0.185861385	0.142716579	-0.216232254	-0.022205027	-0.320133448	0.069436085
BLSA	2102	0.258486748	0.271962669	-0.776333065	-0.481714288	0.09118778	-0.692823983	0.275814821	-0.163574655	0.27440589	0.350145312	-0.01065301	0.492527972	0.36566159	0.408432895	-0.507204698	0.38414069	1.122979634	0.145149963	0.027513613	0.330440921	-0.438681595	0.084331571	0.200917663	1.024256495	0.320646478
JHU	384	-0.618586836	0.112598215	0.384216464	0.363112579	0.6371234	0.283786004	-0.052726536	0.03026578	0.052047562	0.019275914	0.059026595	-0.337914536	-0.024910844	-0.217790729	0.042097686	-0.06390804	-0.139991349	0.104999212	-0.023113864	-0.137734083	-0.043667267	0.01852279	0.025381424	-0.110787719	-0.339230755
JHU	705	0.034498842	-0.178589099	-0.382544929	0.058318467	-0.252077661	-0.337385189	-0.042481347	0.155544538	0.172249256	-0.014923876	0.322516421	-0.07458485	-0.007443461	-0.166004551	0.248481835	0.063252052	-0.386291045	-0.057588839	-0.099247602	-0.149585964	0.251523005	0.022606319	0.023701805	0.010293579	-0.068788654
JHU	710	-0.244644965	0.097492559	0.437012988	0.337471712	0.152745514	0.212551951	0.035094537	0.064360323	0.027467131	0.055801596	0.066536324	-0.024576881	0.074942654	0.014965428	0.139421975	0.019518345	-0.015617623	0.109012599	-0.106970487	0.089644043	0.113298277	0.249545441	-0.01532213	-0.103034998	0.008748255
JHU	712	-0.024974153	0.016792984	0.272980612	0.499600525	-0.202296156	0.242787048	0.004138585	0.077298739	0.067985322	-0.075513255	-0.000350617	0.250692693	0.116052594	-0.01836323	0.094570302	0.032914607	0.172828784	0.179334945	-0.188807435	0.011620367	0.117729142	0.05705533	0.102680455	-0.107369178	0.706473582
JHU	713	0.68043049	-0.014106905	-0.293244077	-1.205250105	1.068367557	-1.485654159	0.064259527	-0.307750237	-0.653322321	-0.28015269	-0.565542914	0.59144247	0.28598032	0.321121194	-0.220593633	0.076723706	-0.133738129	-0.050065231	-0.012486612	0.020954271	-0.500273348	-0.019854934	-0.273621519	-0.433367841	-0.379959563
JHU	719	-0.474650033	0.052396098	-0.733767725	-0.227710204	-0.561057502	0.15762293	-0.027016618	0.166717909	-0.151596448	0.034262438	0.198815831	-0.398406992	-0.179019141	-0.05552752	-0.010238347	-0.062578208	0.057570833	-0.051553234	0.195043686	-0.004371232	0.234421917	0.064917249	0.104073212	0.348211018	-0.391448784
JHU	993	0.377552193	-0.080335073	0.860339269	0.136838938	-0.126329408	0.368945633	0.003823575	-0.336912616	0.511018783	0.273499084	-0.220506253	0.172751028	0.071108485	0.131790569	-0.030769099	-0.035107581	0.396937101	-0.061490017	0.01552484	0.122128684	-0.102175041	-0.502828111	0.00953484	0.044086311	0.716917829
JHU	994	0.078245198	-0.144242618	-0.408671054	-0.208353864	-0.480004295	0.076053113	-0.093983709	0.231790475	-0.033341399	0.002226294	0.177923897	-0.245148836	-0.238151137	-0.162710461	-0.024991697	0.03167204	-0.187261322	-0.153133582	0.02881465	-0.100802413	0.069684239	0.018415945	-0.043012223	0.07675747	-0.120316427
JHU	995	0.192129264	0.137993839	-0.136321548	0.245971953	-0.236471449	0.481292671	0.108891986	-0.081314911	0.007492113	-0.014475505	-0.038419284	0.065745904	-0.098559471	0.1525193	-0.237979022	-0.062486921	0.235562751	-0.019515854	0.191242825	0.148146327	-0.140540924	0.091619973	0.066584136	0.275211357	-0.132395483
UMARY	142	0.181560947	0.046175107	0.66387442	0.108649305	0.02683538	0.060452099	0.157975434	-0.102152057	-0.039593746	-0.038695467	-0.0793484	0.154500035	-0.020316737	0.080693078	0.044633057	-0.091307874	-0.049847436	0.119777296	-0.279842037	0.112912336	-0.233735874	-0.09501343	0.028133994	-0.096052243	0.199923563
UMARY	602	0.13841135	0.067929908	0.060970615	0.280358628	0.877592473	0.019102376	-0.07541578	-0.231691248	0.142930255	-0.094197815	0.134294023	-0.054115439	-0.055917407	-0.073654675	-0.120997947	-0.111659282	-0.098588346	0.176926478	0.033500474	0.023631129	0.069410015	-0.001754339	-0.002887512	-0.189694556	-0.018312068
UMARY	604	-0.056627961	-0.037057275	-0.291283146	-0.315417454	-0.206163428	-0.534151993	0.015236368	0.02982641	-0.111901552	-0.010767841	-0.010137126	0.020064123	0.268922051	0.059097383	0.156663958	0.142734074	0.143722915	0.137678503	0.014478482	0.032562109	0.276548754	-0.060732983	0.040568826	0.130182996	0.122823421
UMARY	813	-0.702726247	-0.02215701	0.005158266	-0.018351103	0.482383361	-0.217649338	0.10666063	0.083962587	0.079350137	0.150244024	-0.052390696	-0.094911764	-0.023184181	0.098640956	0.054176565	-0.06523631	0.023529807	-0.006810008	0.320997938	0.054425282	0.088576663	0.05302388	0.01272317	-0.021606022	-0.116477009
UMARY	819	-0.09048297	-0.009059246	0.177632091	0.03703926	-0.388694362	0.096813878	0.063882441	0.204316235	-0.020938531	0.053812586	0.070748459	0.02828142	-0.098034593	0.104243603	-0.077377651	0.113461609	-0.321395853	0.005681417	0.074676413	-0.03693311	-0.012078725	-0.030924313	0.024751698	-0.064860723	-0.2641876
UMARY	871	-0.406715708	-0.008097954	0.629658132	0.299702974	0.28199787	0.311941336	-0.018710318	0.04686169	0.047999441	0.086081615	0.036734047	-0.152000556	-0.091805049	0.024113365	-0.003589391	0.025923418	0.013215049	-0.009832704	0.209821425	0.023673009	0.075253614	-0.006985289	0.014780358	-0.109089766	-0.202288096
UMARY	879	0.101487859	-0.032709146	-0.25485886	0.102228059	-0.52550019	-0.148153106	-0.047006843	0.073214709	0.00765405	-0.000423462	-0.11006367	-0.013812531	-0.133761939	0.065738103	0.068577667	0.167538988	0.037278853	-0.130277425	0.054423231	-0.001041796	0.068379147	-0.091585064	-0.075351781	0.035348219	0.047328327
UMARY	880	0.272582095	0.120126791	0.478437273	0.286441215	0.065546285	0.471414129	0.112876898	-0.108821267	0.090779222	0.068467322	-0.189939495	-0.066585223	-0.081931988	0.137685141	0.047036312	-0.109592851	-0.186285269	-0.005835405	-0.157620715	0.179428668	0.014892327	0.141932691	0.153956643	-0.136711991	0.329087847
UMARY	914	0.096371252	-0.030979806	0.049318941	0.056053853	-0.395016874	-0.034876856	-0.087217544	0.04338372	-0.02213217	-0.049189981	0.096221887	-0.239858553	0.070816866	0.006250836	0.236684008	0.089162117	-0.133458301	0.031800043	-0.162161772	0.001962846	0.063230668	0.032545301	0.003879537	0.040453726	0.08256223
UMARY	933	-0.456657227	-0.09295063	-0.536186188	-0.276299141	1.07001735	-0.144596823	-0.166900467	-0.158892968	0.094224929	-0.118942462	-0.090875627	-0.082644449	-0.071923095	-0.170224357	-0.182910099	-0.199304228	-0.035036104	0.103958388	0.375504723	-0.081775915	-0.049423895	-0.101690867	-0.088279834	-0.144904027	-0.17040632
UMARY	1028	0.181287939	-0.095982402	0.087411349	-0.155962295	-0.199312539	-0.506467383	-0.182956066	-0.011391775	-0.089887568	-0.007014464	0.076617949	0.340919569	0.202622327	-0.278413982	0.101876111	-0.099266223	-0.238438203	-0.040048208	-0.268457837	-0.231596671	0.014022303	-0.114227076	-0.104060093	0.024420468	0.20708053
UMARY	1037	0.046127294	-0.055661346	-0.391648346	-0.134712584	1.032805695	-0.208030921	-0.068956986	-0.03437349	-0.117373706	-0.129089193	0.120624667	-0.03840048	0.256718972	-0.096225623	-0.124872832	0.094742934	-0.135095754	-0.114784512	0.215963688	-0.11303003	0.029022044	-0.097445233	-0.091812683	0.151584965	0.227929504
UMARY	1064	-0.175060743	-0.11299434	0.308634671	0.521462715	-0.508456056	0.778813318	-0.183570027	-0.106211584	0.17021332	0.015486868	-0.038469021	-0.390927996	-0.142083702	-0.134729291	0.005519552	-0.048001916	-0.017808632	-0.06946362	0.111534337	-0.039560051	0.084897	-0.015005489	-0.01596921	0.065945198	-0.05793971
UMARY	1065	0.43218909	-0.092731573	-0.207841961	0.615499821	-0.003845234	0.38554894	-0.176486298	-0.050459108	0.519144337	0.28781661	0.140746301	0.228639975	-0.126039493	-0.022262167	0.212952279	-0.028083473	-0.032438893	-0.025883794	0.113043585	0.123317518	-0.013770775	0.143018688	-0.113184332	-0.175340514	0.060546677
UMARY	1076	0.092494081	0.059433636	-0.595589543	-0.313271231	-0.557263213	-0.296138831	0.056278501	0.027551702	0.084775346	0.081709438	0.0493937	-0.20596154	-0.046038918	0.134944672	-0.364045102	-0.09166638	0.051417996	-0.113738982	0.036233992	0.048687002	-0.023511678	0.068411942	0.068515453	0.163524619	-0.009230018
UMARY	1078	-0.366224346	0.078103197	1.616328432	0.274356639	-0.555104099	0.383665451	-0.228020957	-0.261920194	-0.100638982	-0.162967452	0.053559978	-0.161071353	-0.115592631	-0.260817634	0.554256262	-0.141954468	0.288051182	-0.060668456	-0.021072611	-0.240882987	0.078338999	-0.038724113	-0.122461807	-0.203405384	-0.267798976
UMARY	1079	0.113254236	-0.150906133	-0.12640057	0.058778223	-0.498634455	0.587844423	-0.132002295	0.140079377	-0.082477788	0.061756272	-0.107061034	-0.061521678	-0.03425568	-0.178176754	-0.153643817	0.065988977	-0.021261648	-0.105758476	0.063453247	-0.128934218	-0.152756305	-0.100222924	-0.080518896	0.299792256	-0.264725637
UMARY	1104	-0.121399514	-0.030976192	-0.378773089	-0.160484569	-0.14483663	-0.078403591	0.028113363	0.043947323	-0.037714748	-0.028882553	-0.050168243	0.0998596	0.099128954	-0.010130642	0.026561204	0.202449719	0.234078028	-0.100802155	0.0231698	-0.033326728	0.128955753	0.022230196	-0.011805491	0.043633945	0.215410758
UMARY	1105	0.318130549	0.05664236	0.056374627	-0.518767409	-0.0300708	-0.583157886	0.111690739	-0.021920009	-0.012776755	0.080902655	0.010384926	-0.016179838	0.15350836	0.138486961	0.393310613	-0.027406948	0.064162099	-0.002712455	-0.175130126	0.154605532	0.138363537	0.114471663	0.023324256	0.270229516	0.084477948
UMARY	1114	-0.698907016	0.085161183	-0.288932815	-0.136950828	0.027916238	0.022436149	0.019942959	0.012467352	0.006495571	0.015816781	0.069798116	-0.243971687	-0.008348265	0.040536812	-0.022019701	-0.062622043	0.481739951	-0.102082959	0.127574622	0.086631167	-0.024115579	-0.010453584	0.1183513	0.408131442	-0.015370306
UMARY	1133	-1.3648566	0.212719698	0.110959987	-0.526057296	2.040026007	-1.238988148	0.05639398	-0.061809252	0.135962907	0.113111522	0.090257068	0.289511691	-0.177267082	0.041231409	-0.179332052	-0.041719201	0.149799756	0.261031017	0.590374036	0.147187253	0.078188996	0.077698864	0.173787871	-0.049454577	-0.5800012
UMARY	1134	-0.127665812	0.049519811	-0.127987697	0.202489965	-0.031642407	0.340735757	-0.007665441	0.229796136	-0.012997041	0.079222143	0.060758058	-0.180223977	-0.062015767	0.145444262	-0.118173074	0.06186175	0.006702048	0.059482203	0.118654182	0.041346825	-0.006620109	-0.032018752	0.048930165	-0.077569839	-0.042197717
UMARY	1136	0.013594807	-0.078073716	-0.345125555	-0.02059997	-0.280979527	0.140137796	-0.076045616	0.048840492	0.039412168	-0.052281384	0.154599951	-0.025849702	-0.006140919	-0.092351408	0.161994882	-0.091741356	-0.160034543	0.011919633	-0.124295195	-0.071211384	-0.018416387	-0.088562093	0.014286004	-0.177649553	-0.102183231
UMARY	1158	0.382404279	0.050496169	-0.045568737	0.00558848	0.760235188	0.072184772	0.099649029	-0.125428968	-0.083710971	-0.130782822	0.149361809	0.158825038	-0.056638803	0.028563056	-0.120326879	-0.157015508	-0.100071023	0.048304082	-0.082251206	-0.002957536	-0.196290408	-0.062269847	-0.049684381	-0.08141953	-0.079105832
UMARY	1170	0.140056352	0.014964518	-0.197727144	-0.219925872	0.818298553	-0.532986841	0.051343806	-0.064793581	0.007061546	-0.024437373	-0.030325981	0.192927782	-0.014875051	-0.000107911	0.028235509	-0.086823716	-0.059794878	0.008392625	0.013591729	0.034525318	-0.076867443	-0.012483815	0.088622099	-0.16037019	-0.013996036
UMARY	1206	0.473210619	-0.02840773	0.598215741	0.503032381	-0.248155667	0.837730005	0.039908901	-0.09245548	-0.016423425	-0.008605659	-0.134146453	0.065164766	0.024833494	0.032067452	-0.102443086	-0.062225416	-0.130325324	-0.011062112	-0.000531156	-0.040477404	-0.25800338	-0.080445839	0.000307185	-0.174150667	0.435504618
UMARY	1209	-0.255875303	-0.030367621	0.272471164	-0.224631118	0.219265483	-0.188252074	0.038109929	0.021519837	-0.014432911	0.069402415	-0.02340406	0.265939374	-0.005374401	0.085449392	0.023509014	0.099678439	0.037165435	0.096893668	0.188240135	0.094103521	0.076537642	-0.152536136	-0.056060047	0.028608141	-0.05715249
UMARY	1226	-0.511114288	0.03862417	0.803711548	-0.042489611	-0.210881486	0.283482558	0.032230161	-0.101872355	-0.095255548	-0.075808462	-0.161829434	-0.41936666	-0.009217487	0.066782802	0.235239933	-0.10897761	0.178579141	-0.008938381	0.029087312	0.091667863	-0.157004892	0.012774878	0.064381373	-0.025815523	-0.63622588
UMARY	1230	-0.161227107	0.000222235	-0.022609468	-0.089709585	0.731367444	-0.186009439	0.003612095	0.065700527	0.07557635	0.069845425	0.147997797	-0.054045661	0.053594685	0.024917435	-0.02414462	0.012391833	-0.041318884	0.05955928	0.001778859	0.016031124	0.192907471	0.051031937	0.025841396	0.145854923	0.216207289
UMARY	1260	0.022707571	0.169748635	0.214595043	0.425143492	-0.394021161	-0.115435856	0.046777107	0.228294715	0.004016846	0.151730755	-0.018274665	0.163203811	0.121939912	0.175570031	0.161514518	0.139853154	0.154155081	0.050439136	0.004107569	0.18044407	0.09304616	0.062108237	0.101873341	0.253944114	-0.086061078
UMARY	1326	-0.106453655	0.0756433	-0.505925019	0.212942493	-0.383230994	-0.066358633	-0.001211195	0.131528804	-0.06942945	0.12815953	0.054531893	0.034302132	-0.020954858	0.037241469	-0.310314657	0.141515448	0.047582997	-0.050555335	-0.127999352	0.020964195	-0.01012678	-0.146867822	0.025050107	0.022172506	0.095278534
UMARY	1454	-0.043016891	-0.065490001	0.514973796	0.384730551	-0.032945431	0.610047478	0.083885716	-0.130735597	0.017481213	0.016667946	-0.105725594	-0.041962118	-0.092047926	-0.041358116	0.108921942	-0.205940701	0.106132786	-0.129803541	0.149446757	-0.012481862	-0.218564729	-0.056033097	-0.069627327	-0.010058882	0.108527166
UMARY	1465	0.037907614	-0.045123048	-0.423549461	-0.443038692	-0.059522696	-0.45718181	-0.061335627	0.099098948	-0.03305099	-0.056344997	0.046157174	0.060635173	0.055412108	-0.048794788	0.107424554	-0.172685288	-0.048044447	-0.010929477	-0.13638711	-0.007515917	-0.228591902	0.071930475	-0.018442776	0.034821189	0.24906753
UMARY	1486	-0.157511512	-0.048542404	-0.139581443	0.113149499	-0.201941877	-0.058400739	-0.001052045	-0.000682302	-0.027732682	-0.030676437	-0.071208813	0.043366863	0.032699651	-0.134807456	-0.052169571	0.141771677	-0.078705107	0.020127933	-0.151978868	-0.139688133	0.100028353	-0.027654973	-0.104213131	-0.084131178	0.106161034
UMARY	1498	0.199823175	-0.088146556	0.015320762	0.275852427	-0.229925069	0.502677946	-0.096894989	0.123006606	-0.087402074	0.02534909	-0.055912677	-0.052527883	-0.072956375	-0.003483641	0.120331961	0.064714965	-0.137794601	-0.050712972	-0.007624118	0.010890266	0.075810023	-0.021362421	-0.065352774	-0.195774271	-0.00018811
UMARY	1502	-0.109899531	-0.173965563	-0.089685019	-0.267030941	0.169589292	-0.367961023	-0.032322264	-0.063849838	-0.209648772	-0.023470061	0.17308781	-0.064545592	-0.104149838	-0.14717477	-0.136911021	-0.007392324	0.204736348	-0.205535628	0.154953465	-0.193914914	-0.034478103	-0.148554095	-0.091805424	0.245580819	0.007794536
UMARY	1535	0.16165336	0.054208721	-0.038529343	0.256162659	-0.334998745	0.428679921	0.007683071	-0.130425121	-0.053665451	-0.160614375	-0.03143037	-0.085458577	-0.074280564	-0.000589991	-0.336361272	-0.166063653	-0.0604917	-0.011220258	0.108180638	0.059530265	-0.271945741	0.084460588	0.017211172	0.117962424	-0.035688683
UMARY	1540	-0.576128274	0.042324867	0.489041499	-0.014391098	0.179666948	0.457492601	0.002125853	0.196375753	-0.239908609	0.080936358	-0.072554707	-0.385491672	-0.086513795	0.141013976	0.172658531	0.288761535	-0.151453134	-0.122287672	0.063060352	-0.049721899	-0.010179597	0.03040593	0.021934638	-0.217870895	-0.569568964
UMARY	1541	0.031711499	0.029394578	0.047727569	-0.296852653	0.386360627	-0.55384014	0.113214697	0.019393854	0.081503599	0.091740187	-0.071392773	0.198624589	0.119825015	0.090444924	0.048773796	-0.007224269	-0.143172502	0.034691443	0.008432613	0.091432305	-0.049768086	0.081884299	0.063237402	-0.027667004	-0.141852634
UMARY	1544	0.241347997	-0.018018954	-0.297585394	-0.168039317	0.020708773	-0.00829707	-0.114189709	-0.020067045	-0.162908122	-0.140435145	0.136355874	0.206199312	0.033241111	-0.078602272	0.21134338	-0.033435491	0.088101926	-0.179393547	-0.211096512	-0.036856832	0.232722046	-0.005221141	-0.004968347	0.15998388	0.290643698
UMARY	1545	-0.05048478	0.184271783	-0.729654396	-0.752642017	0.538900773	-1.119538247	0.06642713	0.136877395	0.035637267	0.007879358	0.14910189	0.114019176	0.08158751	-0.01454378	-0.143991676	0.177367073	-0.038854707	-0.053075051	0.048410548	0.073100572	0.175907894	0.003929439	0.148056674	0.38689007	0.184947362
UMARY	1568	-0.486657521	0.009036575	0.29055895	-0.12031038	0.264342445	-0.256245505	-0.108866484	-0.230535111	0.29338382	-0.023252157	0.091039854	-0.165387592	0.017974344	-0.118711294	0.098131845	-0.262747297	-0.027109823	-0.127950947	0.211532313	-0.052395334	-0.179477641	0.087720113	-0.020941251	0.162772209	-0.225820336
UMARY	1570	0.190150507	0.022243999	0.194515	0.03783468	-0.56379477	0.010704705	0.043045544	0.099177141	-0.078674958	0.047813832	-0.060042659	-0.008334838	-0.072125103	0.031853359	0.004797992	-0.052883976	0.005937887	0.092296788	0.114508705	0.040080662	0.053057904	0.032599618	0.039178474	-0.034432146	0.08087164
UMARY	1571	-0.366343448	0.06439605	-0.485479118	-0.494208061	-0.046527591	-0.697804736	-0.011039371	0.109912854	0.003771773	0.079411975	0.090944523	-0.120650186	0.144562493	-0.025484708	0.185268415	0.248464502	0.160718976	-0.151056797	0.036166511	0.080602618	0.16750824	-0.035246768	0.066836972	0.329865895	0.302535321
UMARY	1578	-0.235898087	-0.067432571	-0.181866682	-0.241633314	-0.402163077	-0.193350352	-0.015675904	0.189233435	-0.123434727	-0.108445729	0.115579137	0.019279113	0.037545993	-0.182433205	-0.087653681	0.073325213	-0.115964399	0.025468028	0.1355634	-0.052752005	0.101158762	-0.043192778	0.016035234	0.11258038	0.069316742
UMARY	1583	0.370071234	0.140269468	0.662096024	0.64605322	-0.621208882	0.815050982	0.057287686	-0.11760369	0.054348837	0.030422812	-0.193920641	0.101563908	0.096743003	0.093928981	-0.147219459	0.00071979	0.549791682	0.027838742	-0.064952479	0.119313276	-0.330045619	-0.113549647	0.057993469	0.089735282	0.265025155
UMARY	1584	-0.322557929	0.010095797	0.093419575	0.352438755	-0.167094658	0.2548492	0.003127662	0.096617413	0.053462906	0.065614155	-0.134609196	-0.059134562	-0.289491424	-0.030726293	-0.000724577	0.041913113	-0.046969007	-0.101734061	0.08675868	-0.005532778	0.07390962	0.304553627	0.095839194	0.101474158	-0.407327497
UMARY	1611	0.100044627	-0.112206515	-0.19485177	-0.17766853	-0.478412904	0.067341782	-0.209148167	-0.0450745	0.036223293	-0.229551449	0.212644263	-0.283344555	-0.153868988	-0.289496065	0.009659869	-0.01865724	-0.186618964	-0.071423896	-0.109118667	-0.179455165	0.158079336	-0.166024166	-0.066364699	-0.077163353	0.161515716
UMARY	1612	0.358509698	0.027229317	-0.08254422	0.09350364	0.332039169	-0.11672552	-0.014072705	-0.232207055	0.060099836	-0.041690797	0.12279367	0.175541962	-0.165869312	-0.0240008	0.022532689	-0.217390282	0.013042615	0.130264912	-0.166870695	-0.014988295	-0.019167073	0.109126701	-0.014801207	-0.220145585	-0.421474873
UMARY	1613	-0.338632922	0.052016221	0.856991334	0.412464069	0.313751192	0.646609797	-0.100594045	-0.151769877	0.052481973	0.061720003	-0.072306024	0.210802044	-0.035848845	-0.131272608	-0.012801184	-0.135392389	0.219767653	0.141172879	-0.01457963	-0.01747386	-0.222779596	0.016508681	-0.008887218	-0.317842692	0.531113835
UMARY	1614	-0.022457054	0.096272696	0.14165088	0.651488963	-0.28978832	-0.033210708	0.059302876	0.085869889	0.209929271	0.055387086	0.119096774	-0.145164421	0.08142844	-0.06887059	0.061142733	-0.033373483	-0.135823234	0.06169544	-0.033952776	0.040953516	0.031274115	-0.000195019	0.118532119	-0.041979761	0.100830806
UMARY	1648	0.285734316	-0.034955002	-0.115606473	-0.176708068	-0.019380151	-0.57611899	-0.009513075	0.136426792	0.13715561	0.093304602	0.081887576	0.023858042	-0.008557339	0.016342435	0.215878898	0.133947949	-0.129700272	0.0049098	-0.0317807	0.088723908	0.320970638	0.058862259	-0.063407942	-0.173681396	-0.175093189
UMARY	1652	0.587539076	0.098357332	0.527092029	1.047514464	-0.316110481	1.402005566	-0.019424978	-0.320024555	-0.031995586	-0.086230648	-0.186397634	0.06468483	0.046177985	-0.030807581	-0.14223139	-0.070109994	0.376527309	0.148257136	-0.105390382	0.006301186	-0.368531158	0.011117294	0.037107389	-0.183436862	0.453018049
UMARY	1668	0.10402304	0.146555843	-0.313974454	0.324155198	-0.115879201	0.323179156	-0.032101911	-0.102332913	-0.076423715	-0.020458847	0.020359889	-0.070230462	0.043758286	0.135536862	-0.13017174	-0.008641323	-0.067869709	0.10826146	-0.128687052	0.07701082	-0.036292101	0.054305324	0.093015261	-0.116415066	-0.068722022
UMARY	1710	0.346318289	0.033982997	-0.244475113	-0.049430333	0.096800848	-0.210452841	-0.073111769	0.037732786	-0.071226902	-0.066368916	0.025124979	0.051822964	-0.033077369	0.046042051	0.045918255	0.018841676	-0.109820524	0.108709778	-0.201140422	0.018718759	0.301069157	0.057609621	0.072965975	0.066653917	0.058446266
UMARY	1712	0.179752478	0.075932951	-0.329264115	6.09E-05	-0.17739577	-0.223737084	0.114241737	0.084060923	0.006163887	0.030204922	-0.044499703	0.085795981	-0.002208043	0.122434781	0.029296712	-0.078614888	-0.027806453	0.020470928	-0.025808379	0.087158601	-0.042964436	0.091892126	0.037287919	0.00808122	0.218477646
UMARY	1713	0.325873287	-0.029377044	-0.482839852	0.03012776	-0.336684702	-0.090947166	0.05816241	-0.101846113	-0.071540973	-0.05993628	-0.091099605	0.128804651	-0.071079724	-0.018113149	-0.054011121	0.084521605	0.094219631	0.039836314	-0.271425746	-0.040305984	-0.056086965	-0.052926611	0.037466823	0.218288841	0.24915774
UMARY	1715	0.22313609	-0.035482515	-0.269389	-0.390586536	-0.189310838	-0.432433948	0.129545946	0.039569695	-0.054314648	0.052886393	-0.093117475	-0.040047227	0.146292663	0.050011739	0.099506041	0.213210871	0.058004379	0.045050559	-0.196972881	0.006562813	0.009061777	-0.040922415	-0.01597395	-0.097943012	0.108906759
UMARY	1792	0.3147581	0.005305421	0.024846263	-0.079965602	-0.677498813	0.023671206	-0.009552269	0.195904907	-0.020276932	-0.041642238	0.176833103	0.095912153	0.064984319	0.058789031	-0.257689829	0.165358584	-0.150709109	-0.00398591	0.057275062	0.028647095	0.053895525	-0.001972874	0.051876031	0.222709881	0.165827227
UMARY	1795	0.241485451	-0.045024167	0.364148382	0.280751069	0.029967325	0.501137682	-0.000207679	-0.085128181	-0.086055453	0.008116966	0.020840991	-0.077969116	0.098951717	0.093679001	0.036967876	0.015579415	-0.170694194	0.039125325	-0.091548806	0.017339439	-0.034242456	-0.06439931	-0.047025834	0.08501137	-0.158501495
UMARY	1797	0.227493965	0.078529264	0.10016347	-0.060630023	-0.082836583	-0.303316579	-0.003621311	-0.013065375	0.001888354	-0.098990298	-0.139715605	0.002585929	0.246015559	0.044276803	0.061415067	-0.011789343	-0.260503114	0.060256532	-0.430290544	-0.014373288	0.117814227	0.165011532	-0.091177793	-0.079034286	0.157335576
UMARY	1825	-0.168436135	-0.094068412	-0.39856629	-0.154360729	0.551277978	-0.309859268	-0.008584973	0.079154863	-0.034261284	-0.079416293	-0.014261132	-0.040727085	0.046282532	-0.04983759	-0.241729941	0.050129732	-0.170370179	-0.122736821	0.233708559	-0.02656846	0.165971676	-0.062268961	-0.018503538	-0.056107667	0.112919756
UMARY	1827	0.105336325	-0.03881938	-0.064165814	0.043445119	-0.566632887	0.057455091	-0.001049324	0.209181493	-0.011685021	0.076448397	0.149887832	0.041017084	-0.053057009	-0.026170685	0.076107822	0.250447892	-0.3212297	-0.141817682	0.125501927	0.036489923	0.126326422	-0.064364524	0.054906647	-0.104404893	0.149052122
UMARY	1830	0.077569957	0.126812735	0.30909058	0.344384493	0.032741583	0.355153414	0.151746877	-0.074758289	0.138435548	0.186253916	-0.197314971	0.021225674	0.199358654	0.245712001	0.05941183	-0.01380162	0.235024712	0.033692094	0.194255289	0.191607628	-0.069999054	0.185532483	0.091034403	0.04855091	0.30681083
UMARY	1846	0.078305631	0.000560479	0.300487359	-0.336290488	0.348854352	-0.259062048	0.027890918	0.014381804	-0.026306708	-0.035278219	-0.103604257	0.092452723	0.037254409	0.097491175	0.109086607	-0.096675539	-0.042281506	-0.117345178	0.125121206	0.022854714	-0.110404472	-0.01326553	-0.045204658	0.204239047	-0.301509244
UMARY	1847	0.079999317	0.043436786	0.050932149	-0.175272095	-0.509056431	-0.319351265	-0.004092955	-0.073080212	-0.021060577	0.120525465	0.038881922	-0.097483724	-0.153482231	0.059897749	0.224392669	-0.057322265	0.013839972	-0.049016856	-0.121482601	-0.017909608	0.067500684	0.11232342	-0.04231897	0.240161758	0.095993775
UMARY	1849	0.183422756	-0.090848378	-1.043427432	-0.678505016	-0.658498033	-0.241383726	0.083369337	0.209648561	-0.071463256	0.128314853	-0.002078824	-0.072419414	-0.11416634	-0.01726252	0.002336565	-0.053427914	0.109103562	-0.11652025	0.274363592	-0.038662171	-0.0789715	-0.129108294	-0.020638676	0.365994137	-0.097131786
UMARY	1862	0.453520554	0.094691244	0.266278832	0.200092868	-0.512908385	0.325250028	0.099126172	0.124306573	0.035240233	-0.00216164	0.129492523	-0.09001231	0.033805823	-0.009133723	-0.148027795	0.082514457	-0.27434676	-0.015617298	-0.061705297	0.073190006	0.029931345	0.073051091	0.138799682	0.104730032	0.079338723
UMARY	1865	0.091831967	0.034085729	0.482676691	0.075358244	0.197103156	-0.236408028	-0.025790549	0.119912385	-0.035440235	-0.04147314	-0.029376943	0.320423202	-0.008853948	0.025573076	0.254856064	0.115283277	-0.045361397	-0.018044232	-0.142668895	0.002643462	0.008160752	0.068516401	-0.035566758	-0.292430441	0.004800607
UMARY	1866	0.104258366	-0.072697174	-0.036110582	-0.208709879	-0.170994611	-0.129769844	-0.069467645	-0.036816412	-0.174630638	-0.134913386	-0.048030149	-0.041471884	-0.057039469	-0.100097837	0.022806005	-0.019833888	-0.214662931	0.044156045	-0.129116206	-0.113028079	-0.099500682	-0.048892595	-0.046930049	-0.036269049	0.007564068
UMARY	1867	-0.600018559	-0.083174692	0.289055902	-0.072394109	-0.295712204	-0.066339539	0.021465472	0.18097571	0.023649856	0.003768505	0.095564761	-0.018629038	-0.044005263	-0.03978186	0.098099644	0.088338805	-0.125378462	-0.012081925	0.285644356	-0.066634882	0.121095686	-0.049880613	-0.033928647	0.002949569	-0.174743324
UMARY	1902	0.040089739	0.084043462	0.283750826	0.029020392	-0.218894061	0.02387413	-0.0141644	0.124129787	-0.028816649	0.040881282	-0.043142312	0.23991142	0.004647179	0.044294048	0.174405438	0.180879094	-0.017780048	-0.026325104	-0.190973433	0.069253339	0.208866828	0.069610837	-0.003766063	-0.240924031	0.124263607
UMARY	1903	-0.396170554	0.01241959	-0.467638475	-0.432519621	-0.363750079	-0.725388609	-0.036961449	0.006840121	-0.016767809	0.012065489	0.00342093	0.086384878	0.128354321	-0.024141723	0.127772961	0.073797955	0.131135162	0.046103637	-0.171752899	0.116360552	0.394870963	-0.013095211	0.019636429	-0.024807111	0.053860674
UMARY	1907	-0.127075716	-0.166298764	-0.076311243	0.058935254	0.675032824	0.03091357	-0.0999376	-0.135835717	-0.1064598	-0.174393819	0.044882393	-0.280965282	-0.128662481	-0.146636849	-0.090787707	-0.059988581	-0.277236423	0.100559818	0.09035241	-0.151640434	-0.120162026	0.062024664	-0.117697569	-0.284884415	-0.130548129
UMARY	1917	0.258999956	0.05018875	0.553361608	-0.061643206	-0.541358377	0.122925428	-0.092313233	0.180329181	-0.027316183	-0.063020932	0.030047382	0.016895975	0.088593818	-0.184293665	0.24316975	0.070005516	-0.315277627	0.118748547	-0.067067997	-0.051192627	0.16926412	-0.135027842	0.047851043	-0.056664324	-0.155199424
UMARY	1935	-0.233071864	-0.144694859	0.235916545	-0.514130653	1.148751078	-0.205110202	-0.119996377	-0.139301443	-0.043169162	-0.116711609	0.077651553	0.044146203	0.045381484	-0.138154007	-0.119286429	-0.12775436	-0.00894352	0.092723672	0.101740293	-0.139731418	-0.273532995	-0.091042008	-0.082057862	-0.22497424	-0.358146103
UMARY	1936	0.579725326	0.001811493	-0.822130415	-0.69902067	-0.263862368	-0.38308873	-0.060789649	0.097432642	-0.059879767	-0.005368189	0.100823062	-0.114839161	-0.116527148	0.046115417	-0.110278519	-0.028833982	0.108730541	0.034817245	-0.015419736	0.027318777	-0.051777138	0.045487761	0.011414572	0.091194488	0.256252352
UMARY	1939	0.257467796	-0.378611081	0.166162885	0.469249377	-0.17069204	0.647503384	0.618420614	0.247600295	0.252941137	0.383080433	-0.734291378	0.239229845	0.257757775	0.856114663	-0.272327912	0.170650747	-0.200615659	0.060924969	0.051925844	0.03842085	-0.281929683	-0.336479375	-0.409940095	-0.187081426	-0.000245716
UMARY	1940	0.191382421	0.053293339	0.104785061	0.528712205	-0.43777991	0.512268035	-0.068081673	0.028822129	0.016109048	-0.01040027	0.101630886	-0.026032012	-0.059924828	-0.155752144	0.526963222	0.025118028	-0.110490386	-0.072250363	-0.245605673	-0.018121635	0.374275562	0.132221332	0.044721438	-0.237577824	0.064523781
UMARY	4263	-0.188990832	0.187468834	0.534532147	0.695460788	0.753140014	0.267081997	0.10453373	-0.233017871	0.090206081	-0.08521235	-0.008891388	0.120694314	0.153444506	0.098250113	-0.014880728	-0.158694099	0.029920603	0.23127299	-0.347821498	0.091687525	-0.270697745	0.101148266	-0.007377211	0.007577132	-0.145912686
UMARY	4540	-0.466419844	-0.073231893	-0.381713222	-0.634326085	1.476519256	-1.07737436	0.063029137	-0.233879303	-0.117407393	-0.086454232	-0.125103297	-0.112638929	0.055120189	0.020402516	0.078848363	0.036403625	-0.037522735	0.024700278	0.097933367	-0.071033064	-0.087517471	-0.123279779	-0.046961792	-0.22431841	-0.304864624
UMARY	4542	0.227161137	0.032176965	0.278174893	0.659861446	0.076487499	0.895177959	0.053193906	-0.016348329	-0.043043563	0.126712381	0.018861707	0.041143471	-0.167028626	-0.066548393	-0.100254111	0.101858029	-0.062063126	-0.12466882	-0.019428807	-0.017050867	0.10508306	0.236849674	0.084737304	-0.277512709	-0.573645167
UMARY	4543	0.088775073	-0.05079876	-0.095879207	-0.294784429	-0.248408881	0.102351744	-0.002466818	0.008765118	-0.11550197	-0.043316932	-0.132956976	0.079781494	-0.022256802	-0.02308489	-0.078830325	0.059074132	-0.014101368	-0.158251081	-0.092899395	-0.007728368	-0.027307624	0.217920336	0.005121799	-0.021644903	-0.169819574
UMARY	4549	0.080392629	-0.015892257	-0.246800847	0.167269657	-0.50611795	-0.247658412	-0.013458083	0.251385055	-0.072840998	0.218614228	0.110878215	0.169873852	0.138277743	0.048184413	-0.200909549	0.194696225	-0.150770586	-0.077102515	0.072926428	-0.065505702	0.204325649	-0.007333046	0.064744935	0.060258169	0.257264572
UMARY	4590	-0.04489594	-0.097710278	-0.060450554	-0.348620555	-0.672341075	-0.164759496	-0.060439871	-0.073992585	0.189549376	-0.281241637	0.109682007	0.101831825	0.039650964	-0.168186369	0.043194384	-0.285605627	-0.054431268	0.149858638	0.083098599	-0.232765556	0.014839212	-0.115048337	-0.082708461	0.180110032	0.152655424
UMARY	4593	0.053704958	0.022320563	0.218567775	0.265769217	-0.417461914	0.246732494	0.155889693	0.071741625	-0.116318693	-0.064196033	-0.019191554	-0.017523688	-0.101921727	-0.019537944	0.046536461	-0.10167736	-0.088883644	0.108682614	0.128827421	-0.062469712	-0.280521032	0.061464979	-0.003479711	0.111260847	0.021389632
UMARY	4598	-0.151835393	-0.001984671	0.33423472	0.16572375	-0.377032883	0.268773949	-0.082760332	0.073423187	-0.2213459	-0.072350432	-0.036200762	-0.361047282	-0.133107682	-0.117763328	-0.036173319	0.114376271	0.018858526	-0.06865464	-0.02862166	-0.112136957	0.122524046	0.014848033	-0.052091794	0.037891177	-0.07805657
UMARY	4636	0.121044741	-0.010061921	-0.255084335	0.183049331	0.081374795	0.468501251	-0.025773717	0.095121515	-0.032755259	-0.098698743	-0.015988695	-0.14465523	-0.000448946	-0.102529816	-0.118091467	-0.136719388	-0.116724616	-0.057856214	-0.017803786	-0.067824117	0.100729403	-0.11490153	-0.058421397	-0.037024822	-0.214612205
UMARY	4640	-0.510968802	-0.086281014	0.14534049	0.12832184	-0.535009053	0.132281176	-0.111032332	-0.146525078	-0.034810813	0.032877485	0.014355918	-0.049264103	-0.109943991	-0.071991075	-0.22340102	-0.142802198	0.005922357	-0.056657297	0.342108367	-0.088036099	-0.105756873	-0.050510829	-0.068160085	0.02540901	-0.246230613
UMARY	4725	-0.065200358	-0.077156343	-0.558155737	-0.549294297	-0.250567183	-0.761981945	0.026176249	0.182426981	0.019788071	0.053918133	-0.094623955	0.049638622	0.044769464	0.037050146	0.100778791	0.008606818	0.061315219	-0.130093794	0.09777722	-0.116944293	0.161115046	-0.166604349	0.011791934	0.128135279	0.11091362
UMARY	4726	-0.053312432	-0.038499069	-0.682048968	-0.470156146	-0.162072141	-0.676404973	0.024749528	0.141670001	-0.008358697	-0.050099553	0.041667654	0.059323605	0.004104965	-0.067775116	-0.238791873	0.132681817	-0.022370349	-0.046074824	-0.033047045	-0.050180123	0.073841717	0.001220362	-0.012657292	0.203116884	0.197844511
UMARY	4727	-0.662053249	0.077707428	-0.324526396	-0.428340107	1.591904518	-0.705853635	0.017366038	-0.186277971	-0.022060488	-0.018767791	-0.033244765	0.049875862	-0.070515149	0.027707509	-0.196739353	0.014909905	0.26262132	0.206020348	0.231041024	0.032743506	-0.027786244	0.017456538	0.05558552	0.01271953	-0.169043822
UMARY	4729	0.012432639	0.026280379	0.400407184	0.129848864	0.432415166	0.437891975	0.027936587	-0.144048947	0.178611781	0.050414151	-0.187036326	0.040572156	0.059774526	0.165015604	-0.013162134	-0.055962884	-0.037429584	0.068427703	-0.035947032	0.07270717	-0.08766004	0.027858231	-0.115260943	-0.328052437	0.105558274
UMARY	4782	0.276709578	-0.102351719	-0.55592947	0.501862372	-0.105176676	0.691386071	-0.079873084	-0.078838798	0.087565282	-0.029218275	-0.047332036	0.164115815	-0.059405475	-0.102158762	-0.37235259	-0.167966028	0.214577688	-0.060439499	-0.100831972	-0.116494835	-0.015524361	-0.102563288	-0.069295157	-0.07872697	0.034110547
UMARY	4786	-0.585418217	-0.017045077	-0.168489649	0.140693283	0.084950842	0.294084281	-0.028133104	0.027458761	-0.124760119	0.153006442	0.005535315	-0.324877857	-0.033398316	0.064695643	-0.293588516	0.007671526	0.307061194	0.035654278	0.153919504	0.032332385	-0.087783654	0.101652915	0.017184939	0.0937971	-0.424172847
UMARY	4788	0.770805014	-0.13992107	-0.905175685	-0.354324191	0.616283944	0.98761413	-0.057111632	-0.416169743	-0.001903536	-0.398129804	-0.0750576	-0.237460737	-0.011393948	-0.158358311	-0.627731802	-0.356972495	1.321623153	-0.004652609	-0.282727779	-0.10752744	-0.480723394	-0.164258064	-0.210879191	-0.243081005	-0.150215682
UMARY	4789	-0.057332543	0.028206913	-1.215532528	-0.471044293	0.576387504	-0.331087305	0.059039712	-0.197403783	0.128848726	0.085716112	0.116688374	-0.436103435	-0.201071813	0.061172459	-0.496518191	-0.053720386	0.351067812	0.076233899	-0.136615287	0.093156283	0.050524204	0.187602079	0.206140153	0.461572266	-0.181458948
UMARY	4841	-0.101798692	-0.040873667	0.39445177	-0.0754311	0.089535825	-0.505665316	-0.052417297	0.031094655	-0.050713936	-0.080110613	-0.049429763	-0.053872584	0.011764591	0.027249137	0.793945845	0.14646401	-0.382501935	0.099480495	-0.190900006	-0.012065161	0.27836822	-0.034398162	-0.056685156	-0.301377137	0.233791904
UMARY	4842	-0.272944952	-0.061206483	0.855970743	0.147404447	0.20305419	-0.021627161	-0.041898267	-0.137172791	0.098022839	-0.03022083	-0.139554797	0.028162558	0.140724696	0.206662852	0.350567641	-0.070529477	0.029823628	-0.114334449	-0.104916556	0.195729961	-0.194743283	-0.11188334	-0.063299708	-0.243970294	0.372106723
UMARY	4903	0.220580063	-0.05092623	-0.641516455	-0.221667671	0.60655209	-0.460512341	0.057861642	0.137577632	0.166578786	0.157827209	0.360340078	0.280292998	0.051537244	-0.032011928	-0.296167347	-0.167457652	-0.110246628	-0.003879829	-0.050599337	0.062820541	0.209840988	-0.181334565	-0.019884746	0.052755347	0.29001128
UMARY	4915	-0.250708655	0.117481035	0.708511447	0.044830849	-0.084253094	-0.378153852	0.033035378	-0.029197828	0.07858918	-0.005529475	-0.008092015	0.050333316	0.082640497	-0.010824848	0.440381617	0.16280794	-0.055205932	0.152600457	-0.140988749	0.038304136	0.08471226	0.129218329	0.001388438	-0.36326088	-0.323116104
UMARY	4916	0.296092952	0.026513975	0.511854203	0.113443709	-0.454082194	0.00524487	-0.058396622	0.021991182	-0.091621696	-0.130721801	0.055100466	-0.171581876	0.103257182	-0.107386631	0.430816079	0.130957398	-0.257047486	-0.054627727	-0.154376046	-0.027848018	0.100107699	-0.054043147	-0.021611544	-0.135175275	-0.024941368
UMARY	4924	0.517880406	0.222493272	-0.030288339	-0.138849177	-0.191452443	0.149859245	0.337153276	-0.20100764	0.179661169	0.1555149	-0.096185144	0.478687332	0.212875189	0.238069026	-0.222125478	0.041036842	0.337821022	0.022994745	-0.12670969	0.294505786	-0.171937151	0.346335875	0.182232904	0.29939744	0.384581105
UMARY	5024	1.068983514	0.018497014	-0.460617976	-0.267939501	-0.284080107	-0.109150678	0.022012988	0.327827518	-0.002927034	0.048672298	0.530825297	0.100891317	-0.02296964	0.002647892	0.094446127	0.000213519	0.073493993	-0.097727563	-0.222760161	0.019771036	-0.134605361	0.143486524	0.05483855	0.128389136	0.107447826
UMARY	5028	-0.511882402	0.043532739	0.287051916	0.210920324	-0.571773808	0.277664232	-0.048169723	-0.009887708	-0.082340204	-0.014905468	-0.096173189	0.189974378	0.044864247	-0.035202839	-0.04978888	-0.016258325	0.070102427	-0.027474076	0.01102081	-0.111208676	-0.232282986	-0.030360439	-0.072323109	0.125231559	0.154918302
UMARY	5078	-0.216061887	-0.151338278	-0.006343104	-0.245043256	0.346104042	-0.355822372	-0.168525058	0.053132521	-0.158503544	-0.098573484	0.019194346	-0.126440687	-0.23808481	-0.17331985	0.060314222	0.033530837	-0.128529049	-0.04247845	0.266313535	-0.121065752	0.166558493	-0.061333141	-0.007568938	-0.057195931	-0.200122967
UMARY	5079	-0.109751477	0.055299247	-0.518668492	-0.453111839	0.627024992	-0.271035285	0.008274616	-0.04208217	-0.058827358	-0.095020766	0.018673454	-0.001755516	-0.073291329	-0.014915936	-0.154228373	-0.051417223	0.073737033	0.037218993	0.131173676	-0.019702181	-0.161474643	-0.041469782	0.053840196	0.145887525	-0.179709404
UMARY	5081	-0.037337906	-0.008239653	0.297853886	0.319156008	-0.542773793	0.421115607	-0.035990462	-0.043290105	0.027513943	0.0131312	-0.142865374	0.042030859	-0.000663268	0.001761749	0.022700524	-0.007507084	-0.170739332	-0.074772906	0.049325998	-0.115539302	0.083324806	-0.017944085	-0.029138772	-0.023207759	0.05697909
UMARY	5086	0.095574943	0.035574345	0.200053625	0.380101069	0.19621482	0.574736573	0.064168014	-0.069674775	0.113728352	0.115266829	-0.127749137	0.163441022	0.036832228	0.000407233	-0.343685854	0.075943378	-0.189001552	0.017441113	-0.103058158	0.076638094	-0.033125732	-0.012132785	0.09745514	0.011404173	-0.286285936
UMARY	5087	0.258016972	0.074776674	0.085104137	0.273574504	-0.460152927	0.59047692	-0.00260619	-0.128733196	-0.004923694	0.04206913	-0.144420091	-0.016488086	0.024652882	0.042697607	-0.06866399	-0.056323084	0.306906429	0.027276403	0.072235225	0.08279109	-0.143434975	0.073031916	0.099358086	0.27737433	0.148995094
