FID	IID	1	2	3	4	5	6	7	8	9	10	11	12	13	14	15	16	17	18	19	20	21	22	23	24	25
BLSA	745	0.021035974	-0.044419067	1.121089126	0.314207736	0.271696614	0.663424099	0.580137729	0.289274046	0.384178189	0.541613346	-1.05344835	0.172314095	-0.074169449	0.379739477	0.626695588	-0.195450347	0.231630552	0.069624107	0.514191866	0.865362333	0.21535031	-0.432602705	-0.023854258	0.05542349	0.474482466
BLSA	827	-0.064140952	0.372328796	0.939033235	0.070469005	0.099922058	0.067859126	0.163529287	-0.146482675	0.482080089	0.429162652	-0.405297511	0.051252369	0.134791736	0.141575122	0.283665253	-0.162145967	-0.014416811	-0.191729616	0.200947315	0.119151231	-0.202887237	-0.217304405	-0.601119917	-0.258389332	0.158396886
BLSA	1556	0.23079701	0.490766013	0.690988873	0.066207399	0.034311933	0.056206764	0.038732472	0.093658582	0.118291062	0.028415815	-0.119499233	0.090320885	0.063875198	-0.304086653	-0.693027443	-0.120487784	0.037937313	0.031995098	0.208486754	0.13024641	-0.066763385	-0.061129339	0.069206057	0.596753612	0.089694026
BLSA	1579	-0.276679374	-0.463894529	0.120498963	-0.319018984	-0.340599514	-0.197513256	-0.198975504	-0.230325586	0.303342163	-0.117390113	0.559591613	-0.188125627	-0.087496881	0.388601168	-0.137492765	0.418445358	0.271973788	0.034347565	-0.376892428	-0.341070535	-0.322214551	-0.069939542	-0.005073701	-0.078127035	-0.280789072
BLSA	1595	0.140756244	-0.865444601	0.363157386	-0.548310408	0.575211413	0.784073794	0.058823967	0.219762936	0.883054721	-0.433016433	-0.148132101	0.560066154	0.077485466	0.095869008	0.332140877	-0.855874476	0.548884341	-0.10744691	0.670677744	-0.603800314	0.347505022	-0.076677073	0.447245394	-1.248328911	0.816893947
BLSA	1603	-0.263180187	0.240135899	-0.816386471	0.061321063	-0.061995466	-0.04938496	-0.156907196	-0.008083828	-0.027847586	-0.256653794	0.004952446	0.010751406	0.103619838	-0.178651024	-0.036013586	-0.103832496	-0.31583123	-0.123360808	-0.118064372	-0.093920193	-0.095332646	0.098101778	0.15350508	-0.057133313	-0.20641624
BLSA	1640	0.178456573	0.752691191	0.518386369	0.015949896	0.098020114	-0.131282766	0.068054874	0.032330932	-0.097292028	-0.217885048	0.318985383	0.180363906	0.045308727	-0.428017583	-0.107146805	-0.182591536	0.04274213	0.16882716	0.183221726	0.159493693	0.072135253	0.072736434	0.029405503	0.154380927	0.126717543
BLSA	1775	0.409535271	-0.134648721	-0.298864406	-0.025394115	-0.121689036	-0.222719521	-0.108074409	-0.287628948	0.152357982	0.7644692	-0.402013837	-0.277187639	-0.252141672	0.25440162	-0.227995914	-0.235191192	-0.282510376	-0.458679017	-0.018644031	-0.201331383	0.12562284	-0.025140091	-0.455506185	-0.151599878	-0.008231984
BLSA	1802	-0.074791603	0.141372027	-0.500402911	-0.096553342	-0.156836466	-0.041613041	-0.073033452	0.082997442	-0.194312471	-0.076977731	0.094628234	-0.186902985	-0.063350688	0.282235183	0.146020344	0.197600329	-0.220724858	-0.102130602	-0.184858652	-0.050105042	-0.101478163	0.128854734	0.020257998	0.198721634	-0.169725954
BLSA	1805	-0.529186523	-0.292130329	-1.189135785	-0.072651236	-0.222730188	-0.133663875	-0.258140783	-0.04147924	-0.225425299	-0.470935769	0.266553702	-0.176067776	-0.115965577	0.117703235	0.022550215	0.046691219	-0.321548405	-0.08438563	-0.248475381	-0.11447863	-0.273301475	0.372367752	0.060541937	-0.160697466	-0.30227435
BLSA	1838	0.077214048	-0.703016299	-0.178725607	-0.001418794	0.073528288	0.037508229	-0.120401378	-0.01842851	0.270468875	0.093885205	-0.155662941	-0.177581775	0.028892824	0.182333348	0.072079178	-0.026090557	0.019164308	0.127696802	-0.044569699	-0.277229513	0.216776184	-0.036752334	-0.078948149	0.145472999	-0.194162392
BLSA	1839	-0.016989846	-0.63225378	-0.294448483	0.24081637	-0.148097448	-0.240751259	-0.066971466	0.00055347	-0.388816795	0.007260696	-0.227635634	-0.019236539	0.088020823	0.114406482	-0.024510609	0.118832233	-0.160743801	0.293605963	-0.252867627	0.091165361	-0.142431575	-0.139683642	0.088352926	0.260245914	-0.195379611
BLSA	1840	-0.27551843	0.824204066	-0.08618245	-0.038342714	-0.102100976	-0.145404866	-0.063454933	0.038999367	-0.102756093	-0.025762132	-0.03422744	-0.142294575	0.04955476	-0.044505073	-0.100216068	0.099957912	0.039281194	-0.009756849	-0.172422009	0.150946645	-0.026608103	0.008677453	0.112079814	0.080157278	-0.267842369
BLSA	1883	0.097023219	0.22150119	-0.317823945	0.018400438	-0.065863489	-0.007000147	-0.056366102	-0.086384331	0.076748572	0.034874146	-0.132480375	-0.114692564	-0.012386062	0.089420179	-0.070908717	0.059970502	-0.19571926	-0.150713802	-0.130086718	0.058497373	-0.051740096	0.100484707	-0.134782124	-0.019852623	0.012337987
BLSA	1889	-0.017481193	0.305917535	-0.725530347	0.019492233	-0.160751546	-0.167723152	-0.002408251	-0.089796841	-0.325908828	-0.021189009	0.096330975	-0.069221003	-0.178883101	0.046666721	0.006453877	0.166342545	-0.273314514	-0.13192982	-0.257100286	0.004452232	-0.030529323	0.197554055	-0.026450666	0.147072421	-0.207210057
BLSA	1924	0.082634729	-0.254498013	-0.418957266	-0.048319979	-0.053636364	0.041225864	-0.051646382	0.064226671	-0.053774745	-0.164874617	0.035244432	-0.093673843	0.16549757	0.317284852	0.125507763	0.661938648	0.266807234	0.540815446	-0.075294471	-0.170800278	0.006940037	-0.023378889	0.121005115	-0.097167923	-0.17176132
BLSA	1961	-0.230172989	0.193971126	-0.292206154	0.132398458	0.021468797	0.018879275	0.090165748	0.056625981	-0.017548592	-0.19149572	-0.066708114	0.14277062	0.177890078	-0.65663884	-0.162836112	-0.042490046	-0.406422054	-0.091482498	-0.088256727	0.195023719	0.064089248	0.307611731	0.2186955	0.274352232	-0.057481083
BLSA	2000	-0.012886169	-0.441257036	-0.02046831	-0.059214109	-0.123885267	-0.181729609	-0.083001197	-0.061111498	-0.523661102	0.077095922	0.375957588	-0.067825003	0.031939221	-0.307881408	-0.075156137	0.071571705	-0.111195583	-0.12841527	-0.21048859	0.213339666	-0.141452858	0.17697465	0.068009173	0.166852607	-0.193788275
BLSA	2020	0.054084168	0.249194893	0.379880949	0.043617412	-0.039341999	-0.010952104	0.017560584	0.026849876	-0.114693844	-0.048965612	0.203069195	0.044592659	-0.129624047	0.090134865	0.029892605	0.143178449	0.232931619	0.196379761	0.196264412	-0.096173395	0.081870059	-0.230907614	-0.048178159	-0.080938442	0.194347789
BLSA	2037	0.032532247	-0.36081701	0.324377293	-0.317941919	-0.02127556	-0.085985532	-0.04137457	-0.054052324	-0.28564124	-0.129968671	0.702678273	-0.003642749	0.020378614	-0.17529805	-0.131819539	-0.143913399	0.322378389	0.111086613	-0.114790524	0.042525075	-0.126978435	0.07025089	-0.008641021	0.21849179	-0.050325005
BLSA	2066	0.001206637	0.240002794	-0.267704071	-0.057242936	-0.019006373	-0.063976668	-0.022507623	-0.01069616	-0.020936424	0.007307679	-0.112486221	0.007985373	-0.105413291	-0.079847505	-0.046532605	0.113062847	-0.208810207	-0.11979336	-0.11118267	0.019299033	-0.084816602	0.238694426	0.00980339	-0.057034936	-0.086092887
BLSA	2069	-0.139273132	-0.203315598	0.018225681	0.342079447	0.032909872	-0.086497068	0.209498092	-0.049921656	-0.159557763	-0.072091199	0.565435463	0.023537004	0.015097161	-0.30632027	0.140099444	0.194082262	0.306726261	0.292238605	0.087200025	0.240210314	0.202556077	-0.088785616	0.074524264	0.069267778	0.042530909
BLSA	2093	-0.030098487	-0.428297108	-0.226547907	-0.056371203	-0.134030884	-0.198915971	-0.28333197	-0.035155196	-0.283333815	-0.16459177	0.030874853	-0.041960723	-0.119174535	0.554929217	-0.051357835	0.02104004	-0.155678199	-0.00385444	-0.26975309	-0.235834447	-0.096281845	-0.287785862	-0.037663687	-0.208891851	-0.079460411
BLSA	2102	0.605122764	0.791906561	1.157746238	0.315820283	0.564771487	0.295936644	0.360092463	0.214267491	0.150984973	0.407712954	-0.3967104	0.27445833	0.136253287	-0.574054072	0.07990899	-0.244646246	0.346458171	-0.162938499	0.612757433	-0.104969355	0.429971264	-0.082221496	-0.052414283	0.050969028	0.555539457
JHU	384	-0.250316186	-0.188586191	-0.656506317	-0.006289382	-0.269245993	-0.166887467	-0.116025357	0.102457555	0.028928122	-0.162500414	-0.489328139	-0.000437534	-0.133000304	-0.11534807	-0.133505693	0.149978504	-0.08413469	0.033285886	-0.294841618	0.066309376	-0.171798171	0.215643131	0.004625907	-0.06496845	-0.106099776
JHU	705	-0.178902444	-0.144883351	-0.480212867	0.094088181	0.083437588	-0.06065357	-0.137122848	0.299958901	-0.219103315	-0.133408118	-0.387582123	-0.14495723	-0.230082004	0.022602363	0.073409331	-0.088301263	-0.17706022	-0.018291562	-0.231956632	0.196637743	-0.165497003	-0.038394783	0.053622718	-0.16916522	-0.006457378
JHU	710	0.067012957	0.376221378	-0.119881662	-0.079140942	-0.037538579	0.086766901	0.056683342	0.04081795	-0.09342615	-0.067678119	-0.607145662	0.063896862	0.157625175	0.256357315	0.041758675	-0.027826566	-0.034595118	0.094679579	0.070697161	0.124968212	0.114397374	0.12106085	0.064770239	0.096390839	0.141901851
JHU	712	-0.222329095	-0.124328855	0.02430685	0.104407436	0.077040827	0.148257724	-0.004247261	0.152136503	0.434072515	0.047403342	-0.219488977	-0.001845882	0.308633867	0.43382947	0.066156598	0.099541432	0.083999281	0.022088906	-0.068460045	0.177131925	0.056237362	-0.270113535	0.092963733	0.070399293	0.138183273
JHU	713	0.692188411	-0.600498673	1.474302946	0.154799348	0.112659483	-0.048745104	0.105509545	-0.039785039	0.265117065	0.411611595	0.437145889	0.13854037	0.201873883	0.072495088	0.169594911	-0.224486606	-0.183215137	-0.162540163	0.504949868	-0.903103002	-0.371631664	-0.644967078	-0.96347393	-0.245837823	0.275052989
JHU	719	-0.164200842	0.038524242	-0.553409722	-0.064770531	-0.010322912	0.0128415	-0.035673937	0.018601809	0.091511367	-0.334136459	0.638733443	0.082750518	0.093266926	-0.031027875	-0.082840002	0.078812421	-0.092426233	0.101130219	-0.093121877	0.144895178	0.054886505	0.211853569	0.515223452	0.0836413	0.028043631
JHU	993	0.077146506	-0.020913714	0.613848755	-0.185643282	0.012224408	-0.001133256	0.220026396	-0.405939107	0.17934591	0.402257452	-0.038670158	-0.194262591	-0.249101839	-0.224329815	-0.17309634	-0.091724747	0.5122349	-0.183955779	0.261444866	0.090483702	0.23421292	0.122760808	-0.117789516	0.177583946	-0.231332557
JHU	994	-0.092508229	0.45128944	-0.383209656	-0.016444788	-0.165535136	-0.099617688	-0.161067961	-0.134000707	-0.397563334	-0.277353973	0.311861772	-0.073537923	-0.213771958	-0.118139421	-0.079270459	-0.006001437	-0.10260679	-0.0967333	-0.188213867	-0.01364602	-0.024393572	0.044783264	0.22165866	-0.060232448	-0.291014625
JHU	995	0.071908923	0.213175723	0.080761673	-0.00100604	0.197280315	0.12917096	0.071918081	-0.034247864	-0.28888218	0.113804695	0.354473954	0.12985341	0.064556253	-0.296439055	0.117792979	0.110008262	0.077804006	0.210336213	0.039502144	0.116322885	0.273586249	0.237373775	0.128398737	0.112188563	0.051722592
UMARY	142	-0.042736435	-0.032421257	0.131128466	-0.019791898	0.098099303	0.03630275	0.058202019	0.193562499	0.083879974	0.263578389	-0.443533713	0.128189085	0.148877606	0.073697013	0.093450993	0.115624218	0.161863244	-0.03817469	0.068254781	-0.018215251	-0.036040929	-0.111826312	-0.062374878	-0.080864107	-0.008355901
UMARY	602	0.345824634	-0.334211912	-0.03339945	0.177287404	-0.071383149	-0.002394233	-0.003468079	-0.087648201	-0.097634172	0.152233525	0.004697532	-0.016533241	0.076866622	0.053413158	-0.010608507	0.012226878	-0.002370204	0.081416168	-0.149005318	0.109777813	0.067769432	-0.021310171	0.087625188	0.098167399	-0.080926271
UMARY	604	-0.052150696	-0.202277832	0.140095492	0.063033689	0.022187259	0.021385357	-0.016536115	0.08473283	0.208388508	-0.077777936	0.377451767	0.012428795	0.086620924	-0.087568456	0.09925596	-0.099539519	0.038490497	-0.027537558	-0.040766849	-0.058501433	0.001883435	-0.156360978	0.12164091	-0.031890272	-0.047284212
UMARY	813	-0.060814211	-0.139776736	0.018784164	-0.003164327	0.013522787	0.064696578	0.006989804	0.049825059	0.128760725	0.04082714	-0.043245177	0.036410828	0.04510346	0.061155079	-0.029769347	0.184453907	-0.078638526	-0.046642396	0.110863954	0.125642534	0.039459582	0.138928868	0.071538497	0.018652804	0.01118936
UMARY	819	0.158403228	-0.186331594	-0.124518156	0.042724956	-0.019007519	-0.004620623	0.020294116	-0.006315544	-0.132374714	0.128320162	-0.098590752	0.000186961	0.088887956	0.099494637	-0.049220138	-0.045342085	-0.147179226	-0.059972992	0.079025753	-0.034580194	0.013875915	0.006520877	-0.101495588	-0.010625654	0.104927018
UMARY	871	-0.06266549	-0.326219178	-0.130284039	-0.007770964	0.00990484	0.13136903	0.00436642	0.00465311	-0.042054433	-0.013554745	-0.185643042	0.010797621	0.016302598	0.104055468	-0.002756673	-0.13239033	-0.106565298	0.037146884	-0.018296556	0.027137388	0.12051554	0.292781034	-0.018797297	0.00777266	-0.01126384
UMARY	879	0.038264758	0.126337778	-0.093107641	-0.078798793	-0.052561259	-0.048887865	-0.084219803	-0.094513806	0.207828176	0.029912678	0.078636888	-0.005059183	-0.062688557	0.054667994	-0.079016277	-0.027911461	-0.146054436	-0.147849322	-0.027132484	-0.017973931	0.009617441	0.114437267	-0.084873229	-0.090513197	-0.025133729
UMARY	880	-0.020825768	-0.284459503	0.109447721	0.130744803	0.210101183	0.173549298	0.158687195	0.108503245	0.144750439	0.152214488	-0.420625713	0.155753396	0.16014333	0.036476097	0.070330638	-0.138267035	-0.056286129	0.128381672	0.155197375	0.303304198	0.152473575	0.130170589	0.166548189	0.133808673	0.196579649
UMARY	914	-0.094119062	-0.245056484	-0.317460168	-0.048050197	-0.021301713	-0.024268128	-0.023325376	-0.026241815	0.03378152	-0.060103368	-0.162050562	0.020101095	0.053283567	-0.037555709	0.120363962	-0.133412278	-0.093645796	-0.008935199	0.052873516	-0.021393743	-0.010823858	-0.174940087	-0.111956748	0.027002872	0.076438459
UMARY	933	-0.18922448	-0.122360524	-0.284485989	0.161533383	-0.138756882	-0.134177498	-0.061017292	-0.1271904	-0.213229443	-0.017616632	0.169202302	-0.082990115	-0.089580394	-0.137918607	-0.115050893	0.337096821	-0.033320044	0.067412761	-0.154961338	0.043687411	0.027613575	0.110807744	0.068180364	0.091318489	-0.182687192
UMARY	1028	-0.270503247	0.171688611	0.199306589	-0.144835358	-0.174807929	-0.093511583	-0.145571544	-0.052296685	0.063135767	-0.219639173	0.152182096	-0.124164123	-0.058435326	-0.236390363	-0.159667147	0.201666384	0.124025928	-0.162421111	-0.155748947	-0.16549647	-0.287052715	-0.153104743	0.021158958	-0.189929329	-0.178034887
UMARY	1037	0.147878834	-0.68952223	0.279558441	-0.005008522	-0.083367827	-0.143211736	-0.122133931	-0.070250123	-0.102999002	-0.162167092	0.295436506	-0.103420642	-0.171837691	0.02077803	-0.174319985	0.049435548	0.139127448	-0.048627546	-0.178748551	-0.085564338	-0.150175418	-0.19607529	-0.041898936	-0.113151535	-0.094843791
UMARY	1064	-0.214231704	-0.324667289	-0.375881883	0.104256386	-0.020904327	-0.113244008	0.001882805	0.035383918	-0.022916722	0.021419403	0.365286396	-0.037210142	-0.006829739	-0.078757672	0.114660608	0.140602029	-0.023839516	0.188688355	-0.016241131	0.167039841	0.138683536	0.104979729	0.085350353	0.235694066	-0.113538468
UMARY	1065	0.051321562	0.501854326	-0.153601444	-0.027954914	0.046832407	-0.037525031	0.091964558	-0.012159101	0.172783608	0.190428443	-0.252034267	0.076147949	-0.041459591	-0.039433584	0.037083193	0.346971445	-0.123319865	0.036150014	-0.087963312	0.104381694	0.225042409	0.132298491	0.13332363	0.253566977	-0.157033376
UMARY	1076	0.039994931	0.105100151	0.037516643	0.013216244	0.123667817	0.027242006	0.104409921	0.078053393	-0.024216251	0.166854637	0.026849248	-0.008852695	0.079582356	-0.229336867	-0.006248417	0.078223074	0.140756896	0.152283786	0.088084226	0.020020674	0.040876706	0.040438363	0.013099274	0.092232545	0.102282802
UMARY	1078	0.503304563	0.653120926	-0.467369098	-0.006254665	-0.162604092	-0.092114712	-0.089260609	-0.031578317	-0.19984393	-0.078218676	-0.152970325	-0.021092969	0.131823919	0.163633558	-0.126443875	-0.052836818	-0.23083179	-0.024379671	-0.215476715	-0.00969226	-0.310581413	0.393395885	-0.039266149	0.002212012	-0.128813464
UMARY	1079	-0.299177558	0.443174618	-0.13058068	-0.076595921	-0.0893598	-0.192768185	-0.191925435	-0.014528461	-0.07323034	-0.214682885	0.19196773	-0.227462824	-0.145083252	0.002739493	-0.238916638	-0.086611621	-0.04459451	-0.020757767	-0.160941213	-0.139930601	-0.164922125	-0.053241977	-0.100847472	-0.164953583	-0.102710224
UMARY	1104	-0.060551068	-0.091239059	0.008111551	-0.053280216	0.007550267	-0.042588406	-0.011166989	-0.009927649	0.272979738	-0.088119627	-0.164665175	0.046438776	0.018171167	-0.051340215	-0.037927704	-0.136771842	-0.016166539	-0.104235042	-0.010873544	-0.002016935	-0.10314155	-0.094105337	-0.021772211	-0.02209571	-0.047959733
UMARY	1105	0.165733875	-0.033069125	0.278657743	0.0331221	0.143574911	0.172969687	0.067450746	0.069517446	-0.204387095	0.151012378	0.275681962	0.046662602	0.04763209	0.188841588	0.095023572	-0.205765752	0.272235484	-0.117999073	0.192091846	-0.100643755	0.127751817	-0.03240964	-0.014427882	-0.016048096	0.185495145
UMARY	1114	0.05873199	-0.089267687	-0.209665473	0.029129916	0.101707182	-0.010328775	0.109973005	0.051022432	0.169640068	-0.017548621	0.324957281	0.087677315	0.164101364	-0.191888214	0.000188066	-0.187628456	0.000675705	0.106064926	0.065578077	0.075808502	0.077403535	0.180941497	0.078273839	0.118375699	0.062474139
UMARY	1133	-0.24798584	-0.452234184	0.480082228	0.151723271	0.11960355	0.033842944	0.114315413	0.070935304	-0.196596027	-0.12736827	0.273747428	0.072342902	0.107471939	0.271949467	0.024175795	0.517437692	0.007858072	0.112423351	0.023088839	0.221664112	0.124843696	0.272957417	0.291464984	0.28506078	0.05102653
UMARY	1134	-0.049136291	-0.197013948	-0.093142073	-0.076005584	0.049473398	0.095307264	0.015250125	-0.013332958	0.14701103	0.009984381	0.015744947	0.059308803	0.088887497	0.003581191	0.084080272	-0.219960936	-0.110137128	0.131930871	0.05483042	-0.016702884	0.106824839	0.18161346	-0.002525962	0.036580896	0.037268963
UMARY	1136	-0.009993729	0.464963117	-0.086385409	0.063572377	-0.049502937	-0.037936451	-0.039818485	-0.094856769	-0.426305955	0.157869485	0.068748645	-0.063379132	-0.097740262	-0.089965428	-0.061921772	0.043077482	0.007276562	0.014049358	-0.034384312	0.053027491	-0.091324673	-0.021709406	-0.042663796	0.031341969	-0.100944575
UMARY	1158	0.113547645	0.070825089	0.258773154	0.019610676	0.023811067	0.020821637	0.025318055	0.108660126	-0.102153202	0.043277933	-0.156775588	0.014556701	0.053638412	0.051711071	0.061966355	-0.062326527	-0.121780456	0.072625246	0.062622009	-0.052243075	0.015864838	-0.014359128	-0.07104009	-0.091265522	0.061565771
UMARY	1170	0.118853272	-0.100994749	0.144796708	0.04367991	-0.021038999	0.01860389	-0.048207013	0.010644129	-0.108506158	0.057638554	0.109934706	0.027634591	0.017737347	0.083241259	0.054262841	0.276293575	0.186880863	0.078249311	0.069670481	-0.040876621	0.029817178	0.000405626	0.048205241	0.006238106	0.048015786
UMARY	1206	-0.083216246	-0.325585168	0.316728555	0.053627616	0.03120586	0.000347022	-0.047312762	-0.01650946	0.089529106	0.08254822	-0.264541303	0.036381593	0.020837444	0.049556086	0.130655244	0.005076258	0.175480296	0.158244526	0.039901452	0.036342636	0.0124718	-0.1179987	-0.022709637	0.030789527	-0.002578197
UMARY	1209	0.202815407	-0.193996568	-0.066301621	-0.031217227	0.066802886	0.06078376	0.056921774	0.01755069	0.006600392	-0.059287416	-0.166460778	0.014634158	-0.129649251	0.00815057	-0.00077005	-0.170908285	-0.11468681	-0.085308826	0.027618627	-0.135233283	-0.055898354	0.023016105	-0.115212064	-0.039083362	0.048970277
UMARY	1226	-0.026212871	-0.035123573	-0.403302517	-0.019271269	0.063779455	0.023879229	0.038619647	0.063303322	-0.333189789	0.053119105	0.372396124	0.12645524	0.062920347	0.072912238	0.102786034	-0.195601377	0.024851581	0.049972138	0.077881872	-0.030746215	0.073467489	0.183556401	0.004377714	0.029573155	0.101205812
UMARY	1230	-0.044387074	-0.347930936	0.077611214	0.019497883	-0.095684483	0.011623384	0.043892726	0.066507862	0.046619068	-0.092223205	-0.097616106	0.017231755	-0.097199108	-0.016645803	0.03624043	0.099838993	0.114775404	-0.130440775	0.07828492	0.059603932	-0.022472735	-0.028290859	0.096409577	-0.035651001	-0.005384764
UMARY	1260	0.035645805	-0.274743395	0.21324074	0.064352896	0.165884199	0.195154296	0.101632656	0.112830386	0.078953045	0.088087214	-0.166606566	0.131507602	0.12414709	0.072293471	0.038817424	-0.483386878	0.081169206	-0.07248649	0.142904192	0.075222828	0.144793113	-0.205653399	0.192005059	0.053847546	0.14552518
UMARY	1326	-0.032070877	-0.338114071	0.128840267	-0.091251257	-0.010924218	0.044725779	0.033522796	0.066756014	0.604565238	0.064359317	-0.164130606	-0.011836022	0.062526587	-0.218833621	-0.047444197	-0.054393383	-0.111884428	-0.106616138	-0.015769411	-0.00981863	-0.064617692	0.037568497	0.014453648	-0.06369379	0.052412702
UMARY	1454	-0.002121803	-0.3069437	0.220461295	0.077566158	0.018062963	-0.043326402	0.003308628	-0.014309146	0.197173937	-0.074308394	0.128463973	0.058098325	0.028821483	-0.072817256	-0.089710387	0.177509941	0.234802008	0.095483196	-0.029846791	0.063746723	-0.036331432	-0.013267281	0.157101554	0.037122946	-0.054363897
UMARY	1465	0.333513699	1.099218576	-0.11252991	-0.040927838	0.03522025	-0.042788885	-0.079731706	-0.099465813	-0.002548631	0.106673399	-0.117357639	-0.070279999	-0.001513338	0.084119373	0.03693843	-1.80E-05	0.030245271	-0.091753089	-0.010067267	-0.158594706	-0.062970392	0.021928871	-0.063146571	-0.111947497	0.109996949
UMARY	1486	-0.261014501	0.082019844	0.06106684	-0.0722903	-0.069877755	0.032210136	-0.039513647	-0.031374308	0.072523338	-0.148488525	-0.02235521	-0.054702821	-0.195057684	-0.038525982	-0.046280054	-0.070527528	-0.102856406	-0.076071795	-0.099666928	0.03697644	-0.160203977	-0.103775326	-0.103662988	-0.117779564	-0.092491878
UMARY	1498	-0.021651373	-0.075178378	0.067070049	-0.034010991	-0.004790413	-0.004788979	-0.084338199	-0.079895616	0.068134519	0.051738395	-0.153459645	-0.033937113	-0.140931051	-0.115260128	0.026134657	0.107725443	0.069369702	-0.084761563	0.016030138	-0.069972802	0.01886217	-0.006458798	0.030409868	-0.052645562	0.001979494
UMARY	1502	-0.022950675	-0.091835277	-0.067698243	-0.102204785	-0.107263298	-0.124568955	-0.07754816	-0.068902803	0.189100639	-0.17862798	0.170090618	-0.162648312	-0.139232288	-0.03750393	-0.207627233	-0.014776118	-0.257210183	0.006238475	-0.0525041	-0.107650328	-0.174210824	0.166760674	0.061785068	-0.15734212	-0.058169177
UMARY	1535	0.191969274	0.283334409	0.172575921	0.036656531	0.013105706	-0.018834189	-0.021372543	0.031806737	-0.424569747	-0.157849086	0.109662579	-0.007025332	-0.018360405	-0.194820045	0.063479403	-0.239945098	-0.035936785	0.149617683	0.0658256	-0.041903157	0.007042174	0.068938155	-0.070603658	-0.079763526	-0.02679591
UMARY	1540	0.000490524	-0.376164924	-0.574770259	-0.11246845	-0.138756939	-0.107629993	-0.000223257	-0.022417007	-0.147069029	-0.200595961	0.096227872	0.094971757	-0.036789247	-0.10179129	0.37394274	-0.216780827	0.053311358	0.181130126	-0.010560752	-0.041240605	-0.083355047	0.088033746	0.034659986	-0.236514257	0.008673592
UMARY	1541	0.096567672	-0.109207198	0.1951098	0.060737362	0.037246847	0.030749091	0.098626207	0.06886625	-0.030429789	0.156532518	0.100772256	0.136688473	0.121176591	-0.27387414	0.08697811	-0.064089748	0.03353092	0.056644668	0.125775022	0.090987273	0.113253528	-0.084392226	0.089914938	0.121452752	0.125300141
UMARY	1544	0.09335781	-0.076439453	0.154121928	-0.166988652	-0.09040189	-0.069581252	0.012246112	-0.038250819	0.312309769	2.29E-05	0.154680702	-0.017128749	-0.117693304	0.082852234	-0.110225201	-0.295787632	-0.271046807	-0.096308988	-0.109066182	-0.138726389	-0.111650507	-0.147799574	-0.024850043	-0.104896427	-0.035216062
UMARY	1545	-0.013711625	0.043890686	0.149070143	0.04673112	0.216457357	-0.018344598	0.031533398	0.037929059	-0.044931683	-0.029146524	0.47976889	0.075750082	0.147201803	-0.047769484	0.026914838	-0.351594644	-0.088690452	-0.023873323	-0.00602928	0.140102387	-0.025564915	-0.096361865	0.236495798	0.163808873	0.05051364
UMARY	1568	-0.045646087	-0.352064	-0.099290016	0.043744982	0.01656248	0.016095981	0.009823555	0.018487807	0.155815231	-0.057404666	0.340361987	0.039963014	0.100716623	0.195839962	0.060327194	-0.049473085	0.21299417	0.125844614	-0.122761566	0.113576659	-0.046285311	-0.110315098	0.126274582	0.013837003	-0.092742556
UMARY	1570	0.024573444	-0.344371934	-0.108405984	-0.051336465	-0.046873455	0.129412231	-0.013442656	-0.058380302	-0.119234835	-0.003001813	-0.129695525	0.008508254	0.050456482	-0.006221263	0.001548025	0.052355868	0.055112255	0.035492988	0.076776305	0.019242038	0.069764297	0.105413243	0.000305131	0.032575711	0.037008693
UMARY	1571	-0.055379646	-0.119546304	0.031805654	-0.087711656	0.061529393	0.011060767	-0.021031241	-0.130884232	-0.091439521	-0.137310054	0.356657736	0.014828151	0.090530992	-0.126926618	-0.074155725	-0.176093999	0.109956257	-0.042233561	-0.016186087	0.101023246	-0.087049215	-0.140655659	0.295884458	0.166680019	-0.04470281
UMARY	1578	-0.162417334	-0.137635783	-0.093140346	-0.049532428	-0.123534139	-0.075978959	-0.093811919	-0.016134864	-0.330162685	-0.183609797	0.332955496	-0.134198744	0.043840186	-0.203112954	-0.10811982	-0.101878117	-0.101999051	0.186187107	-0.092910442	-0.040065313	-0.127085999	0.031695408	0.115941165	-0.093095289	-0.215895429
UMARY	1583	-0.262796256	-0.249232731	0.479652481	0.043884624	0.179003519	0.156721487	0.166486987	0.083346826	0.027519458	-0.016208393	-0.020411533	0.124515615	0.11451432	-0.266869783	0.023363357	-0.221116494	0.384360454	0.134982956	0.154149875	0.11813494	0.072491032	-0.201769442	0.00040047	-0.014877171	0.133326067
UMARY	1584	0.018900912	0.31820205	-0.17700158	0.083055264	-0.071535464	0.004813853	0.056135144	-0.186343375	-0.110729628	0.066744689	0.063720698	0.022965022	0.093670733	0.050638238	-0.064413636	0.17727576	-0.028211622	0.106731996	-0.036596423	0.091479669	0.037463864	0.067395443	0.084635543	0.190806973	-0.051946819
UMARY	1611	-0.103438734	0.540502697	-0.338861522	0.00853532	-0.244924864	-0.227479241	-0.114534836	-0.14251101	-0.445473378	-0.006873528	-0.080059788	-0.165691275	-0.079074601	-0.042179595	-0.14583946	0.134405451	-0.12922404	0.053907292	-0.237838627	-0.062882521	-0.101497823	0.035769493	-0.055841838	-0.009805665	-0.226242518
UMARY	1612	0.098622215	0.504220655	-0.27385748	0.132922558	-0.014146111	0.005639978	-0.093880581	0.000174778	0.219664892	0.269656631	-0.366264953	-0.074799658	-0.141657075	0.07765262	-0.071478143	0.269784336	-0.227034181	-0.108855653	0.032445351	0.003838303	0.076555967	0.095869075	0.040998231	0.170605924	-0.027070367
UMARY	1613	-0.279064846	-0.484590908	0.332759243	0.053179167	0.079662465	0.044549614	-0.007322854	0.040236982	0.142009655	-0.028435867	-0.504537964	0.039427304	-0.026098728	-0.146072434	0.021479887	0.489042022	0.448215082	0.388388766	-0.024954023	0.124439223	0.050515867	0.128002195	0.094689345	0.066849838	-0.050625555
UMARY	1614	0.038474346	-0.031206265	-0.088052339	0.059434374	0.068045451	0.071928077	0.0499782	0.112838748	-0.27019345	0.047915673	-0.478349039	0.034171035	0.083686402	0.009970858	0.174423234	0.064626444	-0.059393941	0.136659832	-0.029951045	0.243580131	-0.000242185	-0.06423755	0.014853323	0.052724121	0.065562823
UMARY	1648	0.041696695	0.12706243	-0.100322409	-0.069746204	-0.040017882	0.033268392	-0.007360949	0.03947234	-0.025615378	-0.003854049	-0.356072341	-0.030095206	-0.003806635	0.203838091	0.010028983	0.103480634	-0.036224635	-0.08539559	0.02898373	0.069324987	0.03846697	-0.039148973	-0.089917168	-0.057404084	0.001168576
UMARY	1652	0.23025136	-0.326225262	0.216216406	0.085437627	-0.007735362	0.062955213	0.022502605	0.056207	0.343925887	0.11210268	-0.618910812	0.057441646	-0.019224681	-0.181711914	-0.075711699	-0.047324249	0.326036004	0.247019612	-0.044529266	0.00282716	-0.038003878	-0.070395322	-0.019565186	0.06216103	-0.03722269
UMARY	1668	0.220902555	-0.188225139	-0.146794413	0.060712936	0.097474252	0.146880637	0.141838811	0.085150486	0.281390831	0.099095408	-0.105845912	0.164798819	0.016503089	-0.003846041	0.028499504	0.048343809	0.061059902	0.081088083	0.145879091	-0.020542226	0.112959134	0.071961954	0.092357317	0.110325447	0.120327943
UMARY	1710	-0.036507421	0.732519895	0.167510256	0.02519538	0.167176568	-0.117804897	0.045601483	0.036983938	-0.132431297	0.139812299	-0.196261248	-0.00712696	0.003540436	0.037907643	-0.057316273	0.243649634	-0.06553943	0.094201638	0.014290502	0.066569673	0.094058646	0.018500907	0.070242333	-0.05080293	0.03714474
UMARY	1712	0.119367179	-0.097328405	0.108629076	0.092133097	0.068350994	0.129910444	0.074365673	-0.01019193	0.101520515	0.09730226	-0.142027566	0.083529648	0.068804919	-0.008676863	0.018703594	-0.02258675	0.032025337	0.016668736	0.086514791	0.020964904	0.079883855	0.0966646	0.016042342	0.030295051	0.168859807
UMARY	1713	0.091860016	0.29855104	0.13631309	-0.098867546	-0.094027803	0.048420034	-0.035034717	-0.100254828	0.455580565	0.023179944	0.224947993	-0.044260153	0.082731592	-0.035420718	-0.036360985	-0.069598848	-0.017338446	-0.096793854	-0.009735602	-0.049360678	-0.043858161	-0.093341185	-0.052654927	-0.040214697	0.003137156
UMARY	1715	0.054572653	-0.062043952	0.016215566	-0.009729728	-0.031714834	-0.035283313	-0.036485031	0.038277849	0.288330498	-0.019238913	0.267560545	0.051667304	0.02909295	0.256425234	0.05423311	-0.133591223	-0.01203101	-0.1073386	0.064108861	-0.034594711	0.0824047	0.130554891	0.006161989	-0.082149064	0.061475877
UMARY	1792	-0.085331746	-0.127143398	-0.060892319	0.029724873	-0.004988455	0.053734734	-0.012467598	-0.001080299	-0.139797775	-0.021385627	-0.084592128	-0.101475486	-0.064730541	-0.0544954	-0.045061289	-0.208502202	-0.123580355	0.089339087	-0.052235858	0.045085134	0.008602603	-0.229887402	0.015208858	-0.078950782	0.068405929
UMARY	1795	-0.081974939	-0.05177767	-0.052492151	-0.099543697	0.011676577	0.072882877	0.097869203	0.01870406	-0.37248209	0.017535943	0.162270698	0.030637654	-0.010630202	-0.142370351	0.099764654	-0.135471712	0.084207579	-0.125376528	0.03403661	-0.047352118	0.024786644	-0.285494682	-0.043095088	0.028791144	-0.011266237
UMARY	1797	0.074643839	-0.229431134	-0.078157422	0.020871311	0.087187332	-0.060950911	-0.01396661	-0.000827479	0.146580735	-0.069942872	-0.168905646	-0.006698096	0.04879473	0.015830687	0.050288116	-0.098260178	-0.010555331	-0.117002056	-0.056307211	-0.143718964	0.002204047	-0.363113953	-0.168689145	-0.130561593	-0.062267876
UMARY	1825	-0.02927415	-0.189958882	0.037937822	0.012348538	-0.014909481	-0.088645804	-0.03778845	-0.04454396	0.211334595	-0.061273882	-0.233741916	-0.117348391	-0.143333276	0.051581724	-0.098869381	-0.06668475	-0.096215544	-0.034405814	-0.054993888	-0.072612577	0.010208668	-0.124849662	-0.066880945	-0.1247856	-0.055987474
UMARY	1827	-0.244200295	0.21461619	-0.049081027	-0.048515428	-0.079594003	-0.06419852	-0.036276694	-0.019513433	-0.429627478	-0.138100889	0.236037717	-0.016106785	-0.025430495	-0.16521942	0.020754075	-0.008551796	0.087215989	0.040689934	-0.037755372	0.133900624	-0.017247177	-0.076448085	0.113849666	0.040321725	-0.041652465
UMARY	1830	-0.007009377	-0.316808106	0.350525422	0.07510286	0.139879039	0.219787419	0.134494694	0.13783352	0.491688077	0.088634101	0.111037413	0.121276787	0.153810483	-0.05297066	0.175060817	-0.050523489	0.271718803	0.076989625	0.189912252	0.114721273	0.253222251	-0.09470091	0.183821458	0.102591816	0.124305342
UMARY	1846	-0.006105048	-0.333704717	0.126194273	-0.082832401	0.006065962	0.035716255	0.01093066	-0.039422076	-0.277146239	-0.191795586	0.080737844	0.012725867	-0.095928035	0.054709635	0.029189386	-0.410639649	0.020142789	0.041608093	0.070506293	-0.085895436	0.07316576	-0.185902375	-0.065271126	-0.09403055	0.058102828
UMARY	1847	0.005814105	0.374513754	0.129780091	-0.068776703	-0.000397429	0.025675456	-0.033809212	-0.081398011	-0.212312197	-0.003573982	0.364809441	0.026594534	-0.095344947	0.15500688	0.0317763	0.049241615	0.037861257	0.104486344	0.100457133	-0.001059291	-0.040970769	-0.17119624	-0.023138642	0.063370906	-0.000673592
UMARY	1849	0.006209263	0.179099707	-0.261539921	0.02423172	0.01973442	-0.135751351	-0.061670314	-0.004156849	0.318676352	-0.105319832	0.335663263	-0.125865535	-0.063260751	-0.07658039	-0.012543158	0.311551684	0.042135417	0.049157131	-0.081759826	-0.131657436	-0.032898284	0.232693516	0.072540767	-0.011879691	0.048862064
UMARY	1862	-0.182465141	-0.59487592	-0.038060229	0.073000828	0.058953282	0.089729445	0.054039487	0.04206704	-0.273178655	-0.039456261	0.220229197	0.121711782	0.074141589	-0.123605505	0.170847408	-0.033352028	-0.022098799	0.096053446	0.157275177	0.125381575	0.047176587	-0.284855977	0.173627872	0.065453468	0.077662149
UMARY	1865	-0.001072269	-0.057170988	0.207776054	-0.036803934	0.005470712	0.050826694	0.012179351	0.02989856	0.138393064	0.007397522	-0.263904221	-0.009318553	-0.084366699	0.412062825	0.074692289	0.110878793	0.085578533	0.019810998	0.029835228	-0.033985939	0.038404487	-0.162891213	0.044257231	-0.071428196	0.045192054
UMARY	1866	-0.045100766	0.246940649	-0.12712171	-0.084196206	-0.071137836	-0.188902739	-0.04836401	-0.129599752	-0.187472155	-0.013437354	0.063870553	-0.080418668	-0.11501555	0.021825012	-0.046120943	-0.036163174	0.065449595	-0.08277795	-0.127795719	-0.184679595	-0.132347363	-0.023363343	-0.123563329	-0.104694275	-0.171179938
UMARY	1867	-0.115096544	-0.076114056	-0.12756512	-0.087606695	-0.104272397	0.025225769	-0.000971667	-0.023401264	-0.035166435	-0.23369422	-0.257223288	0.016298102	-0.051512246	-0.010890073	0.018182128	0.032471831	-0.000430238	-0.121467022	-0.029614464	-0.03877185	-0.068967294	0.087927638	-0.101736372	-0.0057464	-0.055626715
UMARY	1902	0.008415329	-0.275316095	0.099955291	0.023741962	-0.007430982	0.036293969	0.010744475	0.009521727	0.152485349	0.02618982	-0.230135874	0.088773443	0.047380164	0.301866491	0.085154694	0.038656818	-0.042055756	-0.022661429	0.051230959	-0.015928365	0.037341023	0.067748592	-0.042636696	-0.052403178	0.036191734
UMARY	1903	0.003243856	0.214700496	0.149660438	0.043522199	0.045709975	0.043953567	0.085707079	0.07564457	-0.148314149	0.068828706	-0.127233644	0.050902748	-0.003208381	-0.115224211	0.046196219	0.168135634	-0.027885764	0.007736686	-0.007819777	0.052209249	0.033646305	-0.002048196	0.118184188	0.063674575	0.0763823
UMARY	1907	0.225778381	0.729881904	-0.147192082	-0.160904199	-0.133779902	-0.054033767	-0.180124155	-0.174611398	-0.196435917	0.024576716	-0.199378187	-0.085087034	-0.135939122	0.230263371	-0.198048826	0.023268793	-0.173314868	0.038031806	-0.060966782	-0.170491295	-0.108444845	0.019067754	-0.086678271	-0.142720477	-0.205294507
UMARY	1917	-0.149665939	-0.105655549	0.13933356	-0.063271194	-0.082507374	-0.008797966	-0.072514434	-0.040895765	-0.312461792	-0.005717278	0.066534734	-0.02975457	0.060217292	0.247201215	0.081636773	-0.13483806	-0.057154939	-0.163103397	-0.14534154	-0.051856021	-0.135432493	-0.182574503	0.056970028	-0.095722121	-0.091820661
UMARY	1935	-0.194426089	-0.039691117	-0.132123904	-0.129582779	-0.130630501	-0.022193522	-0.035028726	-0.135346531	0.042406572	-0.188954595	0.239137758	-0.073593168	-0.024722964	-0.044428735	-0.161585729	0.293331185	-0.084962204	-0.007761313	-0.175066891	-0.090068964	-0.188706748	0.047392706	-0.044145312	-0.096076482	-0.194374425
UMARY	1936	0.120452513	0.649574534	-0.113516208	0.015957515	-0.011938925	0.038998445	-0.017831751	-0.110638068	-0.250176177	0.013835446	0.362644361	0.056120591	-0.004055385	-0.007321066	-0.164554717	-0.051264723	-0.257294198	0.031943418	-0.093195332	-0.066962646	-0.032445473	0.269602485	0.054570152	0.04417938	-0.06166774
UMARY	1939	-0.096470594	-0.237281475	0.133052352	0.017390338	0.034681277	0.126916208	-0.0107486	0.229190165	0.404297123	0.427799772	-0.147431492	-0.173067794	-0.133879947	0.377445118	0.297969789	-0.355422847	0.152209411	-1.310739409	0.709895222	-0.473701762	0.6356551	-0.187348728	-1.406561705	-0.171158893	0.682840485
UMARY	1940	-0.13752182	-0.18170083	-0.190069725	0.041012027	-0.059866924	0.038183893	-0.019953009	0.057682086	-0.25634942	-0.003860433	-0.17679905	0.037264424	0.06650792	0.415168847	0.001191678	0.015954993	-0.089410357	-0.022462132	-0.019527861	0.048146104	0.015315503	-0.108529742	0.0654352	0.233115775	-0.055173731
UMARY	4263	0.146331635	-0.532488745	0.18242825	0.032391847	0.127037343	0.067608535	0.091564453	0.119533251	-0.148808297	0.065315949	-0.138272481	-0.061186916	-0.016150083	-0.141756046	-0.057569199	-0.197931415	0.295303841	-0.128043801	0.010239215	0.097397663	-0.008572259	-0.100853572	-0.096230039	-0.017504685	0.105159451
UMARY	4540	0.019031099	-0.04049664	0.023392399	-0.035681621	0.020755567	-0.012558824	-0.109682539	-0.062328161	0.402052713	-0.058104495	0.070162179	-0.069303493	-0.067954155	0.211665299	0.059070902	0.103027952	-0.101720324	-0.190626002	0.025442574	-0.195084647	-0.042684606	0.168089816	-0.135479373	-0.201094734	-0.118978157
UMARY	4542	0.00052203	-0.124519042	-0.002025723	-0.048525011	-0.040730542	-0.014416075	-0.046364424	-0.058672721	-0.028314937	-0.076097436	0.133841236	0.114899756	-0.03973307	-0.117706149	-0.001403135	0.048424383	-0.202301748	-0.036618767	0.034591296	0.196462351	0.006792129	0.117938688	0.029869722	0.103087359	-0.02490434
UMARY	4543	0.015035236	0.174910464	-0.118621245	-0.130457745	-0.092850082	-0.016861074	-0.005622624	-0.07243341	0.241084925	-0.013784318	0.146248284	-0.021887746	-0.117959456	-0.047535199	-0.121078091	0.329386753	-0.154449196	-0.115766827	-0.07464579	-0.130034433	-0.108927687	0.10868775	0.010807726	-0.074706738	-0.039783422
UMARY	4549	-0.180357878	-0.202172061	-0.06886751	-0.036365431	-8.34E-05	0.112879857	0.035486029	0.054192212	0.267576138	-0.156225706	-0.35352044	-0.009529065	-0.04375779	-0.250219992	0.020960924	0.131357487	-0.045527432	-0.011237232	-0.025252462	0.056419571	0.043155093	0.108726514	-0.000402358	-0.051417874	0.040323452
UMARY	4590	-0.054069223	-0.204202742	0.265382609	0.03708262	0.08411183	-0.221508512	-0.008506621	0.161826251	-0.183950858	-0.075558062	0.022843195	-0.143090647	0.064699502	-0.056816665	0.081585344	0.150234174	0.110388335	0.109817273	-0.080106462	0.14243294	-0.078415635	-0.201544765	-0.094452933	0.148796286	-0.0846544
UMARY	4593	-0.072983172	0.060808532	-0.11772405	0.042257996	-0.050105026	0.044994611	-0.046461118	-0.044184606	-0.16511243	-0.038826315	0.18892455	0.027920128	-0.093383907	-0.161790651	0.094047925	0.318136286	-0.038976663	0.235272597	0.034349668	0.016254959	-0.000388281	0.280118791	-0.014765569	0.058420494	0.04142315
UMARY	4598	-0.189602207	0.229130679	-0.120556621	-0.121465778	-0.061139526	-0.06014709	-0.04460918	-0.05161465	-0.000718221	-0.086601011	-0.050345853	-0.03217186	-0.048599428	0.019063505	-0.035332953	0.015551459	-0.148167939	0.066008861	-0.03968386	-0.001123805	-0.072508959	0.032212769	-0.039641718	-0.08462081	-0.037357842
UMARY	4636	-0.070445788	-0.011662837	0.13593312	-0.036363793	-0.10516029	-0.050425131	-0.05885147	-0.099165448	-0.121271975	-0.104893953	0.019227085	-0.070203054	-0.020117252	-0.009141426	-0.024865374	-0.050496777	-0.033569102	-0.205674691	-0.057283953	-0.007616979	-0.024693904	0.146684633	0.043767222	-0.0679496	-0.051116277
UMARY	4640	0.11297709	-0.358924628	-0.333704466	-0.125926086	-0.109603875	-0.078932305	-0.039710231	0.013134299	-0.267088515	0.05407336	-0.033407549	-0.021148779	-0.200956379	-0.063422159	-0.09195759	0.390089892	0.107357558	0.077756611	-0.124490732	-0.04807811	-0.096833729	0.349775378	-0.058362825	-0.054015586	-0.160244593
UMARY	4725	-0.13010989	0.116159113	0.091041313	-0.026992592	-0.037759307	-0.003775237	-0.02282473	-0.037592759	0.370340772	0.012956703	-0.072226373	-0.090862083	-0.115918977	0.120379634	-0.10414669	0.051909986	-0.196504938	-0.126947543	-0.110658785	-0.145255341	-0.026352602	0.012889483	-0.108630444	-0.143153352	-0.11372852
UMARY	4726	-0.015743499	0.008984089	0.280186375	0.126497484	-0.0392344	-0.025897207	-0.033768719	0.00924742	0.361014439	0.014700584	0.144918858	-0.035177154	0.034217948	-0.12385154	0.011310762	-0.05060268	-0.099239246	0.013380842	-0.070883844	0.073285749	-0.016832734	-0.061315475	0.083479126	-0.021421242	0.015596953
UMARY	4727	0.012543602	0.081699706	0.148085237	-0.043071478	0.056175463	-0.051660984	0.066070648	0.002818947	0.161187753	-0.112376071	0.391505795	0.049427341	0.059675256	0.183191251	-0.044323348	0.195926357	0.069359155	-0.058990622	-0.011473123	0.113274072	0.037320587	0.159627818	0.136615406	0.054046685	0.060020792
UMARY	4729	0.310976105	-0.143245973	0.153230796	-0.018014829	0.111283817	0.045715375	0.004061099	0.048420181	0.008238729	0.058237041	-0.177673036	-0.044538948	-0.093190181	0.023040951	0.212887977	-0.017032944	0.142784884	0.002791422	0.048593334	-0.139757446	0.082302508	-0.103900803	-0.123508218	0.017507077	-0.028262783
UMARY	4782	-0.109870127	0.518706432	0.13375809	0.025738426	-0.093688147	-0.004646758	-0.036012635	-0.091040083	0.193755926	0.033797361	-0.011832186	-0.246186156	-0.115943386	-0.216714568	-0.205963675	-0.022718645	-0.173268466	-0.037746761	-0.177003643	-0.146996457	-0.170259968	0.221494859	-0.182437081	-0.007310101	-0.146940496
UMARY	4786	-0.023691126	0.048751687	-0.356708071	0.011055091	0.076039463	-0.016407597	0.048399192	-0.024816238	-0.449864516	0.00456161	0.061631591	0.145704023	0.05229559	-0.179512288	0.026234286	0.205788983	0.040553685	0.077463721	0.099967356	-0.002664018	0.031412709	0.208797909	-0.039196685	0.063159545	0.084143852
UMARY	4788	-0.045170298	1.101874172	-0.308719801	0.042734582	-0.043170853	-0.261423528	0.075689402	-0.045874326	-0.473870595	0.026736168	-0.374740994	-0.185764843	-0.106784906	0.063154816	-0.128368297	-0.092540851	-0.209340095	0.115880682	-0.073771171	-0.155725863	-0.091508185	0.279323807	-0.389873347	-0.086159984	-0.029098794
UMARY	4789	0.570103902	2.362791218	-0.438073775	0.039902598	-0.08955688	-0.073852739	0.038208483	-0.04611488	0.046831795	0.142140495	0.072322839	0.038633713	0.042426392	-0.141332532	-0.061554837	0.145318725	-0.223741157	0.028591973	-0.096083021	0.087371808	-0.098583579	0.324091324	0.084475183	0.229350321	0.107233847
UMARY	4841	0.073152744	-0.021173868	-0.196384324	-0.066894394	0.013041463	-0.035458212	-0.056920748	0.045188766	-0.076345	0.045798696	-0.237614387	0.062454867	0.062754412	0.512746843	0.185572464	0.213330372	0.084711622	-0.010245555	0.047916753	0.001123767	0.036634775	-0.178076303	-0.037594057	-0.020714735	-0.012420291
UMARY	4842	0.165596893	-0.029376519	0.425762983	0.044694874	0.031440795	0.067960369	0.107573994	0.003009166	0.244440208	0.115154727	-0.271029297	-0.049968289	0.043234762	0.137031458	0.083012294	0.191129138	0.530819538	0.124734096	0.027591583	-0.029523143	0.061216306	-0.108461377	-0.055226431	-0.036544281	0.039368938
UMARY	4903	-0.097618778	-0.280207813	0.210002872	0.104456706	0.033056955	0.106960204	-0.062302032	0.094690697	-0.033844183	-0.021734439	-0.203619149	-0.048719271	-0.079908502	-0.141736982	-0.101604984	-0.193019793	0.051504068	-0.137058074	-0.019290676	0.008204901	0.01278912	-0.052638768	-0.030992201	0.03687986	-0.096472788
UMARY	4915	0.036915056	-0.024927078	-0.260765064	0.001112416	0.066090137	0.069077064	0.046657191	0.072017368	0.314431966	-0.106095206	-0.274903941	0.112314971	0.04209623	0.271355023	0.08247128	0.1123902	0.179296198	0.194071257	0.132964809	0.111769498	0.062652541	-0.132939714	0.101553113	0.043842893	0.079636029
UMARY	4916	0.006251648	-0.128688088	-0.132808747	-0.021084729	-0.027633958	-0.035847578	-0.035626457	0.036524219	-0.25154674	0.017082536	-0.037755727	-0.035019755	-0.012481785	0.296837104	-0.053385142	-0.308164376	-0.010632618	-0.003864604	-0.049486563	-0.040263969	-0.086652406	-0.273894916	-0.028899253	0.042734886	0.015688852
UMARY	4924	0.269664641	0.284924016	0.454818069	0.163581998	0.20918216	0.090574176	0.316058585	0.099405717	-0.099432437	0.154044991	0.093072782	0.069067431	-0.035625046	-0.166511232	0.100165255	-0.365198101	0.144570318	-0.05411213	0.349802762	-0.053796671	0.207201596	-0.194580641	-0.045321431	0.027135343	0.174365854
UMARY	5024	0.138290762	-0.316128418	-0.110614186	-0.039477964	0.012504729	0.042116609	-0.027384492	0.083804388	-0.47940075	0.246295017	0.279225388	0.162815059	0.451119649	-0.085442054	-0.056066511	-0.365960741	-0.075539486	-0.184612225	0.042117603	0.08199658	0.035694118	0.053518114	0.297122016	-0.013831857	0.05664772
UMARY	5028	-0.143126045	-0.345180684	-0.029806141	0.040023174	0.046479706	-0.031818871	-0.075092112	-0.057032097	0.236499398	-0.064012272	0.207744028	-0.010518322	0.02809348	-0.199421973	-0.070216151	0.027507021	0.043732748	0.135421462	-0.068346567	-0.055646586	-0.063758187	-0.139629511	0.022555333	-0.097166483	0.0013065
UMARY	5078	-0.044988854	0.192645114	-0.379534394	-0.087566847	-0.104865639	-0.059348752	-0.117298651	-0.028376493	-0.10893372	-0.074228411	-0.031013889	-0.05222346	-0.034578887	0.013988827	-0.155142609	-0.071765081	-0.205552218	-0.043248215	-0.083389031	-0.086049931	-0.12325731	-0.07902155	-0.022470278	-0.083582795	-0.143278146
UMARY	5079	0.046028846	0.252840657	-0.086211392	0.037307906	-0.044747226	0.01063887	-0.02117458	-0.000239587	-0.027142316	-0.121576785	0.006130457	-0.004639342	0.012598657	0.020813702	-0.03025532	0.08053011	-0.091870089	-0.048421436	-0.016719398	-0.0209726	-0.0429373	0.096308077	0.052758122	0.045081773	0.015249272
UMARY	5081	-0.18475542	0.171071561	0.093222694	0.005671183	-0.025730934	-0.092154743	-0.000890378	-0.11025564	-0.040406451	0.052052176	0.037129408	-0.03628246	-0.058085927	-0.026131512	-0.052892654	0.056292767	-0.1382765	-0.04018569	-0.068706264	0.050825416	0.008314731	-0.142058855	0.022963275	-0.048481308	0.009997955
UMARY	5086	-0.140979332	-0.338403807	0.059275936	0.085831969	0.029192216	0.046648817	-0.016434985	0.016725727	-0.017373888	-0.101419448	0.143270958	0.000475116	-0.016390924	-0.241160817	0.046045626	-0.148833047	-0.070496517	0.053759367	-0.045629178	0.135019193	0.018815753	-0.143125347	0.037300199	0.063266786	0.03632277
UMARY	5087	0.002509868	-0.067926072	0.227153998	-0.013297363	0.082962843	0.014283629	0.054775074	-0.011459577	0.451289829	0.019100205	0.19843508	0.11686058	0.113904509	-0.145477361	-0.006174981	-0.103871084	0.024782553	0.11480397	0.038521666	0.151738077	0.077186309	0.083526007	0.123444461	0.102547451	0.08492114
