FID	IID	1	2	3	4	5	6	7	8	9	10	11	12	13	14	15	16	17	18	19	20	21	22	23	24	25
BLSA	745	-0.721840961	-1.402251285	-1.894974508	0.578963404	0.505136882	0.322277534	-0.377448707	1.028171209	0.274562552	0.367345781	0.19089508	0.229946091	0.557484066	-0.825678588	0.208953026	0.214716014	-0.147129017	-0.425196023	0.221387698	0.115292383	0.268275704	0.035508323	0.402621216	0.425717997	-0.02415587
BLSA	827	0.80046408	-0.951412508	-1.026678443	1.182362085	0.091569178	-0.071639057	0.969794837	1.130321964	0.021837694	0.245768216	0.181306863	-0.176640063	-0.087085477	1.285212236	-0.23673192	0.229169008	0.133573015	0.234092963	0.137897177	0.154873709	0.259798318	0.313973689	-0.225696245	-0.176286371	0.091884097
BLSA	1556	0.266853469	-0.179420913	-0.092515783	0.692464805	-0.024084162	0.135015237	0.371834192	-0.049790375	0.205246665	0.087327421	-0.089539396	0.097490563	0.206103551	0.42598112	-0.127884926	0.069216025	-0.273791404	-0.533186878	0.08788272	0.137152967	0.05463784	0.006095962	-0.331641606	0.466685318	0.101429999
BLSA	1579	0.073992424	0.310931212	0.010174704	-0.044746632	-0.049990248	-0.392694911	0.715541764	0.2462303	-0.342194569	-0.272642272	-0.261768025	-0.136217111	-0.193411823	-0.042954637	-0.424300931	-0.175913924	-0.270014055	0.063038494	-0.152570543	-0.244756113	-0.015697962	-0.250499692	-0.195549218	-0.136838562	-0.23270986
BLSA	1595	-0.515309989	-0.030184964	-0.636825968	-0.258061926	0.089335699	0.459531998	-0.570599788	-0.20053937	0.050750431	0.157522872	-0.317075792	-0.566477185	-0.347008465	-0.147453131	0.456010476	0.751623456	-0.487216457	0.269934408	-0.320374224	-0.154129366	0.550089047	-0.359687754	0.079449601	-0.593373932	0.628710062
BLSA	1603	-0.310280842	0.561591343	0.147261308	-0.890883688	-0.217628635	-0.024853179	-1.015675987	-0.405943137	-0.010534188	-0.013073104	-0.049109234	-0.083773203	0.009219659	-0.639636007	0.370471729	-0.031010844	0.207278957	-0.140233708	0.085149923	0.011950008	-0.121247365	-0.051195157	0.097539974	-0.102435206	-0.0877245
BLSA	1640	-0.167788903	-0.11818958	0.278972674	0.244445582	-0.075846361	0.019604037	0.281179648	0.216924496	0.116046772	0.043989006	0.03646209	-0.046448207	-0.03572973	0.366295666	-0.055006773	0.227582153	0.103213063	-0.124877478	-0.03796408	-0.085757436	0.056117764	-0.038843744	-0.197061123	-0.008642531	0.195325898
BLSA	1775	0.784817669	0.367681197	0.014944361	0.581937674	-0.097867374	0.194986286	0.2921393	-0.118429907	-0.165171649	0.075914434	-0.155986864	-0.340834367	-0.384226882	0.717733099	-0.094262977	-0.2245516	0.34273101	0.406898653	-0.332362984	0.070292261	0.022825905	0.126210915	-0.097084939	-0.124887602	0.068609834
BLSA	1802	0.022214536	0.225558518	0.447491797	-0.457370668	-0.002300856	-0.094685694	-0.541039205	-0.350115036	-0.000799073	-0.039656188	-0.086713181	0.110066639	0.084598964	-0.627224419	0.561809117	-0.12370649	0.059134582	0.163154619	0.149443141	0.127338224	-0.297131852	-0.07113662	0.161967717	-0.058372336	-0.111817799
BLSA	1805	-0.281973325	0.279426406	0.317612921	-1.305566064	-0.145693397	-0.138018567	-0.81581606	-0.155192098	-0.108591757	-0.144112115	-0.034747767	-0.155246844	-0.104138166	-0.479862939	0.30918923	-0.269075539	0.107532398	0.150703922	0.026514712	0.142774305	-0.320068311	-0.018225844	0.039727289	-0.101367341	-0.265533131
BLSA	1838	0.303731726	-0.501237205	-0.045948941	0.298011589	0.22224951	-0.059510356	0.066579057	0.23840326	0.073420455	0.054622122	-0.112846535	0.107369661	0.09372485	-0.156098022	-0.019755102	0.034960044	0.084786088	-0.118617674	0.242371463	-0.490233644	-0.14003192	-0.368588488	0.128430371	-0.070864829	-0.100220899
BLSA	1839	-0.412860578	-0.319556509	-0.009035872	-0.852353022	0.020215435	-0.03188332	-0.923057288	0.084622396	-0.077230664	-0.169798514	0.018854808	0.058277329	0.015315435	-0.28002605	0.024638982	-0.099969844	0.163317837	0.201933618	0.01459398	0.129440979	-0.297153673	0.158574977	0.141999458	0.052436193	-0.252908741
BLSA	1840	-0.074682453	0.290417576	0.147989769	-0.317758987	-0.225716126	-0.065314871	-0.289890099	-0.439067322	-0.100041486	-0.079314709	0.066020681	0.116575815	-0.108567489	-0.408578568	0.010474321	-0.219895999	0.181526548	-0.173382163	-0.215878719	-0.013209296	-0.220664337	-0.01804989	0.154016341	0.144880131	0.042007116
BLSA	1883	0.070216501	-0.397204148	-0.204874519	-0.153439012	-0.037133816	-0.092160849	0.17593982	0.09422126	-0.181420388	-0.160228826	-0.069123297	-0.047350828	-0.019324856	0.244139678	-0.255760222	-0.180735109	0.004993554	-0.082272566	-0.028855434	-0.099614971	0.018295592	-0.00349595	0.195595486	-0.138625865	-0.172862866
BLSA	1889	-0.078088363	0.312484435	0.39538847	-0.528898661	-0.116359063	-0.125786116	-0.38410667	-0.388627247	-0.09832688	-0.175263769	0.066597447	0.017627549	-0.001609685	-0.27491198	0.164625418	-0.286561727	0.417357042	0.017963447	-0.010829377	-0.168778682	-0.15365342	0.157079826	0.103520038	0.011751654	-0.295213226
BLSA	1924	0.113008584	0.23128089	-0.45482163	-0.086216918	0.094100753	-0.150848421	0.108770169	0.048187272	-0.008208457	-0.143928372	-0.113145602	-0.092800215	-0.134748315	0.413427929	-0.281800187	-0.144468135	-0.264286997	0.342736743	-0.094726858	-0.156537822	-0.192219133	-0.030306643	0.171405108	-0.103631835	-0.036701119
BLSA	1961	0.092299829	0.20846563	0.45882385	-0.925014814	0.023255863	-0.008311043	-0.365196024	-1.07401036	0.140371678	0.05444168	0.153299433	0.17769945	0.01048814	0.220181521	0.218591145	-0.013512203	0.1642435	-0.215742027	0.206753939	0.036466953	-0.195718077	0.159691749	0.169589879	0.076412998	0.02921543
BLSA	2000	-0.16226516	0.79181771	0.813451541	-0.069197362	-0.104643892	-0.059192059	0.240079881	-0.278986865	-0.128198102	-0.114224425	-0.030834025	0.068414853	0.085032897	-0.268130567	-0.099825273	-0.225441185	0.054167172	0.699450896	-0.023279046	0.341042923	-0.008184704	-0.063830591	-0.266959227	0.087258242	0.044374975
BLSA	2020	-0.009867088	0.319424664	-0.220747192	0.619855245	0.272921461	0.062669314	0.966483681	0.073213414	-0.012826964	0.059418202	-0.054425345	-0.027800266	-0.019893465	0.187449627	-0.260569746	0.13235627	-0.211590341	-0.302550502	-0.007357528	-0.171672633	0.087696483	-0.001623509	0.015179799	-0.017377405	0.047323304
BLSA	2037	0.117051925	-0.141165709	0.48393903	0.47800072	-0.093304168	0.004783174	0.522923953	-0.054440053	0.007531924	-0.126013598	0.006319996	0.125943672	-0.042289773	0.219638192	-0.100876103	0.124466376	-0.132660161	-0.171906936	0.045017693	-0.152929964	-0.178410107	0.042689828	-0.404833269	-0.012927257	0.263131104
BLSA	2066	0.16211779	0.445614919	0.166187442	-0.23762186	-0.151123883	-0.084547496	-0.391470504	-0.01748866	0.011548804	-0.039647983	0.056701666	0.026808054	-0.000298776	0.242535287	-0.285262391	-0.054817636	0.095010836	-0.220055806	-0.010625045	0.103701995	-0.08996622	0.300695927	0.031619363	0.055407048	-0.168470561
BLSA	2069	-0.37252447	-0.006301576	0.266117699	0.082007773	-0.034929485	0.027503269	0.309452086	0.103832581	0.236039508	0.17347558	0.371076106	0.215637881	0.099012515	-0.222895211	0.068231266	-0.026196813	-0.221268472	-0.156464363	-0.01498911	0.104087793	0.236268846	-0.050007579	-0.187481093	0.236482153	0.145764538
BLSA	2093	0.056735549	0.007469575	0.165679422	-0.092098295	0.032745697	-0.167284447	0.317610708	0.086989218	-0.170576086	-0.186200187	-0.046396147	-0.151911725	-0.130836865	0.228692052	-0.254672096	-0.114365723	-0.013344529	-0.119137566	-0.034797659	-0.439448215	-0.081286452	-0.080549939	0.313746952	-0.115430064	-0.023780563
BLSA	2102	0.243978051	-0.305239679	0.472387867	1.46117903	0.025090987	0.340359538	0.335971236	0.18151306	0.266763781	0.344278745	0.27417704	0.473642458	0.448189688	-0.177836288	0.103713937	0.406133425	-0.09756417	0.233715926	0.067598159	0.70265364	0.757428033	0.105520205	-0.300101869	0.204029404	0.114322779
JHU	384	-0.237276895	-0.24290936	0.124238673	-0.840078414	-0.101420365	0.006939685	-0.92664807	0.326642446	-0.152384658	-0.214790855	-0.090925314	-0.145153379	0.089100929	-0.066524566	0.001104686	-0.151145559	0.035988077	0.126756553	-0.083383318	-0.085131714	-0.066902152	0.013440439	0.041814747	-0.041345206	0.001926462
JHU	705	-0.29706162	0.602105831	0.394487967	-0.498453878	-0.208812162	-0.077965929	-1.133573812	0.015773462	-0.164232612	-0.19756144	0.015190464	-0.229316529	-0.043811667	-0.328991628	0.165114048	-0.089875868	0.287184236	0.225586076	-0.128309938	-0.012339794	-0.209088873	-0.089044457	0.313412334	-0.038588032	-0.165161079
JHU	710	0.187354876	0.100247912	0.037333728	-0.074232991	-0.004395703	0.161180674	-0.302066884	0.124116553	0.081313449	-0.009826188	0.003086188	0.029607996	-0.017635876	0.069343996	-0.204363076	0.001432873	-0.146641222	0.339064686	0.057484759	0.036190052	-0.026290359	0.049397011	-0.019745672	0.009081218	0.079198772
JHU	712	-0.114973858	-0.452331114	-0.399286546	0.100313918	0.095789759	0.004214402	0.064973845	-0.028000853	0.03745512	-0.045241344	0.011169383	0.117901525	0.18452386	0.093875303	-0.14252063	-0.016603149	-0.060543036	-0.029437563	-0.011196431	-0.26866461	0.211316741	-0.092147032	0.228621766	0.038601699	-0.041593771
JHU	713	0.421257947	-0.414211873	-0.293954103	0.883965227	0.294561962	-0.056040673	1.261733394	0.686846073	-0.075421767	0.41260018	0.208017227	0.395162139	-0.085638272	0.115043932	0.714352042	0.158529498	-0.079506022	-0.244647673	0.107285258	0.158140715	0.225908344	0.366258043	-0.127564427	0.308831858	-0.188947467
JHU	719	-0.156670497	0.667077147	0.256189691	-0.218380009	-0.17393139	0.106837517	-0.320078792	-0.431540665	0.046526882	-0.124846214	0.016838326	-0.023185185	0.10656181	-0.630268844	-0.020010519	-0.031152827	0.221383263	-0.060039045	0.001231549	0.068558352	-0.195280189	-0.055660944	-0.080970592	-0.000292541	-0.023229728
JHU	993	0.05749324	-0.586166432	-0.509435697	0.456270021	0.274267814	-0.310437007	0.85736391	-0.023784698	0.095352439	0.317958642	-0.155948685	0.104621192	-0.203081412	0.606032597	-0.191850382	0.175482883	-0.288760191	-0.260058234	0.085836883	0.019276828	0.167005048	-0.100825852	-0.496283159	-0.303811677	0.298149723
JHU	994	0.107370405	0.325714745	0.503833721	-0.070064139	-0.143447755	-0.064732054	0.064575719	-0.240229346	-0.062617907	-0.135089706	-0.120992688	-0.218405315	-0.152081066	-0.179356041	-0.090459729	-0.08072129	0.183208095	-0.032960849	0.021991976	-0.085107016	-0.194107848	-0.039843715	0.001271262	-0.045107725	-0.201482853
JHU	995	0.032506402	0.000473144	-0.113407434	0.260660265	-0.032612161	0.230003385	0.433720692	-0.429822973	0.194009053	-0.003203075	0.113565099	-0.031232443	0.122061694	0.320845252	-0.231366439	0.034053439	-0.152313199	-0.06426395	-0.050940738	0.169077188	0.087439288	-0.051573494	0.139443741	0.072630405	0.24113994
UMARY	142	0.088613435	-0.386707993	-0.444315922	0.42252875	0.21623023	0.001307037	-0.14312622	0.326949007	-0.014767697	0.123727362	0.055940773	-0.095397204	0.031722402	0.092031698	-0.34221647	0.005523733	-0.310863319	-0.039342182	-0.088070291	-0.084083027	0.181276823	-0.09273504	-0.094044891	-0.009399307	0.035063405
UMARY	602	-0.202701686	-0.072737633	-0.345327926	-0.233320898	0.062276303	-0.011568299	-0.013348373	0.142533664	0.029206676	-0.078563667	0.039413299	0.163109036	0.07893684	-0.253449595	-0.275736479	0.012192532	-0.02780671	-0.228158135	0.05646933	-0.077240727	0.046341654	-0.149917094	0.017672936	0.050393978	0.025668436
UMARY	604	0.075222612	0.409163203	0.059316626	0.057585528	0.043238136	0.04843437	-0.077539287	-0.138843195	0.026460905	0.033561622	-0.008324643	0.098864349	-0.033929656	-0.431563783	0.19614756	0.058170928	0.144398329	-0.346174855	0.106097985	0.086862967	-0.114267213	-0.112696845	0.107254531	0.013848495	0.033940343
UMARY	813	-0.452982633	-0.288679715	-0.290847324	-0.521669755	0.003349003	-0.016619808	-0.26664122	0.219193701	0.05282264	0.041093468	-0.031589963	0.003890779	0.046529972	-0.194440299	0.205540552	0.058791547	-0.039465924	0.143468284	0.075158016	0.084876495	-0.006697009	-0.206865558	-0.066241449	0.048868476	0.047651563
UMARY	819	-0.096771114	-0.171358304	0.282609898	-0.295726645	-0.078694189	0.000205044	0.198945855	-0.160541428	0.018642974	0.024834029	-0.042733146	-0.056708589	-0.001078019	0.104275992	0.236582622	-0.003427694	0.150353689	0.127550864	-0.002721616	0.026462238	-0.041641242	-0.030629464	0.053680179	0.03557363	0.038829822
UMARY	871	-0.650926032	-0.37150143	-0.120883036	-0.702286895	-0.040097633	-0.027265655	-0.432763445	0.195052167	0.07655564	0.000703751	-0.01138036	-0.014320916	-0.02046865	-0.109647161	0.243235063	0.036103497	-0.079758525	0.000502182	0.175561584	-0.011826727	-0.009974925	-0.089647731	-0.151344773	-0.015107365	0.011505669
UMARY	879	-0.068208602	-0.081806672	0.090927001	-0.115766426	0.058618527	-0.099285191	0.05686686	-0.370781252	0.050371788	0.025697009	-0.093645846	-0.094624733	-0.066872671	0.547429961	0.201669327	0.012886325	0.090127941	0.160860837	-0.028670125	0.075824304	-0.089397457	-0.068787357	-0.098416372	-0.077426562	-0.087910534
UMARY	880	0.083453082	-0.560267184	-0.538428897	0.203572026	-0.044687975	0.146581982	-0.35085193	0.205661933	0.170442348	0.105639761	0.175772651	0.198008325	0.196772211	0.266604182	-0.226349456	0.115765853	-0.063626515	-0.125890578	0.115909788	-0.18809173	0.289225196	0.513014771	0.070542868	0.157149502	0.142286984
UMARY	914	-0.002127744	0.169609094	0.102112926	0.045565905	-0.078752772	0.005552493	-0.398060636	-0.005514975	-0.043806831	0.071542754	-0.009853156	-0.026673342	0.000305138	0.140927021	-0.280873557	0.008620659	0.103424433	0.275116837	-0.081961034	-0.006504279	-0.129846578	0.056435628	0.249014498	0.029973696	-0.067854441
UMARY	933	-0.25717678	0.026506942	-0.100351068	-0.337692416	-0.016153252	-0.067323823	0.122489925	0.571558291	-0.093495808	-0.072464936	-0.028150848	0.071123971	0.055305756	-0.111480988	-0.276498064	-0.118994532	-0.016357584	-0.046784182	0.0133804	0.147974092	-0.144494164	-0.17224097	-0.063900579	0.029827952	-0.060014891
UMARY	1028	-0.24171439	0.234335334	0.082395905	-0.238578893	-0.079288411	-0.298884054	-0.218464832	-0.038197474	-0.228470325	-0.177426858	-0.109573044	-0.196032989	-0.140051295	-0.399766083	0.364494094	-0.334510227	0.12521035	-0.06060684	-0.193420276	-0.011542288	0.02977503	0.277038188	-0.164596652	-0.144565384	-0.211081278
UMARY	1037	0.062703114	0.419660542	0.024323952	0.166919973	-0.025203977	-0.053122975	-0.08186492	0.38502862	-0.100833528	-0.159082864	-0.039029862	-0.004309609	-0.125527628	-0.436939287	-0.031708705	-0.154766637	0.01049846	-0.010959641	-0.117037783	-0.131590194	-0.049010144	0.036392005	-0.108487892	-0.008278436	-0.025956761
UMARY	1064	-0.130814865	0.149932835	0.201641512	-0.177019537	0.020058107	-0.006900307	-0.233265558	-0.22043079	0.060801086	0.010217313	0.097064583	0.103779786	0.097397602	0.014108973	-0.430434872	-0.092265376	-0.052378637	-0.212233952	-0.049809414	-0.150229698	-0.050630785	0.197466393	0.137423589	0.264396866	0.015760458
UMARY	1065	0.452022627	0.680475946	0.329388952	0.631798578	0.019786071	-0.044074046	-0.276500262	0.034065705	0.115567844	-0.044179577	-0.040753348	0.052701847	0.083206942	0.12569252	-0.073574434	0.079735511	0.277927261	-0.120360726	0.194383665	0.100793449	0.151773734	0.092294907	-0.013372927	-0.022810013	-0.049870232
UMARY	1076	-0.109503289	-0.157642626	-0.012296769	-0.208276476	0.029305982	0.05453517	-0.250824455	-0.317635189	0.093824972	0.088559229	0.03888773	0.020459644	-0.071093634	0.026897636	-0.244414634	0.057980706	-0.059326859	0.047792814	0.006844447	0.056933434	-0.111910138	0.123486396	0.061736395	0.027580792	0.061091519
UMARY	1078	0.069411623	0.533208461	0.391970898	0.177301652	-0.389190885	-0.040032514	0.449671547	0.033901924	-0.137593328	-0.229224487	-0.000962608	-0.131501151	0.102685508	0.068529239	-0.444056659	-0.244041372	-0.063789803	-0.300271311	-0.248954913	-0.553597023	-0.204725166	0.09590834	-0.084304153	-0.154437756	-0.146891467
UMARY	1079	-0.338319863	-0.191931603	0.040371042	-0.386266283	-0.115512925	-0.13617927	-0.066878416	-0.30132978	-0.174718832	-0.146971028	-0.07827017	-0.161510005	-0.063122158	0.276215678	0.540591405	-0.16029885	0.049920722	0.175979457	-0.025107469	0.02383732	-0.117656424	0.019180848	0.046713392	-0.085150842	-0.050260906
UMARY	1104	-0.133212169	-0.194713901	-0.085785105	-0.14386691	0.083166965	0.017332143	-0.44204861	-0.374352817	-0.027852013	0.018819601	-0.05181652	-0.012082711	-0.050421485	0.202344627	0.582748844	-0.011833016	-0.018431956	-0.031567178	-0.093783054	-0.060589672	-0.054699612	0.028772725	-0.090307957	-0.005774103	-0.018217218
UMARY	1105	-0.048673559	0.254427358	0.420924922	0.334730561	0.062653662	0.150490613	0.516377759	0.110808714	0.131296424	0.17834241	0.048154016	-0.080410603	0.022856651	-0.475859973	-0.380061816	0.152384757	0.037647062	-0.128060274	0.034196533	0.142756389	0.098842858	-0.026854113	0.032248143	0.024901195	0.078625619
UMARY	1114	-0.643250071	-0.482747906	-0.254135992	-0.662260776	-0.067710633	0.105831889	-0.510754131	-0.287203493	0.107304572	0.025712363	0.078992132	0.125821139	0.031591887	0.028033626	-0.061199959	0.057996896	-0.16954546	-0.152661067	0.062667561	-0.030486023	-0.031675852	0.008337949	-0.074908749	0.064636585	0.026441759
UMARY	1133	-0.375879211	-0.084448528	-0.283473882	-0.210378068	0.108381444	0.151658839	-0.080215343	1.157122586	0.195374523	0.045476011	0.178555386	0.364175984	0.180431333	-0.574400916	-0.190827246	0.082273381	-0.217931691	-0.118325589	0.230788526	0.334509725	0.076576336	0.169341373	-0.069411028	0.144056026	-0.014564442
UMARY	1134	-0.004047045	0.077939635	0.038642902	0.018786875	-0.129597081	0.067281376	-0.287381253	0.156121396	0.049547625	-0.010044114	-0.003245661	0.001186211	0.048469193	-0.354847546	-0.012280166	0.131369221	0.053183157	0.070586215	0.004889946	0.030339651	-0.000895437	-0.047618695	0.061902932	0.013046973	0.109053078
UMARY	1136	-0.180697027	0.275665406	0.210942637	-0.221582311	-0.01350648	-0.075918869	0.168756007	0.001084655	-0.053049635	-0.068873964	-0.004867487	-0.129606957	-0.005955574	-0.20515852	-0.121816218	-0.088750175	0.011438307	-0.007474783	-0.041515186	0.159188443	-0.124425015	0.01360009	-0.076366931	-0.044280882	-0.093856075
UMARY	1158	0.190328418	-0.018067885	-0.219445815	0.119578905	0.094321496	0.056011725	0.333846019	0.26098993	-0.028453248	0.043328532	0.010763173	-0.033476292	0.049570132	0.043389278	-0.088089056	0.035912076	-0.233991723	0.179757473	-0.013828627	0.010674926	0.117148428	0.079643725	-0.130370091	0.025074574	0.072173234
UMARY	1170	0.139043017	0.119201874	-0.236203834	0.062808158	0.137016588	-0.001911619	0.325814847	0.423000492	0.017398953	0.008995553	0.055275801	0.002741183	-0.00130491	-0.226026045	-0.264627482	0.012935763	-0.108046087	-0.111200418	-0.009711362	-0.074715566	-0.029886588	0.006513981	-0.117535676	0.004857924	-0.016527609
UMARY	1206	0.407882938	0.007350579	-0.401308405	0.518138947	0.177403208	0.036401298	0.057628384	0.230708111	0.013056863	0.064109494	0.023167264	-0.011338982	0.025441188	0.183320296	-0.314037622	0.104125163	0.026765642	-0.024365423	-0.016876344	-0.342597253	0.052714592	-0.049192259	0.113202016	0.015609324	0.072246844
UMARY	1209	0.320300837	0.050267751	0.226575447	0.297452232	-0.115718651	-0.003658496	0.221408922	0.23927696	-0.005690302	0.03448297	-0.005100971	-0.043230948	0.004293657	-0.059380561	0.35314144	0.084903956	0.034614445	-0.110947277	0.028371924	0.002407576	0.087350934	0.063033856	0.106153341	-0.007597677	0.030110792
UMARY	1226	-0.186146367	-0.454459831	-0.176067019	-0.342225295	-0.014936234	0.053411511	0.180073501	0.32844423	0.011994709	0.035604867	0.026338378	0.036997166	0.007045287	-0.199120153	-0.386064876	0.063927051	-0.116244273	0.167029835	0.103539494	-0.239688417	-0.114169921	0.050173995	0.125128655	0.028471521	0.020819238
UMARY	1230	0.168815753	0.157766712	0.000397823	0.118607928	-0.001790265	-0.007590578	-0.205562765	0.214633622	-0.004737076	-0.008104641	0.004559938	0.01748424	0.003748161	-0.18993019	0.086523737	-0.040569675	0.126549102	0.016131928	0.128629371	0.054991183	-0.081403948	0.011790025	-0.119985557	0.092366105	0.005038252
UMARY	1260	-0.174242939	-0.130900298	0.007770293	-0.180558036	0.081131213	0.128830411	-0.376920671	-0.182417218	0.150621197	0.16778444	0.118446446	0.053692982	0.083811876	-0.273092643	0.303711349	0.178819684	-0.017752399	-0.104877125	0.144504449	0.023370875	0.156780857	0.043156762	-0.112891053	0.079706457	0.120738824
UMARY	1326	-0.165419223	-0.483763723	-0.308114887	-0.323408738	-0.193180867	-0.021562626	-0.538251434	-0.564583469	0.006943677	-0.032018986	-0.052404962	0.005286119	-0.011257762	-0.107689445	0.241855257	0.079461901	-0.002838198	0.043225009	0.016058073	0.037715368	0.053677829	0.052636819	-0.160761722	-0.018276187	-0.006912379
UMARY	1454	-0.173534258	0.001045899	-0.170648511	-0.047739862	-0.074568699	-0.048152611	0.490735734	0.241366644	0.107455052	-0.059381647	-0.018237691	0.048155759	0.019537834	0.064556527	-0.395096912	-0.050537227	-0.242164825	-0.116364836	0.20539863	-0.228723402	0.125713639	-0.130149498	-0.042530415	-0.05769826	0.029640882
UMARY	1465	0.195016903	0.004604323	-0.034731257	0.171154296	0.22353368	0.00152887	0.178733491	0.112392097	-0.011077161	-0.022687987	-0.089397697	-0.141681612	-0.114043364	0.363701099	-0.168840761	0.028331543	-0.269134016	0.174593683	-0.113405684	-0.027835177	-0.000107873	0.050654788	0.040593258	-0.073260132	-0.052402699
UMARY	1486	0.098943844	0.022453295	-0.132365109	0.129173638	-0.074867992	-0.166551348	-0.130596186	-0.303400203	-0.0498788	0.018683151	-0.078699129	-0.02343407	-0.076991897	0.314592316	0.233502188	-0.139410921	-0.01882996	-0.094147164	-0.010825522	0.088323388	0.060759571	0.168087558	-0.103506814	-0.028535981	-0.097530247
UMARY	1498	0.013688458	0.151573459	0.11006104	0.011953131	0.024471724	-0.072156158	-0.175232488	-0.102304948	0.038877442	-0.031836868	-0.041431935	-0.121173513	-0.012830753	0.121392026	0.227085175	0.064003949	0.113547713	0.030271837	0.02357987	-0.034324871	0.003743012	-0.354490652	-0.084569013	-0.102125232	-0.035971676
UMARY	1502	-0.114564948	0.027875651	-0.3014301	-0.121030599	-0.166935703	-0.108393191	0.075740128	-0.223827925	-0.078319468	-0.186818628	-0.072445051	-0.119726134	-0.120773073	-0.293909825	0.260711447	-0.152431274	-0.153334483	-0.086544363	-0.118556915	0.049452777	-0.194940489	0.009111198	-0.108632661	-0.054449015	-0.04073197
UMARY	1535	-0.066847395	0.441253937	0.099400081	-0.026092395	-0.092913626	0.052736047	0.383659941	-0.067510794	0.015685561	-0.034613708	-0.014948987	-0.069301715	-0.058689448	0.213664632	-0.26166528	-0.044276856	-0.194796094	-0.016811356	0.03564807	-0.072466669	-0.111296207	0.070378335	0.159312223	-0.006406906	0.022415752
UMARY	1540	0.079658249	0.426913225	-0.059445986	0.264445881	-0.081954996	-0.060927717	-0.235365992	0.396998594	-0.086539662	-0.067948839	-0.037487757	-0.17070705	0.063907554	-0.134993947	0.267479382	-0.130041957	0.005365357	-0.071717846	-0.058292252	-0.153183705	-0.172449231	-0.089996687	-0.024111905	-0.080091591	-0.056758926
UMARY	1541	0.048980075	0.271863577	0.006443974	-0.032276586	0.096871097	0.072328342	0.135895262	0.028331386	0.10652541	0.072669756	0.100418952	0.095514548	0.199800451	-0.259519182	-0.043620938	0.097677514	-0.043773261	-0.051067572	0.13004815	0.04504458	0.145802857	-0.05405799	0.034624298	0.066461482	0.071829478
UMARY	1544	0.174580706	0.257586714	0.111463388	0.125456225	-0.128223373	-0.062318801	0.557970129	-0.177757867	-0.084885809	-0.146877296	-0.059952316	0.447822234	0.002033371	-0.133858921	0.306721496	-0.08640769	0.01011838	0.070786382	-0.040168581	0.062708983	-0.059440769	0.054203799	-0.119656771	-0.069043754	-0.06689923
UMARY	1545	-0.271780618	0.540815643	0.693065248	0.033586217	-0.066632204	0.09812097	0.569252491	-0.123392793	0.023762006	0.068753004	0.020693111	0.146375283	-0.097857028	-1.065380494	0.159165998	0.028654755	0.043189596	-0.089645255	-0.027543764	0.105335984	-0.010384661	0.219274122	-0.113357883	0.030865107	0.028344699
UMARY	1568	-0.607574646	-0.0347745	-0.232199717	-0.532955214	0.082827894	-0.049719351	0.266801631	0.221525683	-0.116642903	-0.062439168	-0.006234863	0.018824379	0.056869169	-0.370852249	-0.539239299	-0.048722758	-0.229981799	0.021111051	0.092382274	-0.133111653	-0.109583538	-0.098080332	-0.160811874	0.002251667	-0.035841211
UMARY	1570	-0.131446313	-0.118467514	-0.103565437	-0.121096282	0.014124269	0.048022983	-0.444402277	-0.041244589	0.013954699	0.066547748	-0.01527001	-0.076774945	-0.021955964	0.139681193	0.356495258	0.058804842	-0.03073373	0.0145049	-0.054486982	0.004394132	-0.059460513	-0.279756177	-0.023372862	0.03447507	0.067072619
UMARY	1571	-0.462622511	0.44348878	0.037468884	-0.287158287	-0.09801013	0.077425659	0.074922168	-0.38525731	-0.049085348	0.041559875	0.02328379	0.086867283	-0.07373406	-0.359961673	0.257422998	0.016155665	0.022278504	0.017907838	-0.094963429	0.208646174	-0.311676968	0.124041747	-0.027446532	-0.025311489	-0.074244992
UMARY	1578	-0.399899579	0.477735424	0.290483475	-0.51095933	-0.125195841	-0.031324574	-0.058566581	-0.235259353	0.041779616	-0.135359458	-0.005467895	-0.128792124	-0.074359671	-0.627512789	0.187075525	-0.113079868	0.251991412	-0.17430151	-0.0931281	0.131395207	-0.275589527	0.009533143	-0.165388662	-0.095708175	-0.088618873
UMARY	1583	0.047488073	-0.055441042	-0.377509886	0.231177665	0.076357646	0.109366217	0.471878088	0.090421906	0.073090954	0.058854676	0.112134272	0.102308414	0.050112685	1.30696253	-0.245933139	0.076479685	-0.248866254	0.107768169	0.113136381	-0.210375819	0.214281172	0.133673738	0.116189795	0.070416619	0.117341786
UMARY	1584	0.120274323	0.241886905	0.179012576	-0.207714229	-0.212415457	0.114484555	0.342291135	-0.156026215	0.044044846	-0.035641129	-0.013373928	0.06137062	0.149410581	0.209793534	0.219237554	-0.04804833	-0.017183202	-0.127250722	0.116064276	-0.053815512	-0.215576052	-0.117046021	-0.241388571	0.073288923	0.062653231
UMARY	1611	-0.205395659	0.123805935	0.427175545	-0.239521107	-0.047144294	-0.136191936	0.000735073	-0.364810374	-0.091157363	-0.166361611	-0.000598338	0.014103359	-0.044216988	0.177540907	-0.114182988	-0.257317986	0.270592736	0.252341047	-0.095085372	-0.005929486	-0.175388274	-0.193222319	0.061898795	-0.008925169	-0.135106325
UMARY	1612	0.486531875	-0.330346971	0.00279495	0.457516811	0.062324865	0.058412396	-0.348835278	0.207906949	0.067789733	0.044946066	0.189026957	0.113512403	0.094359538	0.038010188	-0.270535349	0.017477041	0.236826079	0.020870665	0.013569194	0.076881275	0.024055197	0.213415922	-0.088350152	-0.00024416	-0.101495543
UMARY	1613	-0.073401927	-0.419676729	-0.667288086	0.475059981	0.097827606	0.007983984	-0.950246771	0.399987778	0.028784559	0.030325941	0.071100642	0.009576051	-0.020875846	0.295608652	-0.037952058	0.008386806	0.037590094	-0.098846961	0.015774023	-0.083045476	0.040573776	-0.005046733	0.129079343	0.011888361	0.051550499
UMARY	1614	-0.20929815	-0.022890867	-0.02238614	-0.305928162	0.088067593	0.038084294	-0.965903587	0.276875642	0.012165182	0.086910431	0.063174593	-0.014860627	-0.003452525	0.018994219	-0.167992423	0.100872984	0.222814134	0.043105308	-0.031369712	-0.092500946	0.082444946	0.073127712	0.042625971	0.107437164	0.01025774
UMARY	1648	0.240386443	-0.27707611	-0.126849436	0.189705591	-0.055670299	-0.035165829	-0.890535372	-0.063051257	-0.059799958	0.02966104	-0.02947796	-0.049520377	-0.021625738	-0.246850914	0.105213774	0.101909319	0.033910816	-0.333315467	-0.163417275	-0.065373034	0.105871425	0.047018871	0.021863484	-0.096148534	-0.013228691
UMARY	1652	0.134966958	-0.353938843	-0.575047314	0.138992914	0.115421593	0.055053416	-0.627100769	0.038021313	-0.064644077	0.064137642	0.086308821	-0.044789495	-0.053313856	0.929536052	-0.129184972	0.049533013	-0.019613472	-0.090834645	-0.039726324	-0.164301049	0.118369143	-0.006361192	0.200260187	0.040508659	0.031552243
UMARY	1668	0.026762185	-0.124825038	-0.2836035	0.231003587	0.246390852	0.129810585	-0.727223956	-0.077508273	0.054954243	0.055853465	0.108181023	0.033656309	0.036463414	0.269866607	0.005309159	0.06948296	-0.059207441	0.167961867	0.018885395	-0.089092662	0.135103631	0.085727674	0.041978281	0.117443087	0.124776045
UMARY	1710	0.327603681	0.084572416	0.233964203	0.433194762	0.194695666	-0.025116835	-0.432423653	-0.162934537	-0.063266393	0.010767248	-0.078811856	-0.032579867	-0.04042129	0.28179526	-0.095932614	0.136895663	0.113019216	0.204869703	-0.074321802	0.136426916	0.026257534	0.148227845	0.193946683	-0.025514831	-0.090630413
UMARY	1712	-0.267708656	-0.489854331	0.01217397	-0.274619931	0.095483954	0.085273846	0.052336026	-0.001865679	0.01974553	0.101924714	0.049292464	0.011901449	0.045780206	0.196331468	-0.10333754	0.098030119	-0.014634674	0.27322059	-0.027899298	0.201823547	0.048230914	-0.16625345	0.06592848	0.055809993	0.116802384
UMARY	1713	0.210366173	-0.066745826	0.077685313	0.266719135	-0.043737339	-0.02981638	0.489785513	-0.484074861	0.011656555	-0.013347161	-0.055943414	0.132099859	-0.059137382	0.324719844	-0.066512079	-0.004093864	-0.085901454	-0.032742434	-0.17978339	0.106747784	0.003678283	-0.232780188	0.128133941	-0.067240698	0.097497463
UMARY	1715	-0.083686972	-0.387879611	-0.060493929	-0.192882391	-0.01545414	-0.01558968	0.634725811	0.141421965	0.029775999	0.01801832	-0.050911354	-0.043733052	-0.055522625	-0.225472275	0.087266782	0.053000111	-0.027920604	-0.025030732	-0.022553592	0.053434747	0.086597172	-0.231613006	0.082224512	0.03019994	0.012356649
UMARY	1792	0.040236073	0.287093702	0.130534039	0.070077385	0.058952202	0.050249562	-0.142768416	-0.208734306	0.015067113	-0.007092988	-0.008214343	0.02692365	0.052701776	-0.207160797	0.419839181	0.016923697	0.210547233	-0.019486617	0.015272955	0.120047441	0.065214969	-0.063687854	0.068179704	-0.05733091	-0.015907022
UMARY	1795	0.136669131	0.218825598	0.338266977	0.063015855	-0.036720377	0.030316929	0.407867436	-0.033546989	0.061744314	-0.000158773	0.005280885	-0.008055725	-0.0570165	0.015695401	-0.281429907	0.021576284	0.097276467	0.033621521	0.060429684	0.048330223	0.240890984	0.063411717	0.237452431	0.014049926	0.049662081
UMARY	1797	0.2854296	0.068373852	0.304299397	0.361674811	-0.077446714	-0.058942449	0.068897368	-0.275905024	-0.099305258	-0.057447386	-0.032219117	0.000157263	-0.058177361	-0.123653595	-0.113441194	-0.063352383	0.056481717	0.089690522	0.036131779	-0.111469438	0.137941162	0.3591457	0.223918776	0.05178861	-0.018591307
UMARY	1825	0.237012285	0.124970678	0.01904921	0.232606599	0.00846008	-0.040282984	-0.443619111	-0.093775343	-0.169755896	0.071457291	-0.011753713	-0.038776021	-0.048672178	-0.115912657	0.219376336	-0.054875295	0.194874109	0.009632564	-0.116941613	0.083438523	-0.115255982	0.088084256	-0.164606543	-0.021289974	-0.043013841
UMARY	1827	-0.448778924	0.404072746	0.476773171	-0.380288287	0.103007587	-0.006697893	-0.00471531	-0.06806149	0.007584328	-0.03734513	-0.017786985	-0.027188	0.021083032	-0.415803463	0.050305747	-0.020626068	0.163658124	-0.122008688	-0.003253102	0.298801164	-0.037699493	-0.200816306	0.03990562	-0.022869352	0.000130085
UMARY	1830	-0.08919338	0.102609591	-0.29477087	-0.044457132	0.153372642	0.174886852	0.213529883	0.260115422	0.202206222	0.154198766	0.152020958	0.159395109	0.178952525	-0.376311042	-0.354296565	0.260502239	-0.221931296	-0.156761143	0.144017338	-0.122996793	0.109039645	-0.03229459	0.019713552	0.112159253	0.274368636
UMARY	1846	-0.013570052	0.121139066	-0.058076	-0.088755699	-0.023234893	0.022070297	0.237302864	0.107186766	-0.009598414	-0.055440767	-0.048474233	-0.001117917	-0.051140287	-0.348559937	0.095450282	0.027946956	-0.23533731	-0.061176921	0.088815857	0.005240008	-0.083957394	0.025309691	0.034129423	-0.012003348	0.031847403
UMARY	1847	0.326052255	0.665341061	0.688307168	0.436766768	-0.060968164	-0.005782236	0.60547179	0.044357973	0.015037873	0.017109257	-0.024473098	0.036417188	-0.014548414	-0.298196888	-0.276130553	-0.003490847	-0.142714171	-0.042828003	-0.096252385	0.183693186	0.05842082	-0.129579434	-0.128143007	-0.007471163	-0.074896703
UMARY	1849	0.026847885	0.114618484	-0.292020183	-0.018185859	-0.020018888	-0.078645438	-0.183153609	-0.102269024	0.057481436	0.023853314	-0.125255234	-0.193094149	-0.010845667	0.549340717	-0.055994552	0.026980251	0.166615191	-0.268569572	0.000203782	0.082085237	-0.204033042	0.043913218	0.260617681	-0.024677505	-0.140689287
UMARY	1862	-0.365293571	0.090974092	0.346550614	-0.286607661	0.129684062	0.077927906	0.065933589	-0.211955722	0.032776877	0.021154878	0.080672702	0.030379178	0.0325003	-0.372010551	-0.106292436	0.115272531	0.092426549	0.073708633	0.120244392	0.086982575	-0.059041221	-0.026549741	0.141828229	0.045905636	0.096464436
UMARY	1865	-0.000819172	-0.031633469	-0.17695742	-0.033780833	0.249078158	-0.013318082	0.063527168	0.128060215	-0.034091068	0.056917085	-0.005783419	0.05422474	-0.010248909	-0.170282965	0.18019185	0.024553724	-0.121343212	-0.094103153	0.000736624	-0.284636585	0.106168716	-0.032824978	0.158824292	0.002541345	0.208402295
UMARY	1866	0.159407422	0.14436923	-0.126515367	0.113873297	-0.048473114	-0.114430329	0.166562308	-0.124222252	-0.080182905	-0.04870032	-0.059424921	-0.155107666	-0.056019882	0.326617305	-0.21881937	-0.180540516	-0.007021632	-0.184598576	-0.120317096	0.017677419	0.239777887	-0.171489334	0.113620467	-0.139063748	-0.119488602
UMARY	1867	0.004333896	0.098558495	-0.107555729	-0.11798601	-0.100604417	0.005444938	-0.797283578	-0.11125068	-0.034146261	-0.107334919	-0.021103948	-0.03262352	-0.059560826	-0.174239772	0.457606731	-0.092139813	0.179074275	-0.038775567	-0.017863948	-0.052983002	0.043728428	-0.035071959	0.192174561	0.012642601	-0.009226777
UMARY	1902	0.05171449	-0.147958433	0.033366219	-0.056868705	0.016969381	0.069662964	-0.178848779	-0.156871867	0.060112186	0.066512396	0.031262562	0.046505621	0.018615843	-0.074268115	0.816998143	0.05785218	0.108874553	0.072685373	-0.135528572	-0.007824148	0.062854239	-0.012045128	-0.01671499	0.022543658	0.07348481
UMARY	1903	0.017402508	-0.506393305	-0.045605071	0.118035771	0.177922913	0.088041378	-0.646637288	-0.188892347	0.016987478	0.082753262	0.047743302	0.071131276	0.094620399	-0.19699322	0.206716339	0.031302852	0.119534332	-0.192474303	-0.038302047	0.113820184	0.024201779	0.108404629	-0.093817893	-0.026339687	0.027784737
UMARY	1907	0.034368944	0.194808724	-0.066781368	-0.339997527	-0.216379687	-0.129903061	-0.32357724	0.260582249	-0.067555592	-0.107584965	-0.169757558	-0.03569618	-0.014729079	0.211368476	-0.171356193	-0.208652553	0.068993674	0.070412664	0.011084256	-0.070852764	-0.227244952	-0.185894439	-0.140920227	-0.137611394	-0.133231792
UMARY	1917	0.181758316	0.273645381	0.583394398	0.070262049	0.006443648	0.042614984	0.184536864	0.049761897	-0.091842715	-0.084562981	0.046099805	0.094111044	-0.060199215	-0.097708693	0.002840392	-0.051113601	0.223606099	-0.080917805	-0.097907887	-0.014956218	0.015611032	0.011845993	0.086649473	-0.055207924	0.01565598
UMARY	1935	-0.250027656	-0.1708791	-0.337215315	-0.589233419	0.012470817	-0.081850224	0.361988786	0.605065654	-0.196586942	-0.118871898	-0.049295992	-0.011979606	-0.09886725	-0.006863122	-0.162693379	-0.170232874	-0.320092719	-0.154897431	-0.103436281	0.140263004	-0.098149139	0.035409881	0.018946817	-0.156581404	-0.045054281
UMARY	1936	-0.658600045	0.169679463	0.454618069	-0.618575486	-0.153981114	0.007632092	0.53119193	-0.291739826	0.073409651	-0.010853158	-0.030046569	-0.164797729	-0.100243578	0.621507264	0.046136891	-0.007433099	0.237384395	0.197105306	-0.027943066	0.090270396	-0.179543114	-0.209895003	-0.019382007	-0.048591311	-0.056784999
UMARY	1939	1.498226489	-1.145697978	0.136053905	0.710127194	0.172107994	-0.267431227	2.043748308	-0.284351656	0.404795349	0.427699936	-0.239831177	-0.324347916	0.307210717	0.591552913	0.036261332	0.341654475	-0.32125438	0.89020438	0.511355575	0.035369428	1.040427593	-0.553145407	0.310212864	0.413654072	0.26565732
UMARY	1940	0.205045131	0.305029389	0.259260643	-0.02851121	0.229705665	-0.004644346	-0.055424188	0.103015068	0.053405825	-0.020397694	0.039460387	0.019132944	0.021859265	0.508124247	0.111779255	-0.071291697	0.305115882	0.097949671	0.027477673	-0.050738136	-0.038783426	-0.008528259	0.019894789	-0.037139787	0.079641632
UMARY	4263	0.079595892	-0.124750375	-0.178573957	0.363139235	-0.215855675	0.070871161	-0.051871168	-0.048170904	-0.054773125	-0.008915882	-0.050982333	0.002654108	-0.05206459	0.230660365	-0.399718192	0.088160636	-0.136288473	-0.02277247	-0.069040985	-0.323179468	0.018314376	0.068929041	-0.188111302	-0.082237402	0.053012897
UMARY	4540	0.075497335	-0.653424465	-0.566693235	0.045127518	-0.050239218	-0.072277757	0.344010106	0.453708182	-0.126124503	0.022630284	-0.191919533	-0.111018402	-0.103793914	0.003101286	-0.105520166	0.073755638	-0.156393535	0.138070385	-0.088012577	-0.162053741	-0.167723452	-0.029346043	0.095317191	-0.027709852	-0.097342982
UMARY	4542	0.247047807	0.124614618	0.367412638	0.038310729	-0.103445	0.055832652	0.187730839	-0.061538325	-0.056259968	-0.030234287	0.105254322	0.022119329	0.049404653	-0.160867367	0.118110633	0.047126818	0.280694878	0.012736973	-0.004293911	-0.026806713	0.150322855	-0.013265852	-0.156472144	0.008914093	0.197876639
UMARY	4543	0.295453635	-0.296964076	0.086610799	0.09243858	-0.105269364	-0.112924735	0.261893965	-0.278850723	-0.031702071	-0.033884186	-0.133304574	0.038740335	-0.093912422	-0.06604619	0.032808846	-0.108133472	0.105017011	0.03494162	0.056542185	0.046931727	0.044102306	0.010993879	-0.195753325	-0.133775823	-0.058411969
UMARY	4549	-0.16774392	0.081154532	-0.051856331	0.018595227	0.176757973	0.0452875	-0.9905095	-0.408639048	0.064066667	-0.006709779	0.037901279	0.075425897	0.035617074	-0.440245299	0.738156872	0.094876259	0.218157432	-0.224025956	0.04426726	-0.028176251	-0.080148266	-0.040697768	0.041446048	-0.080587773	-0.165006396
UMARY	4590	0.299955258	0.395467353	0.730001863	0.357058323	-0.05719766	-0.080452002	0.277505566	-0.270100727	-0.084063428	0.031474348	0.137695363	0.165816347	-0.0424221	-0.488323123	0.279024238	-0.183354911	-0.023106584	0.082876663	0.031025618	-0.011031035	-0.089568364	0.271588887	0.059305755	0.01390204	-0.26130081
UMARY	4593	0.014772854	-0.111806497	-0.329839228	-0.032661705	0.152041933	0.016944671	-0.074922284	0.057494164	-0.028504424	0.043711423	-0.014743898	-0.104866505	0.000313188	0.152289857	-0.163090944	0.027744008	-0.166981884	0.08656709	-0.062761813	0.036694808	0.018962672	-0.178619845	0.103845507	0.076663182	0.047899551
UMARY	4598	0.06281851	-0.210667626	0.026213594	-0.182273609	-0.046571507	-0.017934331	-0.283879854	-0.124638277	-0.064482932	-0.107977476	-0.035211351	-0.004239153	-0.109500376	0.099946078	0.167754804	-0.107703826	0.083653557	0.21465579	0.009655379	-0.032242862	-0.05498552	0.013616862	-0.066326324	0.002031355	-0.016418196
UMARY	4636	-0.029633508	-0.056461426	-0.001269991	-0.336864424	-0.094269192	-0.021244757	-0.126766565	-0.04333392	-0.012969635	-0.094316965	-0.089490987	-0.08246947	-0.017649126	-0.006801821	-0.083787716	-0.05954025	0.182994826	-0.021773631	-0.0048504	0.047889	-0.177972704	-0.143091689	-0.018463228	-0.083970055	-0.099318627
UMARY	4640	0.018865958	-0.249273286	-0.027052321	-0.102914294	0.043618786	-0.08615816	-0.157796411	-0.311780037	0.078839648	-0.069599785	-0.103856536	-0.17983676	-0.005607393	0.432093991	-0.153926228	-0.142978357	0.03940268	0.061101487	0.008573695	-0.081736495	-0.271734557	-0.076308018	-0.021638472	-0.038768681	-0.056802161
UMARY	4725	0.003676913	-0.278363965	-0.229918366	-0.151512225	0.050047361	-0.136172067	-0.046216057	-0.05613986	-0.022683883	-0.114228662	-0.101411669	0.028904901	-0.089950289	-0.286882794	0.272973689	-0.025274861	0.005172807	-0.013407418	-0.048139373	-0.015790713	0.104341029	-0.115206737	0.074835795	-0.081201793	-0.09311012
UMARY	4726	0.046252278	0.18821759	0.436330766	-0.071126749	-0.074549446	0.06173323	0.08362857	-0.284612786	-0.08894724	0.012640583	0.047279772	0.00378919	0.051276283	-0.361984427	0.228125063	-0.036408878	0.142778658	-0.070102464	-0.037253743	0.154766642	0.024099802	0.045553717	0.007098413	0.041274298	0.032973298
UMARY	4727	-0.184998248	-0.130610571	-0.262320624	-0.055011521	-0.116743617	0.086145584	0.324165788	0.763192856	-0.01020197	-0.041853868	0.048645681	0.065400097	0.087098974	-0.474822775	-0.227427061	0.098004754	-0.217094614	-0.30547011	-0.039481161	0.248720955	0.023908339	-0.089817941	-0.098553483	0.024851527	-0.036093877
UMARY	4729	0.338683007	-0.101026102	-0.194572229	0.586870959	0.228982818	0.015104297	0.348654872	0.148116748	0.124101511	0.059453778	0.027910022	0.067839223	-0.051603767	0.318551737	-0.070041367	0.166279017	0.048545834	0.048015573	0.086478785	-0.394521655	-0.034457931	0.032822123	-0.141342	-0.05259462	0.053323404
UMARY	4782	0.371173638	0.09055091	0.011263695	-0.029515633	-0.068043108	-0.081478657	0.085353028	-0.402840446	-0.045191129	0.047878461	-0.121163259	0.088652317	-0.164975339	0.295914362	0.735602435	-0.127286384	0.139178615	0.215643679	0.05241698	0.229553535	0.008230623	0.036237691	-0.208291466	-0.109875244	-0.110628748
UMARY	4786	0.059117547	0.165409207	0.132900345	0.157852241	-0.217068893	0.111014992	-0.385675841	0.087684012	-0.02684906	0.027913248	0.063225194	-0.021459159	0.070194712	0.033461718	-0.179644764	0.049467485	0.284937578	-0.19956792	-0.005722357	0.038468271	-0.099797912	0.087910634	-0.061456943	0.057476201	-0.062401656
UMARY	4788	0.699701129	-0.634798731	-0.434769744	0.825933698	-0.045734565	-0.048513917	0.540737917	-0.193054829	-0.255196304	0.02909423	-0.075887935	-0.30677623	-0.32502683	1.94343007	-0.45733808	-0.20519958	-0.079064876	0.557135521	-0.204106794	0.250439604	-0.259005963	0.183704139	-0.156920201	-0.019077686	-0.222445877
UMARY	4789	0.456713839	-0.412910575	-0.230936261	0.620938045	-0.096427536	0.16836778	0.506579353	-0.15851073	-0.019689431	-0.03631864	0.060546779	0.084812404	0.143365225	0.445357534	-0.311080212	0.094262057	-0.056204602	0.518700802	0.002931904	0.476725422	-0.286055496	0.209073205	-0.049132366	0.073106692	-0.124880071
UMARY	4841	-0.024236666	0.219479407	0.105718784	0.274944964	0.130304523	-0.04381446	0.147567996	0.319742246	-0.056231344	0.015855935	0.009401264	-0.062438826	0.065360475	-0.140662498	-0.193094584	-0.01906333	0.165297219	-0.088287503	-0.128435171	-0.289130737	-0.045027674	-0.086478067	0.164355219	-0.055961003	-0.041234477
UMARY	4842	-0.273184518	-0.538175809	-0.516891747	0.156064263	0.144428301	0.021112731	-0.297816632	0.534423128	0.071184879	0.169843358	0.048431618	-0.078819357	-0.044401678	0.153214573	-0.34335749	0.125931052	-0.119242088	-0.092742753	0.212265575	-0.318407704	0.037294646	0.147077738	-0.031943076	-0.053837925	0.015579054
UMARY	4903	-0.298025307	-0.041111543	0.101989626	-0.549603194	-0.103876925	-0.04299849	-0.622607691	0.34881726	0.126278017	-0.072745273	0.069422643	0.107791006	-0.007744168	-0.627078929	0.151340966	-0.036584544	-0.067009587	-0.003557199	0.033818121	0.069961248	-0.0140919	0.034634306	-0.036904768	-0.048633478	-0.000393897
UMARY	4915	-0.26499091	-0.393422698	-0.195435723	0.12998335	0.144690908	0.103400466	-0.295878058	-0.041518022	0.040675631	0.033653778	-0.011599162	0.093929314	0.075423222	-0.321470986	0.087790633	0.182391312	0.083784174	-0.038943265	-0.021731338	-0.164547114	0.030314333	0.03540809	-0.053695729	0.006919282	0.031472616
UMARY	4916	-0.141279777	0.427479715	0.402483946	0.113744859	-0.011832516	-0.1013508	-0.130036825	-0.297213015	-0.044021154	-0.001426215	-0.055464704	-0.083095483	-0.026250089	-0.077698458	-0.039769924	-0.039725008	0.063882979	0.244287893	-0.021766184	-0.09081121	0.123151212	0.056362531	0.144271389	0.023453028	-0.047041862
UMARY	4924	0.41958373	0.449280273	0.617312871	1.186806063	-0.075546	0.100698723	1.396275446	0.096182767	0.120706257	0.251353804	0.08912712	0.182334476	0.144832314	-0.07255042	-0.009050111	0.192473699	-0.158971585	-0.098167446	0.069572166	0.247985014	0.39964137	0.187680152	-0.049864088	0.185737061	0.550677724
UMARY	5024	0.074445015	0.137622555	0.27059771	-0.21743008	-0.139011944	0.062536652	0.254355937	-0.323426241	-0.031463713	-0.021047228	0.051259714	-0.040114058	-0.066289707	0.88795834	0.053974883	-0.020314315	-0.107698762	0.973894873	-0.047024962	0.195986004	0.209884047	0.032801468	0.415058785	0.037823511	-0.038698489
UMARY	5028	-0.099039504	0.040339303	0.288985575	-0.022824472	-0.089278566	-0.006733345	0.231685932	0.093745806	-0.097125503	-0.089035533	0.047169769	-0.057151812	-0.025648262	-0.237824084	-0.222399691	-0.005440058	-0.253226709	-0.059391932	-0.114239517	-0.11218737	0.079681106	-0.016902375	0.035890672	-0.059245891	0.092671043
UMARY	5078	0.013285334	-0.077926517	-0.082508204	-0.381804058	-0.080784005	-0.088012875	-0.084244184	0.052701926	-0.137550509	-0.121730879	-0.055720417	0.011316968	-0.08687992	-0.010880207	0.179595573	-0.181974836	0.068090693	-0.206263649	-0.127537212	-0.051033586	-0.178043047	-0.131597731	0.064743157	-0.118728503	-0.246921664
UMARY	5079	0.078447082	-0.044084124	-0.273557638	-0.410224056	-0.013450342	-0.002755992	0.242828119	0.335286893	-0.018310207	-0.070971835	0.05245841	-0.015132905	0.034330577	-0.182064677	-0.038487105	-0.018705935	-0.206976235	-0.150457457	-0.042646157	0.166455871	-0.102682044	-0.07203896	-0.13733881	0.002689441	0.096614617
UMARY	5081	0.048710083	0.251972444	0.108524554	0.250375243	0.110185997	-0.059664116	-0.0855593	-0.487748877	0.04739204	0.018959469	0.015941417	-0.017182599	0.051827358	-0.091936407	0.145131897	-0.056648282	-0.07128593	-0.045698807	0.072998455	-0.000962563	-0.08158989	0.07341643	-0.152685708	0.000894074	-0.01859268
UMARY	5086	-0.073979538	0.120514217	0.027028819	-0.087211049	0.167322292	0.010752416	0.14625714	-0.132341923	0.010352545	-0.039707949	0.026890165	0.063396982	0.031163356	-0.03869238	-0.111299295	-0.065765995	-0.163450221	-0.398617817	0.08120452	0.265806306	0.114290648	0.034348111	-0.098311607	0.1238626	0.0954429
UMARY	5087	-0.257375732	0.012794753	-0.229111566	-0.29405525	-0.051122654	0.086588452	-0.039626561	-0.23253362	0.011683503	0.002799545	0.048522119	0.002973142	0.058726254	0.179169101	-0.128439794	0.087062815	-0.132433148	-0.386225783	0.042327229	-0.256598737	0.096111035	0.018853508	-0.046407061	0.029922044	0.01152773
