FID	IID	1	2	3	4	5	6	7	8	9	10	11	12	13	14	15	16	17	18	19	20	21	22	23	24	25
BLSA	745	-0.174711115	-0.195844607	0.263495246	-0.149678167	-0.718063461	0.326513178	0.053032007	0.697436816	0.030372811	0.321065149	0.450056058	0.250723175	0.610512867	0.08030938	0.24966799	-0.164077085	0.259775053	0.258564706	0.224135706	0.390028887	-0.606265944	1.179856757	-1.485797763	0.092266821	0.293975944
BLSA	827	0.120574954	-0.591666924	0.738119842	0.022035901	-0.586280845	0.371792553	0.343890905	0.012707178	-0.417009801	-0.158327453	-0.204953341	0.052654485	-0.346568776	0.566435295	0.115208178	-0.166411256	0.369905887	-0.240903984	-0.206738579	0.176758661	-0.739761071	1.22416271	-0.767515709	-0.262655228	0.20786421
BLSA	1556	-0.275026234	-0.372552983	-0.222501718	0.015031422	-0.108095156	0.073779091	-0.199691805	0.346555701	-0.072695706	-0.004701118	-0.008190974	-0.156154751	-0.095661951	0.12398321	-0.102150076	0.327135408	0.305392332	-0.012081751	0.093175346	-0.289339541	-0.376347107	0.172303481	-0.359026307	0.120666755	0.32742488
BLSA	1579	-0.136862994	-0.148245524	0.041293164	-0.236306426	-0.114570779	-0.328291935	-0.307132787	-0.229561199	-0.127928281	-0.272474628	-0.321069369	-0.170283089	0.008120418	-0.219033104	-0.163128308	-0.282437007	-0.2419846	-0.266273612	-0.229903441	-0.145334544	0.243896672	-0.246872937	0.132547889	-0.148698604	-0.459339313
BLSA	1595	-0.10425262	0.396555212	-0.175206037	0.296994825	-1.544514033	0.562471945	1.036064213	0.141439746	-0.266285781	0.188150191	0.535105951	0.123453855	-0.148549014	0.168287599	-0.208951126	-1.232966383	0.306029799	-0.030927811	0.850822231	0.20470423	0.501441772	0.371456483	0.565031267	0.309659431	-0.288454074
BLSA	1603	-0.10610453	0.650245108	-0.415651688	0.096313513	0.752382233	-0.130548548	0.175775349	-0.108898846	0.066957719	0.019124706	-0.046441093	0.149891296	0.182302373	-0.164747005	-0.117323418	0.024469699	-0.131895322	-0.016848949	-0.046134534	0.020852058	0.937473768	-0.674633768	0.491940726	0.005485182	0.022593713
BLSA	1640	-0.161637941	-0.377146176	-0.216539105	0.242951614	-0.183082683	0.368106492	-0.133481427	0.142747326	-0.209348087	0.29243523	-0.093338453	0.113524862	-0.067527974	0.008896692	0.093257499	0.338687645	0.084566906	0.000701067	0.064130172	-0.181673483	-0.392449785	-0.002536788	0.291018099	0.09817771	0.08298234
BLSA	1775	0.508201632	-0.098089412	0.595672212	0.157213944	-0.163060231	-0.159858873	-0.135334565	0.014843745	-0.202959021	-0.549630085	-0.009509695	-0.293478683	-0.489220562	-0.046645129	-0.12354784	0.245849041	0.179831481	-0.076744769	-0.251949035	0.163880175	0.053122042	0.83714787	-0.393871141	-0.108506277	0.667416889
BLSA	1802	-0.033579912	0.405936234	-0.093420677	-0.156408179	0.532509263	-0.371220396	-0.204985421	0.020853988	0.127211721	-0.070289497	-0.157231885	0.050860794	-0.012529142	-0.103648085	0.054848523	0.190810173	-0.112162642	0.058557001	-0.29892025	0.174848728	0.529501553	-0.269860491	0.125501013	-0.026326946	-0.340957444
BLSA	1805	-0.177279403	0.839490419	-0.703552008	-0.129609617	0.672508376	-0.207079215	0.34494349	-0.120451476	0.243113062	-0.030632557	-0.202252606	-0.110509124	0.121985467	-0.054463141	-0.024908346	-0.057360867	-0.189830866	-0.170624193	-0.091006439	-0.074551359	0.732173759	-0.857285051	0.641255768	0.004098375	-0.529300047
BLSA	1838	0.028835958	0.031503712	0.127632697	0.021432265	0.191841892	0.005737446	-0.176090008	-0.130005531	0.218840954	-0.164983374	0.070811031	0.003238936	0.166510732	-0.2035966	0.116894739	-0.017255899	0.045381687	0.091193226	-0.018467622	0.26551873	0.07970843	-0.143226155	-0.695495829	0.012961367	-0.235379037
BLSA	1839	0.085235056	0.096159746	-0.054485957	-0.005156933	0.612693838	-0.364969933	-0.048788729	-0.07462041	-0.020953016	0.171133781	-0.163533744	-0.012612028	0.121405324	-0.144417175	0.062259367	0.287717353	-0.297596817	0.0630007	-0.146628791	0.000162369	0.063718754	-0.568217616	-0.127755819	-0.049867656	-0.233585116
BLSA	1840	0.077067099	0.119484327	-0.013697225	-0.057600152	0.281721483	-0.083620137	-0.057529993	-0.072407464	0.066273381	0.111946795	-0.163800112	-0.125935408	0.083025032	0.021427755	-0.156789166	-0.079580923	-0.189189342	-0.040378104	-0.235953706	-0.227613942	0.135133321	-0.199876292	0.080127387	0.127291787	0.087880783
BLSA	1883	0.113670441	-0.407054659	0.012451974	-0.116432027	-0.090442034	-0.147702017	-0.241905033	-0.062664802	0.108689361	-0.166982802	-0.076151782	-0.208162166	0.147623234	-0.023185363	-0.063965037	-0.053802978	-0.164801751	-0.182787617	-0.033336701	-0.26367192	-0.346648089	-0.261932573	-0.202729873	-0.140634859	-0.103490733
BLSA	1889	-0.037156686	0.479006465	0.127613195	0.020253319	0.496697385	-0.102222547	-0.171849102	-0.032704991	0.148253801	-0.014209878	0.044011697	0.027840343	0.357717693	-0.177559803	-0.090725606	0.206647298	-0.366744911	0.109426247	-0.026105036	-0.017355635	0.224068097	-0.301363403	-0.043803908	-0.014402722	-0.147842024
BLSA	1924	0.045612715	-0.22836744	-0.007885611	-0.081176585	-0.16198371	-2.41E-05	0.051759882	-0.166914191	0.019570789	-0.0117792	-0.057318322	0.101550968	0.254664192	0.113733488	0.055282212	-0.191213781	-0.022248577	0.005661202	-0.102183958	0.17266237	0.056785321	-0.457219144	0.216502438	-0.07328747	-0.459634304
BLSA	1961	-0.011285543	0.216772409	-0.466148047	0.023264533	0.508074863	-0.126216833	0.1403526	-0.139878916	0.153630826	0.278645284	-0.015921853	0.038711575	0.053043074	0.029018633	-0.027463841	0.278393501	-0.012663839	0.176630152	0.066042886	-0.072437874	0.169170939	-0.251564677	0.496655918	0.122434822	0.223074921
BLSA	2000	-0.003619173	0.670518758	-0.316893561	-0.051770604	0.419216833	-0.135234927	-0.210330857	-0.214944646	-0.156444771	-0.053912532	-0.008232553	0.115801625	-0.274563481	-0.296668789	-0.039467745	0.128387752	-0.094645833	0.063747637	-0.038373582	0.002101679	0.224721785	0.175419184	0.864786776	0.020093856	0.693203451
BLSA	2020	-0.023313713	-0.713497053	0.038856857	0.046809576	-0.5525381	0.136107764	-0.022206687	0.11933637	0.1915155	-0.021842709	0.08057369	-0.019599611	0.120861645	0.113174211	-0.002935205	0.023441677	0.106801872	-8.24E-05	-0.041120054	0.017267838	-0.303478128	0.253513702	-0.115374284	-0.037526817	-0.054958527
BLSA	2037	-0.074755628	-0.165641344	-0.012920426	-0.174464782	-0.152066048	0.040896933	-0.003976785	-0.053053187	-0.096294267	-0.185164445	-0.009794816	-0.056126636	-0.207394912	-0.106187081	-0.10755198	0.022764717	-0.047081461	0.135410792	-0.117461098	-0.236172255	-0.422224289	-0.281689531	0.256228702	-0.172797947	-0.245695916
BLSA	2066	-0.052318399	-0.053816165	0.159903021	-0.006797627	0.009030806	-0.155706661	-0.180476952	-0.028450199	0.026887669	-0.086502486	-0.036408351	-0.086315409	0.132617748	0.016673775	0.047124994	0.009099277	-0.060601989	-0.005782283	-0.113261283	-0.051907305	0.042015605	-0.087261758	0.520115688	-0.012259105	0.031168426
BLSA	2069	0.103883228	-0.06057667	-0.328372411	-0.028391785	0.338158668	0.210787817	0.133899468	-0.02509494	0.045716688	0.270521082	0.088000374	0.234929333	-0.251889045	-0.06090603	0.268648161	0.376778502	0.152231711	0.127019122	0.214908027	0.008526108	-0.03407492	-0.365117273	0.156139598	-0.046999863	0.057125205
BLSA	2093	0.069918641	-0.193608011	0.083714836	-0.016362453	0.203085798	-0.162051445	-0.247467709	-0.216065279	-0.085600752	-0.074627489	-0.106090645	-0.167031028	-0.056560462	-0.259243811	-0.023606295	-0.027972263	-0.191723224	-0.198473741	-0.11722468	-0.018059396	-0.161329937	0.072308951	0.193095811	-0.144252607	-0.322675052
BLSA	2102	0.218904166	-0.299565421	0.838521427	0.267854426	-0.643224357	0.37855431	0.061529944	0.179795206	0.2084852	0.213038035	0.411680795	0.143026683	-0.409924481	0.618361078	0.189322326	-0.187103601	0.31325445	0.151997344	0.601554421	-0.019194579	-0.610352547	0.682488319	-0.839576446	0.325079995	0.726600825
JHU	384	0.053158369	0.12304158	-0.441090987	-0.062745031	-0.108963648	-0.314710737	0.009918935	-0.016384367	-0.152332753	0.00895975	-0.078162723	-0.114572263	0.089353606	0.02027439	-0.219726202	0.074049959	-0.304261751	-0.152911337	-0.109197266	0.10773888	0.120997432	-0.481117878	-0.495794758	-0.031356632	-0.100212854
JHU	705	0.05633921	0.550767009	-0.275634247	-0.106011061	0.335302857	-0.246062344	0.167180112	-0.100030988	0.04212584	0.141732545	-0.241950807	-0.147747733	0.409295959	-0.064333029	0.237336633	-0.084582345	-0.256471539	-0.16450548	0.007010993	-0.22968801	0.546102229	-0.259029363	-0.016463365	-0.068105601	0.043507601
JHU	710	-0.016476943	-0.064421065	0.14629157	0.073684991	-0.160743491	-0.019710176	0.019513548	0.05705634	-0.025713317	0.230382942	0.028490359	0.022731546	-0.070531168	0.104633	0.077984298	0.041156785	0.000370882	0.066883267	0.079783058	0.102909158	0.032960487	-0.17045559	-0.315198443	0.006186754	0.051400394
JHU	712	0.231601604	-0.233121033	0.030575325	-0.023666156	-0.077334022	-0.059519547	-0.015641458	-0.022086066	-0.034898822	0.151571358	0.01403127	0.050703372	0.052837519	0.068184336	-0.001180414	0.142148101	-0.063816743	0.037296084	0.131339948	-0.107844109	-0.657192768	-0.070444726	-0.363531691	0.014721458	-0.14354053
JHU	713	-0.253488783	-0.071647596	0.926334123	0.278468965	-0.314776025	0.437318398	0.18584498	0.114545376	0.13509605	-0.513891249	0.0394549	-0.100700717	-0.165840494	-0.002783155	0.030368121	-0.267656041	0.461055039	0.160561576	-0.090040599	0.049013929	-0.413093222	1.439303766	-0.855359045	-0.127121426	-0.150373417
JHU	719	-0.14604625	0.50962767	-0.405538676	-0.000168188	0.491709252	-0.083299476	0.14212423	-0.112933406	0.104865107	0.185296144	0.04270704	0.100277659	0.256909476	-0.062954101	-0.101907292	0.185471018	-0.133505549	0.080340422	0.209972335	0.086357441	0.7105283	-0.552145804	0.546286464	0.073694353	-0.182304931
JHU	993	0.034807375	-0.442297964	0.256688777	-0.134437668	-0.282878164	0.336002605	-0.40364972	0.207507222	-0.186207879	-0.315962637	0.130385782	0.048051949	-0.429737912	-0.101823441	-0.12198948	-0.175216122	0.389668664	-0.065088142	-0.260046675	0.132246201	-0.655644637	0.314323443	0.502360958	0.023856422	0.072179827
JHU	994	-0.043401543	0.170504318	-0.107840098	-0.015047516	0.19360079	-0.063910255	-0.059509425	-0.260425042	-0.07921224	-0.089708796	-0.140813029	0.014485414	-0.153954513	-0.047283341	-0.00515545	-0.006605959	-0.107676364	-0.076797107	-0.126744158	-0.104970788	0.636878554	-0.32255744	0.755511269	-0.015304344	0.025287421
JHU	995	0.083506961	-0.542452919	-0.129785788	-0.010078335	-0.075917549	0.01389153	-0.045781202	0.132750931	0.196278013	0.201619943	0.205857209	0.126770773	0.011667527	0.08608534	0.104269785	0.091234603	0.014637361	0.114220717	0.157922364	-0.035762702	-0.321536376	0.102123592	0.24218861	0.123429017	0.384056487
UMARY	142	0.118350176	-0.559325645	0.275485755	0.000346474	-0.283884286	0.133164231	0.001002118	0.176769049	0.026490538	0.017675089	-0.029637472	0.028635603	-0.040197402	0.195502428	0.072804886	-0.04871528	0.040022448	0.04619191	-0.066803759	0.069722782	-0.591618757	0.207718852	-0.346534702	-0.0913759	-0.082947925
UMARY	602	0.03505232	-0.202893562	0.107303375	-0.018596352	0.248912013	-0.069269645	-0.056750182	-0.068650234	0.083959416	0.085295651	0.003390519	0.032577988	-0.003438334	-0.144513383	-0.083276673	0.19114519	-0.087961904	0.122468555	-0.084296781	0.075510492	0.028728305	-0.157035638	-0.183324555	0.054642016	0.40967378
UMARY	604	-0.22473485	0.36252404	-0.314732729	0.024549317	0.118754615	-0.060859111	0.11328095	-0.037743957	0.264024025	0.01246307	0.01869507	-0.041004843	0.049027433	-0.090160844	-0.078929578	0.015061037	0.014077482	0.036905754	0.085782344	0.083800519	0.320956961	0.018327441	0.326883435	0.037041683	-0.100841578
UMARY	813	-0.068235529	-0.082986892	-0.122400696	-0.049997493	0.118793641	0.072670076	0.118378385	0.085843718	-0.179689301	0.083707415	0.079727714	0.014954783	-0.06817257	-0.109445486	-0.117476136	-0.020864633	0.046044332	0.068155465	0.081071988	-0.001969319	-0.137683258	-0.039776124	-0.000821995	0.159330292	-0.031953
UMARY	819	0.157235957	0.23164531	0.284204666	0.112002561	0.058221185	0.08713148	0.052714762	0.040305574	-0.007351736	-0.035277213	-0.015419844	0.010980945	-0.103021406	-0.058043214	0.088051258	-0.077484934	0.028915495	-0.012580114	-0.12124535	0.056828288	0.023196524	0.055257527	-0.467407811	0.003550035	-0.233184281
UMARY	871	0.070538546	-0.079795469	-0.198599657	-0.049561007	-0.019315425	0.111410316	0.061374384	0.037329067	-0.12184314	0.03869991	0.046098884	0.082605004	0.006417831	-0.09336932	-0.104970347	-0.059710947	0.036736427	0.007386243	0.069358643	-0.016665805	-0.068993314	-0.060660394	-0.281941664	0.085362903	-0.031116585
UMARY	879	0.074635524	0.260477921	-0.010571683	-0.013294894	0.011169244	0.032546988	0.110813507	0.015523733	-0.084081871	-0.124995049	0.041690145	0.033670291	-0.121585692	-0.034822296	-0.08856766	-0.149852905	0.075863467	-0.058652013	0.048096424	0.042305513	-0.161290235	0.141640829	0.214397175	0.008552766	-0.076977777
UMARY	880	-0.005006215	-0.445764784	0.247922557	-0.07804293	-0.15072336	0.184239556	0.038509053	0.164454437	-0.061955027	0.187650545	0.172543138	0.131956211	0.226544061	-0.009541927	-0.037137335	0.056906623	0.130650561	0.129909453	0.188384855	0.095012196	-0.705484414	0.109833582	-0.495070032	0.049682252	0.099964238
UMARY	914	0.048293767	0.305762969	-0.057769529	0.139813548	0.288462863	0.042824101	0.019776824	-0.072708049	0.06358373	0.023993668	0.002431135	-0.043639286	0.03669222	0.068994511	0.186981344	0.034551998	-0.007038889	-0.027163592	-0.103817297	-0.129826644	0.12818704	0.005282657	-0.048052773	-0.073895975	0.052875132
UMARY	933	-0.098410333	-0.44668794	-0.114157155	0.007996432	0.116573931	-0.145747509	-0.253139208	-0.189994091	-0.016862529	-0.018014752	-0.121894717	-0.042400783	0.201309886	-0.168300791	-0.176571776	0.095473942	-0.154364288	0.034070797	-0.105187558	0.035250387	-0.06109836	-0.301719179	-0.183305508	0.053110193	0.049219779
UMARY	1028	-0.188611944	0.392481439	-0.510416357	-0.206950523	-0.107281384	-0.209281391	0.018938527	-0.128375755	0.048228709	-0.193627701	-0.237230428	-0.221550899	0.144192363	-0.194823199	-0.137329511	-0.059905913	-0.192351749	-0.146395321	-0.15191423	-0.092966109	0.422926826	-0.117575943	0.187832769	-0.10333083	-0.005315081
UMARY	1037	-0.06934476	0.048500159	-0.438414509	0.025572884	0.213973694	-0.143081803	-0.008016877	-0.103707823	-0.117821769	-0.060412334	-0.143719364	-0.109846133	0.050438162	-0.24252258	-0.221986785	-0.061333502	-0.178878699	-0.156896763	-0.011549919	-0.103204971	0.563352609	-0.073406916	0.13378652	-0.024782077	0.618828762
UMARY	1064	0.191875592	-0.240175875	-0.278466352	-0.223509417	0.449269503	-0.110065207	-0.115733897	0.01585424	0.192838627	0.159249112	0.093779605	0.047429618	0.253115153	-0.169508446	0.219405288	0.152297487	0.102330076	0.010631521	-0.115268052	-0.085946534	-0.300675232	-0.201325317	0.587074432	-0.019725905	-0.130538563
UMARY	1065	0.244242263	-0.213731442	0.044544868	-0.10959931	0.156825372	-0.093195992	-0.076406717	0.082531456	0.037671838	0.013332334	-0.012627347	0.110036215	0.22100127	-0.256465876	-0.037331784	0.211466492	0.233735869	0.004622524	0.017855475	0.024082445	-0.073493219	0.172812527	0.447460157	0.084624325	-0.025753791
UMARY	1076	-0.162668717	-0.064276547	0.111461958	0.187252316	-0.031987241	0.086858299	-0.00972411	0.038947884	0.048300171	0.015096995	0.061401771	0.094708306	-0.117676538	-0.004009875	0.089989761	0.070612988	0.080103511	0.040756942	0.018536328	0.081934206	0.002225394	0.279784182	0.294021145	0.006390486	0.074453641
UMARY	1078	0.050363926	-0.203603087	0.469213202	-0.083566701	-0.024103603	-0.198041435	-0.175888669	-0.211217116	-0.059604602	0.025901799	-0.230769167	-0.076336905	-0.028691913	-0.164135799	-0.030701757	0.180198086	-0.108527442	-0.192962472	-0.11627843	-0.021605325	-0.433919307	-0.182554606	-0.095849867	-0.179111246	-0.157905555
UMARY	1079	-0.036291489	0.090539245	-0.252581922	-0.100855713	0.140564446	-0.175503704	-0.153860125	-0.022916053	0.150375029	-0.162317854	-0.185218677	-0.166081211	-0.072621959	-0.086122092	-0.085651769	-0.15699066	-0.135528422	-0.154060042	-0.06802707	-0.130455893	0.164711274	-0.056059787	0.340664678	-0.074897393	0.107419787
UMARY	1104	-0.05173395	0.245238777	-0.246748967	-0.082448571	-0.050343271	-0.036536653	0.120996177	-0.081629757	0.046617348	-0.018000734	-0.002966132	-0.025542856	0.020556324	-0.056555574	-0.068912477	-0.014961376	-0.004296362	-0.046992339	0.137163622	0.026164949	-0.133613827	0.072767864	-0.290362002	0.059749364	0.037829537
UMARY	1105	-0.034785152	0.141521543	0.408371212	0.128443382	-0.322179736	0.121266583	0.065741752	0.082866932	0.135847955	0.024174509	0.070593073	0.111714696	0.036907815	0.13733109	0.069011078	-0.054502509	0.15018644	0.057010983	0.046473179	-0.03058649	0.382154492	0.283394009	0.076563586	0.055825752	-0.108476806
UMARY	1114	-0.210439964	0.025419179	-0.276638746	-0.01928176	-0.092072514	0.087246599	0.065175456	0.079556816	0.100080037	0.129189939	0.137529381	0.075406566	-0.246108469	-0.009589308	-0.072981422	0.11516845	0.069946211	0.135298565	0.251776165	-0.045002338	-0.046761716	-0.073112831	-0.365524013	0.0402848	0.087623223
UMARY	1133	-0.003805526	-0.455966016	-0.4117394	0.103345385	0.280393776	0.03507184	-0.035519444	-0.068249296	-0.224755974	0.277006683	0.096177233	0.154753032	0.788730302	0.034260948	0.041947573	0.20235366	0.019150945	0.187854873	0.131181439	-0.074997759	0.226762398	-0.39748612	-0.889760778	0.214930148	0.492280022
UMARY	1134	-0.0193057	-0.010688551	0.039006743	0.075656525	-0.034800401	0.090302753	0.024765207	0.026329328	-0.055070855	0.023688505	0.043053996	0.096413449	0.088635544	-0.058281872	-0.020993649	-0.036531993	0.041612122	0.081794163	0.057768003	0.025205332	0.15746489	0.035147976	-0.167263957	0.040957667	-0.178796983
UMARY	1136	-0.021968643	0.107582741	-0.042475774	0.031432524	-0.032656323	-0.148641748	0.036420609	-0.085696639	0.057300911	-0.097425624	-0.077239984	-0.072802994	-0.023196389	0.145086135	0.019785123	0.026139127	-0.098212169	-0.053798286	-0.019361975	-0.127811442	0.315374187	-0.136025814	0.358455746	-0.047921665	-0.020335981
UMARY	1158	0.154241939	-0.396763425	0.421918849	0.016020319	-0.033125076	0.030977399	-0.11515332	0.159102294	-0.114437567	0.009287552	0.04590516	-0.029715625	0.115830354	0.139881689	0.087759316	-0.017594515	-0.006602054	0.025744033	0.015452524	0.097864305	-0.105278065	0.042028115	-0.322143715	-0.047690847	0.033172646
UMARY	1170	-0.000251034	-0.403738513	0.17376362	0.037127889	-0.143008517	0.06545963	0.005155498	0.023234131	-0.018414674	0.010286628	0.040125245	0.028447625	0.089783922	-0.000201907	0.030689187	0.00856836	0.04517981	0.032362786	-0.002177371	0.058493922	-0.006771291	0.13654483	-0.056046588	-0.018354374	-0.091269367
UMARY	1206	0.117121689	-0.600194295	0.09632235	-0.117835626	-0.172398321	-0.004857569	-0.142606821	-0.145031412	0.114072019	0.020380528	0.030367301	-0.01070049	0.160278372	0.138924138	0.023865567	-0.023902581	0.021362741	-0.029441252	-0.036430294	0.015759576	-0.549242009	-0.00764421	-0.004218769	-0.004126755	0.151825783
UMARY	1209	-0.140228087	0.022242897	0.13487774	0.131932925	-0.253867491	0.03764739	0.012069604	-0.005835014	-0.067190036	-0.077842777	0.04780628	0.018647854	0.020208485	-0.066448253	-0.082669673	-0.058253709	0.015023408	-0.064968747	-0.034029026	0.071082557	0.097989057	-0.018935553	-0.625690331	-0.073323471	-0.259818222
UMARY	1226	-0.185882025	-0.154717368	0.027869015	-0.065987464	-0.015146643	0.229559816	0.133653153	0.022682905	-0.051881466	0.014724715	0.066315431	0.070380174	-0.361657916	0.038012374	0.097774127	0.023353374	0.077422905	0.101533659	0.034042989	0.099176566	-0.207517659	0.080813888	-0.099408905	-0.002671405	0.03071199
UMARY	1230	0.02491858	0.336068185	-0.151987498	0.03754771	-0.12849768	-0.003475772	-0.0502672	0.058916269	-0.034558597	-0.00872811	-0.015615876	0.04145246	0.135188725	-0.071751114	-0.156556332	-0.063777339	0.132572147	0.026934027	0.039436042	-0.03906741	0.151605293	-0.101012328	-0.173552849	0.080598372	0.362094972
UMARY	1260	0.0976957	0.285617289	-0.035228037	0.224254717	-0.079062402	0.152236373	0.127278488	0.154117704	-0.064244533	0.154093175	0.17662496	0.156073838	-0.204160002	0.09421599	0.104405479	0.055413077	0.185225906	0.158367839	0.182402698	-0.003812829	0.18109589	-0.038501122	-0.388948009	0.143562946	-0.00458619
UMARY	1326	0.048830402	0.262022307	-0.154086915	0.051736313	0.000475204	-0.067322486	0.227409912	0.127605382	0.104253065	-0.002721538	0.060157276	-0.029780957	-0.168686036	-0.001200235	-0.128829034	-0.080056084	-0.037344744	0.035668694	0.121106278	-0.015381513	-0.044645069	-0.015164102	-0.030904103	0.076201247	-0.10888655
UMARY	1454	0.023504192	-0.592965481	-0.030730431	-0.174392648	-0.114026164	0.015523732	-0.061415961	-0.034644391	-0.032406217	0.081988802	-0.01098481	0.054860589	0.33764536	-0.07060065	-0.045535324	0.028953991	0.019544577	-0.034909546	0.078229736	-0.045641437	-0.324837415	0.027710005	0.115029706	-0.009379269	0.128900842
UMARY	1465	0.011489961	-0.318842543	0.474477666	-0.129637468	-0.042061649	0.036452243	-0.094937439	-0.060842544	-0.146863526	-0.074147632	0.012210482	-0.112296562	-0.092310628	0.067038771	0.284847045	-0.055532634	-0.0297056	-0.059593866	-0.129670008	-0.028510173	-0.23329782	0.353979753	0.060454326	-0.149190061	-0.082878156
UMARY	1486	-0.070479831	0.165759871	-0.237913347	-0.169429928	0.077933761	-0.049028295	-0.010026732	0.002695416	0.066033458	-0.150450657	-0.076522919	-0.148708346	-0.151948209	-0.003639405	-0.050167319	-0.118808814	-0.122316715	-0.141021603	0.013462735	-0.021361957	-0.073690399	-0.167911874	0.157895208	-0.140002042	-0.049044275
UMARY	1498	0.030801981	0.163435266	-0.0147452	0.055601917	0.002486429	0.012254705	-0.037986118	0.009489494	-0.056271775	-0.064468851	-0.067282044	-0.026031398	-0.251997624	-0.091509845	-0.033125198	-0.043078222	0.009229126	-0.012945213	-0.068954796	0.054062893	-0.051919342	0.078388433	0.164796696	-0.003149944	0.009853648
UMARY	1502	-0.053447216	0.215196124	-0.242491528	-0.008947066	0.170929758	-0.074247878	0.096952592	-0.104356642	0.052204859	-0.112396677	-0.127099138	-0.14657738	0.024399233	-0.090954872	-0.21534671	-0.109901899	-0.14216524	-0.142155728	0.080022	-0.037881135	0.126508895	-0.165107706	-0.054603938	-0.032092528	0.054935239
UMARY	1535	0.048617301	-0.376488474	0.249916968	-0.002436538	0.08291032	-0.008096878	-0.015018507	-0.097779391	0.046908427	0.051024345	-0.023447708	-0.019239952	-0.07137203	-0.007557163	0.123361869	-0.080165271	-0.022216959	0.051818963	-0.029461825	0.017094448	0.021601456	-0.061239362	0.523121241	-0.076596511	-0.101800021
UMARY	1540	-0.284351621	0.284278612	-0.119827251	-0.130312678	-0.04708275	0.094370822	0.063934452	-0.009417555	-0.356199395	-0.016656967	-0.10663688	-0.006869589	-0.207326258	-0.055544545	0.061295148	-0.216446381	-0.013516544	0.027302285	-0.074265493	0.070730354	0.147226257	-0.253889211	0.419857823	-0.042554472	-0.223396117
UMARY	1541	-0.199985455	-0.108598372	0.130157948	0.11328167	0.069091716	0.055005282	0.046718508	0.110111366	-0.020028788	0.144116727	0.057025437	0.088365289	0.131314249	0.029967635	0.113759605	0.180496627	0.086155074	0.087786462	0.105045937	0.094265061	0.236907354	-0.032217886	0.007940365	0.063910535	-0.101631104
UMARY	1544	-0.164197466	0.092153055	0.101284405	-0.016081017	0.074084179	-0.107000278	-0.001922488	-0.156780929	-0.074626272	-0.014232671	-0.02542234	-0.082437562	-0.068040735	-0.146013301	-0.158528084	-0.100682326	-0.053987688	-0.049178635	-0.06390271	0.051376249	0.27619429	0.119886993	-0.076543011	-0.051975113	0.004643293
UMARY	1545	0.000617857	0.280749578	-0.284030849	0.176584555	-0.023313794	-0.012793618	-0.102669659	0.081538156	0.0197099	0.155528767	0.044791946	0.058752442	0.231503874	-0.133217575	0.035526443	0.124656824	0.08996938	0.019446158	0.09537333	-0.083252349	0.964086849	-0.067649157	-0.193311177	0.119408537	0.051398603
UMARY	1568	0.079589248	-0.374645814	-0.450803516	-0.131872512	0.002492762	0.030110867	-0.015365589	0.079782998	0.008145759	0.091545451	-0.060217005	-0.040636488	0.137268496	-0.199211256	-0.203980124	-0.012728461	-0.043752018	-0.019043898	-0.01773249	-0.020809018	-0.228893354	-0.319036644	0.166669135	-0.014136462	-0.233144071
UMARY	1570	0.002527692	0.064522386	0.046482067	-0.022719992	0.015434261	0.048981617	0.174434496	0.026353166	0.058231003	0.027969859	0.036009437	0.037757845	0.099784913	0.051206039	0.039357064	-0.035358535	0.038907535	0.031476434	-0.055011549	0.054985196	-0.166537161	-0.063073581	-0.112843006	0.030086137	-0.162179595
UMARY	1571	-0.261772576	0.510065896	-0.612291617	-0.084493597	0.18669834	-0.099974707	0.158301308	0.060853976	0.026111638	0.074650944	0.040226667	0.01087818	0.036083102	-0.199845256	-0.213708207	0.080015394	-0.059955186	0.062435594	0.064446384	-0.068805656	0.44873973	-0.176999029	0.196135062	0.112735061	-0.037387635
UMARY	1578	-0.089620589	0.478725289	-0.022389247	0.019420808	0.135327596	-0.152258923	0.020825489	-0.156575856	0.093167714	0.005921293	-0.086886399	0.042046829	0.054924636	-0.177729792	-0.016319648	-0.131869437	-0.087393345	-0.027211409	-0.105691247	-0.057632964	0.78992853	-0.260168502	0.654738233	-0.0297942	-0.02743166
UMARY	1583	0.074779619	-0.761089951	-0.162486401	-0.054135146	-0.291270725	0.14765888	-0.08611742	0.085710222	0.093668293	0.135151781	0.081344762	0.132771998	-0.128414981	0.019606321	0.162313526	0.071072481	0.135048174	0.107939712	0.019243741	0.07342135	-0.755737368	0.031811479	0.20803697	0.001982413	0.222384423
UMARY	1584	-0.079447066	0.089377105	0.206885233	0.007744245	0.014340976	-0.071422746	-0.107156257	-0.048168795	-0.142059546	0.125742642	0.021149199	0.0137129	-0.016815727	-0.117566293	0.049131835	0.101180031	-0.033099782	-0.024159251	-0.03592647	0.027773262	-0.091794029	-0.200836195	0.246342847	0.084963343	0.032483101
UMARY	1611	0.161677472	0.346413416	0.097062589	-0.030843826	0.39352622	-0.249334369	-0.117310595	-0.119131237	0.031385574	-0.061996187	-0.150257422	-0.06483782	-0.149469673	-0.070024742	-0.045794685	0.060824296	-0.305467044	-0.007078526	-0.184386737	-0.030244997	0.067768053	-0.234960024	0.214298216	-0.020401139	0.020159757
UMARY	1612	0.097514037	-0.268273274	0.792055496	0.092208195	-0.007519151	-0.018785603	-0.102435748	-0.144770525	0.207146666	0.152715066	-0.035885413	-0.0547436	-0.001623397	1.067919711	0.067415812	0.17581109	0.01591549	0.097048646	-0.100101092	0.064286953	-0.274998473	0.16341763	-0.720377614	0.041482115	-0.005864025
UMARY	1613	0.088314473	-0.41631435	-0.240934475	-0.140044142	-0.081679239	0.050637896	-0.134565083	0.065409131	0.081054096	0.131095559	0.060267442	-0.005414542	0.243884342	-0.156617345	0.124798138	0.030899289	-0.006217697	0.089371458	0.043778737	0.012507359	-0.86492227	0.298191646	-0.453176375	0.065581231	0.013327799
UMARY	1614	0.066849611	-0.066493699	0.174821151	0.00757584	0.194466653	-0.0216139	-0.02634674	0.00492191	-0.013173626	0.090693123	0.001690761	-0.042296572	0.184570464	-0.072692402	0.276810729	0.03589482	0.01615848	0.036180372	-0.078458718	0.0773665	-0.252515881	-0.24127227	-0.344887765	-0.017013755	-0.139844837
UMARY	1648	0.104713419	0.351542525	0.127777566	0.0339384	0.044967958	0.035650082	0.032928112	0.002891933	-0.082836722	0.032947787	0.022382036	-0.017329226	0.159139867	-0.163678027	0.013043229	0.022764639	0.021914616	-0.007757806	-0.066935887	-0.099600755	0.18593806	0.076992805	-0.189406505	-0.009349542	0.065018861
UMARY	1652	0.181280571	-0.601083299	0.036379552	-0.184764646	-0.172571122	-0.117132368	-0.137545166	0.059015984	0.111935784	-0.034723828	0.049414184	0.000387423	0.171934367	0.009271084	0.20088702	0.054425841	-0.086619054	-0.016688314	-0.029657029	-0.055677969	-1.010761647	0.040370927	-0.281040223	0.061693749	0.049149441
UMARY	1668	0.235983065	-0.0918965	-0.149261493	0.141567546	0.031216549	0.122320672	0.112217443	0.090002749	-0.073485174	0.030825316	0.080488651	0.138335363	-0.073625563	0.000689011	-0.033838479	0.084125915	0.074303583	0.130646563	0.081662352	-0.092402698	-0.243967784	0.172818791	-0.241142955	0.080240167	-0.043751552
UMARY	1710	-0.091840067	0.11495048	0.142239555	0.048008961	0.053793371	0.021634705	0.025545274	0.014689691	-0.122229585	-0.001385425	-0.005789512	-0.005566647	-0.055086704	0.074282948	0.166765002	-0.081021851	-0.117223106	-0.095213898	-0.076866999	0.107599809	0.290290391	0.111725878	0.004009858	-0.073099097	0.295954158
UMARY	1712	0.162257345	-0.105327826	0.213524364	-0.058020064	0.090516612	0.109929605	0.147889269	0.041166888	-0.055026574	0.078829019	0.169967495	0.097772153	-0.238845426	0.136211165	0.126747563	0.046675893	0.042670696	0.082072097	0.04123029	-0.004105421	-0.183001796	0.133050196	-0.181265573	0.088809306	-0.044471788
UMARY	1713	0.053752122	-0.019174919	0.00770106	-0.032221249	0.086665461	-0.059264095	-0.087820787	-0.046804236	0.066533315	-0.024433784	-0.059742871	0.008065153	-0.070655109	0.117337464	-0.097272491	-0.061414844	-0.142338864	-0.022124612	-0.035094776	0.042326982	0.039197476	0.155151708	0.120630588	0.026667403	0.004876907
UMARY	1715	0.073319643	0.116181682	0.123322785	0.024541226	-0.097027826	-0.018480997	0.052530624	0.00402758	-0.020066341	-0.035177061	0.056996228	0.00068131	0.019081039	0.021531924	-0.112260023	-0.114499161	-0.004760006	0.036643827	0.026016413	-0.094519796	-0.076715924	0.120574704	-0.230341765	0.058385822	-0.241367455
UMARY	1792	0.041890528	0.339317441	-0.105916824	0.097657681	0.220642598	0.092195321	0.165534766	0.10256686	0.054590723	0.026143912	0.09079796	-0.031829783	0.031670592	-0.050142116	0.144319936	-0.021829502	-0.088208779	-0.031108398	-0.052372001	0.045578037	0.355912423	-0.212622777	0.314941774	0.044556181	-0.088246509
UMARY	1795	-0.082683654	0.232846831	0.182934798	0.149314878	-0.070887473	-0.012404508	-0.093107174	-0.062781298	0.02251658	-0.07010549	-0.033349951	-0.011870807	0.019946796	-0.006662433	0.162491555	-0.071393327	-0.128938376	0.002432741	-0.069825715	0.059177298	0.154061235	0.024603784	0.80136474	-0.056128666	-0.180837032
UMARY	1797	-0.091041916	0.377564742	-0.053281798	0.129787161	-0.04137914	-0.00097513	0.070152052	0.027906827	-0.075070362	0.064949029	-0.076759006	-0.090074781	-0.182855369	-0.028132792	-0.093667426	-0.080416072	0.122467416	0.003606352	-0.058685633	-0.101396852	0.325757224	0.112612224	-0.128525478	-0.132240917	-0.216669961
UMARY	1825	-0.038190957	0.353017092	-0.125029461	-0.007662629	-0.138829088	0.001871067	0.016425117	0.045147822	-0.1122345	-0.081990825	0.006501332	-0.029765644	0.044402311	0.006466263	-0.026098775	-0.060511484	-0.053019722	-0.026884644	-0.143934412	0.000717818	0.372854812	-0.01162853	-0.050387423	-0.028787091	-0.114060845
UMARY	1827	0.08299653	0.390869692	-0.248479929	0.053163424	0.162130769	-0.055717823	0.057667818	-0.087859963	0.075639996	0.047168443	0.024518166	0.027607774	0.142879416	-0.169147953	0.099929583	-0.000816291	-0.08127346	0.038820525	-0.050672556	-0.001742689	0.622400132	-0.369651843	1.102810103	-0.040350872	-0.145394454
UMARY	1830	-0.05856451	-0.340245888	-0.123434527	0.057230953	-0.18036896	0.110884926	-0.030966721	0.196324939	0.185964116	0.19904257	0.195964769	0.194950685	0.320899488	0.018620401	0.201120653	-0.039630427	0.224922211	0.168810203	0.113122897	0.136369222	-0.48032537	0.141345459	0.192362788	0.092075269	0.096087646
UMARY	1846	0.013757215	0.047067378	-0.242578189	0.010259592	-0.080491147	0.038020951	-0.013877887	-0.020104157	0.017584446	-0.085862833	0.024973128	0.044636187	0.055444282	-0.028702357	-0.149426583	-0.110055599	-0.024386441	0.000432622	0.077974319	0.014088487	0.30591861	-0.140064938	0.236396314	0.005440641	-0.099232636
UMARY	1847	0.114623798	0.199994466	0.293006089	-0.001150709	-0.292394499	-0.006957651	-0.057964051	-0.008769761	-0.174114836	0.064582191	-0.02557011	-0.015149095	-0.136683958	-0.230652875	0.135406114	-0.011069092	-0.03940866	0.011323676	-0.06653054	-0.022348434	0.277135856	-0.131560025	0.731538665	-0.001915432	-0.358691119
UMARY	1849	-0.069050774	0.088889766	-0.263741614	-0.108872566	0.142479627	-0.056695837	-0.031904823	0.027594468	0.210882533	-0.114297463	-0.103618313	-0.033886727	0.201739589	0.042645898	0.0497279	-0.05578293	0.020051688	-0.106187803	0.038344943	-0.019380103	0.175698626	0.080803583	0.586460825	-0.041720206	0.04150313
UMARY	1862	0.036824554	0.335013826	-0.151739028	0.122818463	0.248947556	-0.003001857	0.024985428	-0.003648503	0.0265041	0.138723094	0.05258573	0.109042749	0.009898393	-0.050347216	0.179000335	0.041039342	0.13294778	0.078533449	0.032741992	-0.015178701	0.212050667	-0.064163742	0.491332171	-0.010737085	-0.179816574
UMARY	1865	-0.072129395	0.152121898	-0.027780636	-0.013065915	0.010035477	0.031669047	-0.007301302	0.017341641	0.005536322	-0.003708668	0.05012226	-0.019032855	0.26643092	-0.051182703	-0.015800806	-0.090722248	0.01373526	0.073357151	0.152416348	0.245915536	-0.089232681	0.093726151	-0.086284708	0.031380231	-0.162225243
UMARY	1866	0.149602409	-0.062553799	0.232242644	-0.052058039	0.002788901	-0.096900402	-0.081977902	-0.13887754	0.026456376	-0.099809181	-0.049922406	-0.090430807	0.042915932	-0.035047784	-0.065820478	-0.067081246	-0.142261906	-0.121890243	-0.152424977	-0.001760572	0.060039599	0.018682647	0.264165787	-0.144722192	0.044286638
UMARY	1867	-0.056454156	0.397136766	-0.268960637	-0.046402558	0.138917152	-0.002652267	0.154880452	-0.057236019	0.094533777	-0.009210605	0.009965311	-0.113666446	0.082770488	-0.166161309	-0.123849467	-0.025967455	-0.048670533	-0.018913341	-0.000924735	-0.016326772	0.12997928	-0.044210249	0.065831169	0.006318765	-0.132741123
UMARY	1902	0.026719411	0.090089046	-0.046304207	-0.06731814	-0.09763143	0.059424606	0.116229873	0.071300752	-0.050500668	0.014865966	0.045140485	0.007369577	0.069133052	-0.023710462	-0.013786357	-0.015683253	0.111323506	0.040192213	0.075961116	-0.047841899	-0.217174005	0.066292313	-0.159617419	0.025280707	0.113787467
UMARY	1903	0.037211749	0.359986277	-0.057715264	0.075649522	0.001058636	0.080115223	0.140119868	-0.017349803	0.015872595	0.068404098	0.141468497	0.138723782	-0.008533207	0.195087572	-0.088742798	0.058300343	0.019624545	0.105454307	0.149035368	-0.069814564	-0.154202294	0.143033697	-0.182861068	0.057882626	0.313567923
UMARY	1907	-0.027365811	0.013573406	0.463607273	-0.082733751	0.091724809	-0.117670212	-0.019750857	-0.150584796	0.036897095	-0.132021391	-0.175631456	-0.117912605	0.112778202	0.047965512	-0.156160513	-0.194521954	-0.11867109	-0.072015426	-0.100581663	-0.032552263	0.203129552	-0.054813309	-0.205614259	-0.104305903	-0.07752931
UMARY	1917	0.250761441	0.246780708	-0.034266973	0.213378732	0.304306702	-0.16262894	-0.049951786	-0.095119625	-0.037187377	0.038026269	0.037628487	-0.014995706	-0.225522547	-0.065819652	0.037345274	0.021410056	-0.022908079	-0.074096063	-0.013943234	0.126436289	0.129647465	-0.068597361	0.210996251	-0.160369423	0.154537622
UMARY	1935	-0.1399485	-0.281725193	-0.312974739	-0.129404535	0.046617997	-0.150701367	-0.153661421	-0.018987518	-0.082211947	-0.080166521	-0.188948597	-0.096979472	0.137228406	-0.174302564	-0.025791013	-0.051636633	-0.116890435	-0.162943372	0.000524255	-0.169145408	0.275602118	-0.244992744	0.054078956	-0.068186956	-0.031436453
UMARY	1936	0.049146271	0.164249065	0.186081025	-0.050579113	0.149633645	-0.074909372	-0.0430073	-0.163439215	0.069684266	0.062322063	0.032929751	0.068487697	-0.021711983	0.263729385	-0.092576409	0.040537125	0.058775287	0.007902457	-0.117879027	0.047340773	0.301880176	-0.045439689	0.096528421	0.158926476	-0.002554276
UMARY	1939	-0.099478133	-0.118168631	0.540276433	0.237251686	-1.046653221	0.621202578	0.300237166	0.588283715	0.284474157	-0.933869434	0.13888018	0.006901531	-0.968923995	0.220370983	-0.062013702	-0.074523101	0.489739176	0.025751117	0.217750059	0.198151956	-0.510751069	0.951079497	0.049843096	-0.198365978	-0.317306236
UMARY	1940	0.001739231	0.07208686	0.054421996	-0.03290611	0.290357487	-0.139202196	-0.116713545	-0.097009669	-0.211701163	0.062707345	-0.023407605	-0.067130201	0.055600776	0.108384784	0.218796697	0.085283144	0.012625188	-0.051343791	-0.143877086	0.221744457	0.025532998	-0.040065362	0.30107387	0.131486756	-0.077713983
UMARY	4263	-0.020634653	-0.50798258	0.158765263	0.047749814	-0.252809649	-0.044679307	-0.12793425	-0.070976474	-0.042850296	0.077141704	-0.083165712	0.079491876	-0.469765491	0.014812882	-0.017285877	0.08958291	0.090876756	-0.107006765	-0.010836643	-0.111283314	-0.377477606	0.453803389	0.068398069	0.001241896	0.268480601
UMARY	4540	-0.14153055	-0.144300479	0.007254833	-0.098508033	-0.214920188	-0.006655814	0.142006615	-0.025189129	-0.128167396	-0.173947301	0.013451178	-0.126295453	0.060585165	-0.089559692	-0.308120822	-0.193007146	0.069574079	-0.059004304	0.245873483	0.00892629	-0.019458004	0.167762209	-0.687912119	0.081778251	0.193755715
UMARY	4542	-0.044370645	0.210082323	-0.046172184	0.039166355	0.095669225	-0.046425888	-0.097319096	0.006963916	-0.28447679	0.137934429	0.034325127	-0.037774786	-0.042383696	0.001455878	-0.15547377	0.104450896	-0.014959672	-0.009849184	-0.005831487	-0.010953304	0.012411068	0.077829461	0.194798837	0.0515381	0.075349666
UMARY	4543	-0.1809981	0.343140703	0.138690997	-0.037397918	-0.216446963	0.066672024	0.021080974	-0.053313676	0.015438563	-0.182473216	-0.022059654	-0.063897765	-0.127961929	-0.054927051	-0.014953172	-0.104930708	-0.017306114	-0.060553184	-0.059052756	-0.101972007	0.063016093	0.162899689	0.063019452	-0.033784703	0.161853158
UMARY	4549	-0.061930422	0.602968248	-0.429760553	0.094936635	0.189467947	-0.004817562	0.286128227	0.055317877	0.081854668	-0.022974295	0.032958365	0.015659685	0.225752107	-0.02445182	-0.013029769	-0.007270434	0.060204371	-0.034408974	0.031163947	0.222185296	0.300973019	-0.127591755	0.070869513	0.032570024	-0.060154394
UMARY	4590	0.039245447	0.226065957	-0.186347061	0.067045876	0.001401719	0.039816085	-0.260494908	-0.1269303	0.18920468	-0.10515607	-0.033759433	-0.07142373	-0.055925844	-0.025150854	0.318007952	0.175043846	-0.056957304	-0.044162046	0.076905416	-0.24418579	0.126373991	-0.301658623	0.04507106	-0.194566455	-0.106550302
UMARY	4593	0.143699212	-0.306425912	0.028915461	-0.043744921	-0.159154278	-0.008838173	0.006305977	0.010229005	-0.151299193	-0.00839944	-0.001917385	0.013532501	-0.030844827	0.006638709	-0.002754537	-0.121619116	-0.049136457	0.011220089	-0.007384674	0.001465382	-0.175354732	-0.050447732	0.152120471	-0.056058492	-0.179839015
UMARY	4598	0.070383879	0.222919104	0.144170338	-0.100884073	-0.072495094	-0.139965698	-0.002655724	-0.108077538	-0.031399092	-0.023766375	-0.066482831	-0.07293064	-0.109353927	-0.090330123	-0.07736121	-0.025277921	-0.177624672	-0.032872101	0.015661638	-0.177812813	-0.013468583	-0.059357704	0.217842589	-0.090400513	0.05092158
UMARY	4636	-0.146101408	0.273775133	0.113250971	-0.032496579	0.159000228	-0.128695646	-0.058441853	-0.054880248	-0.000340662	-0.051404871	-0.03655994	-0.065067535	0.005847792	-0.088802094	-0.071520228	-0.081497642	-0.138319057	-0.086841298	-0.080292061	-0.036004553	0.280619391	-0.196554533	0.39928493	-0.00997635	-0.204745227
UMARY	4640	0.062534492	-0.185866297	-0.006277279	-0.177304666	-0.070095979	0.006215926	-0.11834286	-0.026463871	-0.24342668	-0.151643158	-0.037919771	-0.096497393	-0.22734181	-0.076595423	-0.146999852	-0.119065621	-0.008899072	-0.130719537	-0.097339168	0.045422549	0.110263616	-0.025616131	0.374968872	-0.075609823	-0.102118346
UMARY	4725	-0.115299188	0.042755707	-0.304506952	-0.077924121	0.083188441	-0.005496721	0.145333876	0.022136854	0.053976551	-0.168545934	-0.056412444	0.028081939	0.054661338	-0.138060349	-0.24930224	-0.159066951	0.091875672	-0.038934027	0.237577969	0.057752658	0.185892782	0.072338086	-0.041184483	-0.054388795	0.056674682
UMARY	4726	0.049401438	0.354489305	-0.183714374	0.129623737	0.188237374	-0.029326073	0.039287571	-0.016182398	0.145717893	0.048721661	0.044470076	0.06294845	0.001314495	0.20311772	-0.021482372	0.064127959	-0.037852679	0.043514709	0.034538321	-0.091994957	0.441516014	0.056507719	0.019415281	0.035642726	-0.045634905
UMARY	4727	-0.063993287	-0.077431864	-0.013469303	0.030255689	-0.078669921	0.012594038	-0.11372068	-0.129374714	-0.171255021	0.100073347	-0.023205381	0.037945239	0.19683161	-0.010644313	-0.082297564	0.089415075	0.004500004	0.084235357	0.124270496	-0.060402181	0.343330987	-0.091264954	-0.313723994	0.039462792	0.298972841
UMARY	4729	0.05918229	-0.456483596	-0.045168654	-0.013115689	-0.46797825	0.186906772	-0.10911179	0.118973707	0.065899358	-0.025827027	0.062273681	0.07171461	-0.045116172	0.103149521	-0.003469572	0.035925538	0.269033967	0.01298713	-0.075195576	0.068742225	-0.356129075	0.219239273	-0.488283943	0.02823995	-0.037282765
UMARY	4782	-0.103792303	-0.028642409	-0.102919488	-0.043885092	0.118195185	-0.069350917	-0.115115957	-0.071784702	-0.101096231	-0.110592399	-0.145919587	-0.02707848	-0.127447338	-0.021726917	-0.11875946	-0.098607651	-0.083487349	-0.150584096	-0.113900908	-0.052213116	0.049162687	0.021430495	0.189224094	0.019626874	-0.095795865
UMARY	4786	0.055782888	0.213081843	0.056986568	0.064125727	0.038478472	-0.045651379	-0.089588762	-0.0276546	-0.064835022	0.043614014	0.094585774	0.003216229	0.182901107	0.046151802	0.072906372	0.114206024	0.031870386	0.043584072	0.014022667	0.089871223	0.05652835	0.029782211	0.388090365	0.062577151	0.076907336
UMARY	4788	0.106226385	-0.735500385	0.331583106	-0.094605639	-0.460115745	-0.071647841	-0.155351564	0.028070835	0.05992341	-0.24238013	-0.246714081	-0.112951557	-0.397082545	1.324529412	-0.061364748	0.173226322	-0.170592885	-0.200629112	-0.320374707	-0.151143294	-0.394373905	0.647975545	-1.288709057	-0.125004188	0.202200755
UMARY	4789	0.122775012	-0.34285167	0.652240722	0.205690905	0.066346303	0.0801349	-0.001894102	0.019614814	-0.031117439	0.092794418	0.004511028	0.145020766	-0.543020699	0.514480822	0.08611385	0.119566295	-0.1193471	-0.004946914	0.106214578	-0.271570516	-0.200237904	-0.264652268	-1.292997373	0.018917113	0.409815373
UMARY	4841	0.08317087	0.306666221	0.340675712	0.050134327	-0.21291515	-0.004719121	0.127956098	0.011092362	-0.238611343	-0.017946338	-0.014577776	-0.018414496	0.173523298	-0.032343902	0.126483352	-0.077370392	-0.070022438	0.0215755	-0.128430121	0.070232282	0.156808427	-0.029681209	0.243604056	0.068936598	-0.317180208
UMARY	4842	0.192432411	-0.423794066	0.202158916	-0.192967833	-0.196348085	0.007958752	-0.090317179	0.119379825	0.134731667	-0.04899499	-0.071768089	0.061512707	0.261776072	-0.023107606	-0.036941797	0.045301515	0.183140711	-0.006710058	-0.051032164	0.125860816	-0.808423638	0.385164478	-0.493948705	0.075841216	-0.072467478
UMARY	4903	-0.041508599	0.029727012	-0.280664706	-0.017443946	0.098376137	0.003353668	0.040161632	0.027352587	0.152587952	-0.024883159	-0.070517559	-0.004073211	0.083884419	-0.097917044	-0.12076423	-0.072220126	-0.003221645	-0.045065455	-0.04937483	-0.012681382	0.323987674	-0.114643367	-0.348061819	-0.058434583	0.320448905
UMARY	4915	0.024731825	-0.006259684	0.052761231	0.040692623	-0.091240497	0.071025515	0.221163332	0.096902598	-0.002855959	0.03455869	0.086266653	0.079099237	0.137499161	0.080857439	-0.024476352	-0.067327116	0.080017431	0.026532954	0.19106454	0.025963539	-0.252982286	0.040074491	-0.410414168	0.096110567	-0.144934024
UMARY	4916	-0.014597804	0.44914029	0.178106774	0.027239406	-0.051566711	-0.080566686	0.128582916	0.04508885	0.125464195	-0.072345975	-0.009116895	-0.122324562	0.057952408	-0.003919291	0.178514346	-0.015559676	0.016803853	-0.070322424	-0.054210216	0.046921458	0.158855586	-0.108038998	-0.133989682	-0.053159179	-0.144976748
UMARY	4924	0.106208519	-0.145322993	0.419946759	0.140908811	-0.451182417	0.333400771	-0.052890093	0.052516155	0.016986346	0.239193687	0.159675444	0.120079994	-0.37948245	0.299403962	0.294650507	0.240384369	0.097983797	0.23605138	0.130653318	-0.056123071	-0.030597385	0.292248867	-0.317074013	0.027149106	0.068034904
UMARY	5024	0.138611023	0.197017461	0.161609615	0.058578943	0.197540877	0.033184317	0.129713401	-0.105637366	-0.261326961	0.069909826	0.010889917	0.005975186	-0.02900576	-0.009208345	-0.079507635	0.010210771	-0.040167863	0.025184483	-0.001157847	-0.003486159	-0.469219471	0.045227363	0.220449475	0.053756043	0.140202602
UMARY	5028	0.045005782	-0.132262272	-0.155824116	-0.104246781	0.140597499	0.019631491	-0.086517917	0.009430647	-0.141184584	-0.080049313	-0.031248872	-0.119306841	-0.002657908	-0.156509159	0.016903955	0.012400313	-0.004243056	0.001319048	-0.039994561	-0.114105364	-0.158397149	-0.31852158	0.460951184	-0.132504035	-0.089352948
UMARY	5078	-0.172181099	0.112993862	0.070166399	-0.074862871	0.355688164	-0.127438404	0.085150111	-0.066390884	0.116716274	-0.070786412	-0.08324391	-0.138031987	0.083928196	-0.074336216	-0.122330293	-0.080753358	-0.159629152	-0.11820703	-0.005644568	-0.069146435	0.16658668	-0.200745779	-0.017967941	-0.035376605	-0.083323072
UMARY	5079	-0.15911006	-0.281697435	-0.055939932	0.009235836	0.08605809	-0.001339637	-0.029415172	-0.001396533	0.017166746	0.048111154	-0.017325651	-0.02428483	0.009735458	-0.051942695	-0.106959654	0.04381688	-0.08574039	0.012118128	0.058437881	0.160019763	-0.032915264	-0.113973966	-0.112877711	-0.016225725	0.012623137
UMARY	5081	-0.062491279	0.144756365	-0.461187071	-0.000366722	0.240759133	-0.041012297	-0.032949157	0.059840759	0.000176633	-0.030877097	-0.000626507	-0.02732892	-0.101080068	-0.042462508	-0.011171716	0.054053	0.049845596	-0.071806649	-0.112047881	0.062740425	0.079730982	-0.072727617	0.246173225	-0.049389368	-0.037698214
UMARY	5086	-0.006242738	-0.292646855	-0.293481553	0.006936138	0.091496789	-0.041636825	-0.101056696	0.112103287	0.1603393	0.052013937	0.047870298	0.054289349	-0.140361362	-0.022186625	0.187419889	0.140768754	0.004542719	0.126125542	0.004240778	-0.092754051	0.018915725	0.00324736	0.064923192	0.004544006	0.38318015
UMARY	5087	-0.149114848	-0.448514161	0.036350097	0.077451729	-0.093835368	0.026573716	-0.029825815	0.004934916	0.21309952	0.145823193	0.127130749	0.101275898	-0.096513861	-0.024730215	0.229142902	0.045603686	0.031525528	0.136096921	0.069359704	0.027453041	-0.361295507	-0.107491009	0.209482682	0.061028379	0.005154598
