FID	IID	1	2	3	4	5	6	7	8	9	10	11	12	13	14	15	16	17	18	19	20	21	22	23	24	25
BLSA	745	0.467882024	0.401584854	-0.560936634	0.316039397	-0.06208157	0.49363305	0.241793416	0.394171701	0.244673083	-0.310359439	0.252834425	0.215128085	0.24907913	-0.164513562	0.297749353	0.650238376	0.427629463	-0.211089828	0.444599526	1.066088563	0.093505923	0.148780453	0.383024252	-0.522358059	0.252778483
BLSA	827	0.769975068	0.066954771	0.083512252	0.164708852	-0.069112841	0.04753526	0.150098026	0.285545989	-0.49398693	-0.871073465	0.03297848	0.187885019	0.312926715	-0.347881466	0.117036755	0.386234933	0.293195665	-1.382567833	0.414000829	0.607033701	-0.250347587	-0.041391878	0.192670846	-1.048071515	-0.283782337
BLSA	1556	-0.101278826	0.300396099	0.080270759	-0.082363361	0.172876596	0.163954621	-0.079732729	0.047900032	0.368655952	0.15115458	0.142105458	0.004102909	0.057982808	0.191455651	-0.017520428	0.069261085	-0.109785755	1.259267468	-0.05108231	0.006493823	0.25762218	0.398594799	0.299492203	-0.318996972	-0.393518449
BLSA	1579	0.250020683	-0.137542956	0.227550029	-0.21089757	-0.183689057	-0.279515965	-0.201599198	-0.109430983	0.22982833	0.541846262	-0.180381493	-0.044703768	-0.100958037	0.031394364	-0.236177132	-0.349203156	-0.289057806	0.160405436	-0.148776978	-0.104054414	-0.126359609	-0.125329059	0.002457016	-0.337870601	-0.103309132
BLSA	1595	-0.024750312	0.338097767	-0.389391787	-0.522625468	-0.140920175	-1.504486914	0.209794897	0.821425606	-0.261797988	-0.336083761	0.317069653	0.125827599	0.523910423	0.232949542	-0.761441406	0.884368692	0.467938649	-0.399422322	0.411743462	0.612214414	-0.408889856	-0.002587032	0.094449901	0.209441386	0.303878543
BLSA	1603	-0.215358947	0.146825563	-0.149687273	-0.106010463	-0.167520686	-0.063990251	0.005695533	-0.161114501	0.670572598	0.193170229	-0.105367944	0.03884285	0.02826673	-0.136055127	0.16109369	-0.244530721	-0.104693118	0.024590777	-0.227729686	-0.337866436	0.043087265	-0.173191094	-0.182330342	0.758099119	0.420183798
BLSA	1640	-0.076035395	0.245662235	0.294507214	0.120605984	0.065042273	0.148723873	0.058737408	-0.035297918	-0.060873971	-0.044356081	0.007521968	0.102941101	0.121538051	0.079958782	-0.140563467	-0.06938385	0.046330575	0.484278315	-0.01817874	-0.154458147	0.070770993	-0.017388884	-0.157360296	-0.288460686	-0.051217713
BLSA	1775	0.834741248	-0.259230272	0.009030575	-0.310875748	-0.075164889	-0.150453474	-0.210896454	0.179504005	-0.634997586	-0.274382982	-0.004171103	-0.426142273	-0.019376691	-0.323925761	-0.022679549	0.064944449	-0.097080907	-1.304367169	0.106288527	-0.287694915	-0.420038408	-0.13179823	-0.162829659	0.10934397	-0.024089847
BLSA	1802	-0.235467799	-0.062882268	-0.013482739	0.089920796	-0.076515852	0.200151516	-0.020329182	-0.293905327	0.43123224	0.161533101	-0.104305051	-0.155154454	-0.04672395	0.183076275	-0.147169489	-0.172041667	-0.047892238	0.138974657	-0.061450348	-0.210924103	-0.027387537	-0.040581996	-0.312034301	0.461147072	0.13210021
BLSA	1805	-0.122860937	0.109644214	0.160219152	-0.013641293	-0.186238131	-0.193337124	-0.198950418	-0.077607545	0.713876906	0.457690248	-0.258127557	-0.10554682	-0.004107892	0.220716147	-0.1952791	-0.156906056	-0.055188964	0.133766522	-0.305500816	-0.243941028	-0.106305546	-0.179980459	-0.378890348	0.674345299	0.161159531
BLSA	1838	-0.116335676	-0.184710921	-0.213991569	0.031799124	0.005936156	0.111750787	0.07558726	-0.003125517	0.351215012	0.171111551	-0.108217318	-0.084734947	-0.084490042	-0.116530172	-0.035415118	0.09592176	-0.056212417	0.298165319	-0.081037159	0.100566682	-0.005896032	-0.064082188	0.224173889	0.053914624	-0.0125703
BLSA	1839	-0.150769315	0.000751878	-0.003324525	0.251783532	-0.055552823	0.218690812	-0.10612246	-0.261920864	-0.107689486	0.197797436	-0.098933716	0.070802234	-0.094796804	-0.043513542	0.161579816	-0.395035326	-0.219540605	0.090436161	-0.225671405	-0.107282018	0.145568827	-0.031224036	-0.15778205	0.306840139	0.220431391
BLSA	1840	-0.104341741	-0.221574553	-0.118280327	-0.022053944	-0.008517323	0.172265561	-0.140025738	-0.131168097	-0.329494515	0.341627001	-0.145562129	-0.208214115	-0.253670162	-0.033358001	0.231957937	-0.36359515	-0.209882767	0.21372321	-0.247267358	-0.330922986	-0.110319947	-0.134087387	-0.108648362	0.161802201	0.086315296
BLSA	1883	-0.39302519	-0.125815518	-0.002340966	-0.089283119	-0.116074604	-0.111042721	-0.002763849	-0.148252238	-0.009138384	-0.229254567	0.031568718	-0.05253454	-0.168866526	-0.081339421	0.138107214	-0.150509289	-0.044810684	-0.126084811	0.071961227	0.155014588	-0.044079932	-0.129730869	-0.059654938	-0.016641808	-0.063801855
BLSA	1889	0.054621526	-0.062846288	0.138672802	-0.012098061	0.061899358	0.180845238	-0.087666201	-0.233042955	0.035613956	0.402378629	-0.072062065	-0.018967614	-0.159673783	0.012794456	0.253051727	-0.195860439	-0.104271612	-0.246951161	-0.225307852	-0.398777871	0.150065369	-0.166081749	-0.295281372	0.436017045	0.27247611
BLSA	1924	-0.405165798	-0.229446891	0.431737647	0.098719113	0.014498712	-0.121403974	0.016724237	-0.105249721	0.017973788	-0.26564311	-0.10747818	-0.08107598	0.058794604	-0.137293507	-0.225328487	-0.042832825	-0.015952459	-0.116559152	-0.052742088	0.053221326	-0.029794673	-0.08034482	0.074636425	-0.294330039	-0.256408299
BLSA	1961	-0.700184197	0.04569962	-0.1364466	0.212610628	0.047019003	0.116911812	0.158569163	-0.202434173	0.24353241	-0.001805748	0.079478248	0.129139072	-0.13883869	-0.079618507	0.266937656	-0.084890512	0.052783071	0.362621545	-0.174019403	-0.417762096	0.162542647	0.057759202	-0.19160802	0.418605074	-0.155382042
BLSA	2000	0.149440628	-0.057556155	0.097025297	0.038034684	-0.036880397	0.181713756	-0.0138736	-0.158702563	-0.126592276	-0.142561978	-0.069911243	-0.008569269	0.043038473	0.282564495	-0.126723884	-0.160309093	-0.121119685	-0.219789977	-0.073762201	-0.551733663	-0.027175411	-0.123112402	-0.115985593	-0.036661705	-0.064503247
BLSA	2020	0.054658261	-0.017610913	-0.112890087	0.024466014	0.064746382	0.073198828	-0.018736633	0.067674334	-0.198146362	-0.081582934	0.050752033	-0.003948355	0.118588688	-0.097155098	0.088316382	0.041769192	0.13480672	0.194243239	0.063813116	0.295519688	-0.01597366	0.093284597	0.309436756	-0.47042163	-0.009052151
BLSA	2037	0.080410896	-0.216961956	-0.052147593	-0.087535194	0.247318967	0.062643595	-0.079864971	-0.075855489	0.043930476	0.002411076	-0.005693408	0.001119315	0.016655446	0.32560839	-0.340965466	-0.123301707	0.039996851	0.269604138	0.061091247	0.090645747	0.147943791	0.062680118	0.12340254	-0.002667906	-0.156189647
BLSA	2066	0.061315545	-0.133821117	0.416399113	0.043454001	-0.012884673	-0.001795115	-0.044704879	-0.029283468	0.084701773	0.090791465	-0.034729681	-0.057052564	-0.129374023	-0.110115652	0.141438573	-0.154715478	-0.014843629	-0.186545468	-0.057747655	-0.094962516	0.05510807	0.010735489	-0.291382927	0.355449871	-0.1021575
BLSA	2069	0.035957832	0.160617219	0.037821777	0.084256951	0.211000195	0.267218372	0.078475088	0.036855069	0.255427009	0.144162943	0.05924686	0.200558097	-0.118851817	-0.072947067	-0.043218079	0.114510779	0.032418358	0.366551518	0.061807655	-0.082239738	0.281705515	0.230264652	0.220545947	-0.093818708	-0.08581571
BLSA	2093	0.015718302	-0.211545444	0.0203701	-0.130195869	-0.044440786	-0.027781027	-0.111775154	-0.302277554	-0.706427689	-0.175621193	-0.054069957	-0.117012999	-0.088256498	0.144636558	0.122727977	-0.269685394	-0.234879494	-0.768427381	-0.120061769	0.145840371	0.051157977	0.13341781	-0.132206624	-0.215078212	0.034777042
BLSA	2102	-0.129167879	0.105311032	-0.244196617	0.111181015	0.345256164	0.014569484	0.321566437	0.495592177	-0.762088346	-0.122949262	0.375455001	0.287311416	-0.122796154	0.039092222	0.312484524	0.625551396	0.230112789	0.965176796	0.435030181	0.18998103	0.11348964	0.305394963	0.621705055	-0.299627958	-0.122302174
JHU	384	-0.105912426	-0.084692283	0.218022785	-0.049939469	-0.021070204	0.006836491	0.035615108	-0.096034554	0.255655994	0.101331773	-0.266038261	-0.174329328	-0.145630833	-0.171327192	0.022516035	-0.066694632	-0.238839535	0.21367571	-0.223276407	0.159560672	0.165535457	-0.105849497	0.081658257	0.066439166	-0.021561384
JHU	705	0.225779204	0.10724448	0.057795868	-0.100433597	-0.099331268	-0.014022049	-0.006881292	0.040122154	0.132340772	0.935101789	-0.309502272	-0.167404928	-0.054461686	0.149902058	0.206861395	-0.317448668	-0.143375843	-0.045893338	-0.277568593	-0.225814985	0.033740259	-0.193010391	-0.279454894	0.640547175	0.004817536
JHU	710	0.29014002	-0.024517796	0.033881796	-0.04889615	-0.057274567	0.054109743	0.237281416	-0.055635388	-0.255407159	0.227759719	0.061419666	-0.00365292	-0.226328715	-0.103690784	0.094829549	0.13562438	0.003168312	-0.218518565	0.176100384	-0.049221973	0.033322132	-0.011250735	0.206098302	0.025458661	0.007670854
JHU	712	0.013471572	-0.001101449	0.213930665	0.045270955	-0.036091364	0.118548198	0.197296695	0.00381914	-0.335584721	-0.61967947	0.06854123	-0.035047998	-0.078162442	0.066158016	-0.025830215	-0.046552759	0.021134662	-0.176841585	0.10171888	0.216938872	0.103306517	0.26171387	0.262336841	-0.61243733	-0.037096825
JHU	713	0.237500786	-0.212357839	0.120454891	-0.09355965	0.091955975	-0.181488438	-0.578759054	0.315329682	0.548401868	-0.452060308	0.114988739	0.084244089	0.369814892	-0.177096149	-0.36214192	0.258114961	0.438500704	-0.253301157	0.514152431	0.654442027	-0.379072597	0.178629205	0.034382236	-0.259081693	0.069946312
JHU	719	-0.125058174	0.14975726	-0.050078003	0.090020462	-0.065002846	0.096265087	0.152746968	-0.05643035	0.418366747	0.619016272	0.026696886	0.036553409	-0.095125288	0.095466821	0.085456165	-0.230099425	-0.072087703	0.603475355	-0.031500602	-0.386299984	0.079145736	-0.039493228	-0.134644987	0.515306208	0.087032251
JHU	993	0.0129218	-0.023421509	-0.084463803	0.142674858	0.21564672	-0.037987498	-0.132784396	0.017019525	-0.567860453	-0.398254449	0.366422062	0.329626596	0.317201859	-0.147156756	-0.052212928	0.276347807	0.151070201	-0.014640806	-0.042799241	-0.143442079	0.019893539	-0.066381739	0.001237546	-0.443174128	0.080629848
JHU	994	-0.492627388	0.0619758	-0.279324616	-0.001249348	-0.129296715	-0.058684974	-0.040606008	-0.214628525	0.046947787	-0.01860942	-0.089427011	-0.14486209	0.093528089	0.144166595	0.066178742	-0.111809341	-0.151210293	-0.305765264	-0.226916706	-0.301955299	-0.07340257	-0.087851588	-0.23153282	0.294962708	-0.034934351
JHU	995	-0.056215394	0.027113336	-0.230219582	0.01611194	0.100464268	0.01642344	0.136090565	0.046438317	-0.242860835	-0.394605908	0.026898962	0.074873171	-0.180835876	0.143577391	-0.035656823	0.102517676	-0.008360505	0.197809649	0.010089853	0.075792749	0.017531528	0.063494103	0.059919518	-0.228020767	-0.15650424
UMARY	142	-0.133711879	-0.07070296	-0.271035497	-0.068494357	-0.020982771	-0.051569216	0.001628987	0.053084143	-0.253704474	-0.261746298	0.044387834	0.087208701	-0.038181456	-0.290457232	-0.026513182	0.139537377	-0.023161412	-0.189212584	0.17261115	0.218503362	0.012722386	0.103150164	-0.147905562	-0.381829096	-0.033973993
UMARY	602	0.458533827	-0.127656652	0.025638056	0.05443994	0.115210112	0.210026513	-0.012026247	-0.055164085	0.066596452	0.151689902	-0.017753839	0.046632472	-0.09539352	-0.195402145	0.181034764	-0.130850426	-0.026099273	0.012706052	-0.054136116	-0.121632527	0.003232737	-0.034607649	0.03868963	-0.230563656	0.097345029
UMARY	604	-0.141851021	0.090345772	-0.039155664	0.050028445	-0.088020343	-0.000648412	0.034346452	0.10499763	-0.001550979	-0.223951597	-0.037360694	0.035725738	0.164401927	0.141093753	-0.207768562	-0.097156559	0.110323294	0.174711154	0.10261296	-0.132209452	-0.047274717	0.073829296	0.037462551	0.296894626	-0.095936368
UMARY	813	0.258275369	0.050750228	0.119678611	0.010502238	-0.028310238	-0.008298852	0.018319635	0.057086677	0.351948272	-0.263214125	0.104969358	0.04795176	0.000841273	0.035284334	-0.019511366	0.064247974	0.058708272	0.014232405	-0.09126203	-0.03947568	0.066690729	-0.001339597	-0.068798341	0.076324131	0.115208858
UMARY	819	-0.095434348	-0.026547516	0.255887336	-0.104793976	0.029034297	-0.033519656	-0.022714545	0.022476826	0.048581734	-0.03123472	0.074729213	0.020145945	0.049879151	0.105350194	-0.049471554	0.072516993	0.050383601	-0.351565182	-0.046211029	-0.070773746	-0.03029081	0.007322502	-0.056404894	0.135723326	0.050699337
UMARY	871	0.336111907	0.091026335	0.323676556	-0.003279045	0.039260534	-0.052659474	-0.019365522	0.00965989	0.449312008	0.500117837	0.068729771	0.030077932	-0.020282454	0.012945326	0.025900031	0.106999557	0.002285487	0.023349711	-0.083643509	-0.011859727	0.013621546	0.014279666	-0.02405265	0.137997479	0.274673282
UMARY	879	-0.136385713	0.071156858	-0.128473871	-0.080474375	-0.02998519	-0.108359924	-0.002733396	-0.007413543	0.144519954	-0.459054426	0.099479395	0.015396197	0.2445876	-0.10436505	-0.049955839	0.084522819	-0.043404238	0.029528818	-0.083253877	-0.027257963	-0.156172008	-0.028314985	-0.180216228	0.096783211	0.234832074
UMARY	880	0.046532096	0.037001005	-0.069432062	0.207102905	0.18255793	0.248433979	0.131769467	0.119568221	-0.034743179	-0.522311871	0.158962067	0.18074208	-0.018122093	-0.041178232	0.088016838	0.074464473	0.115599073	-0.259641063	0.056034349	0.321883542	0.163258368	0.206830512	-0.050784218	-0.548794548	-0.130677951
UMARY	914	-0.409459089	0.017157039	-0.334182264	-0.048346974	0.030292368	-0.010997675	-0.010923476	0.040885192	-0.171903404	-0.301209952	-0.052567394	-0.076723964	0.008882873	-0.004694189	-0.03592967	-0.089133868	-0.055957554	-0.321037933	0.030007352	-0.07942937	0.059090131	-0.019722634	-0.0747849	0.17737681	-0.002108185
UMARY	933	0.538944131	-0.158133761	0.274267512	0.075825241	-0.059508558	0.156231621	-0.037953811	-0.210925236	0.285330414	0.022243724	-0.096582475	0.003646412	-0.22219387	-0.16033309	0.20182107	-0.195733656	-0.065749936	-0.021464947	-0.229725154	0.062601214	0.02860912	-0.054985421	0.132917753	0.034514686	0.103308355
UMARY	1028	-0.296630041	-0.096838995	-0.13185804	0.016864235	-0.237987299	-0.223903843	-0.084588678	-0.179049831	0.289253854	-0.278876162	-0.210510843	-0.213122609	-0.058856735	-0.001088652	-0.420098766	-0.248856013	-0.024900932	0.187272916	0.009035441	0.112134957	-0.213080064	-0.221667501	-0.057240739	0.032499085	0.0989973
UMARY	1037	0.338999686	-0.013231055	-0.231335944	-0.090078078	-0.037535393	-0.093284163	0.012292041	-0.076887538	0.180122099	0.416168409	-0.143607206	-0.116750892	-0.042053903	0.081199818	0.128051887	-0.14970156	-0.116876949	0.223532026	0.343378713	-0.246356041	-0.077692817	0.004520177	-0.017611941	0.126781126	-0.17834112
UMARY	1064	-0.341760165	-0.105431482	0.015165512	0.101324418	-0.03745973	0.288020736	0.043428247	-0.140004294	-0.196729067	-0.316832547	0.011355902	-0.009040545	-0.167972667	-0.080346626	0.094722583	-0.196886041	-0.111118508	0.281326484	-0.13990948	-0.089310211	0.147605747	-0.099078371	-0.129599823	0.105643118	-0.039195883
UMARY	1065	0.220303121	0.111065275	0.21929673	0.144740436	0.108762114	0.245215994	0.134941167	-0.118538905	-0.07551605	-0.027019169	0.127330757	0.054996572	-0.049123095	-0.219013189	0.346438645	-0.061217529	-0.029298846	-0.435638091	-0.179914242	-0.178878482	0.054583539	0.081246615	0.003195537	-0.054623697	-0.017796784
UMARY	1076	-0.306712927	0.146207994	-0.211417976	0.04808701	0.096994107	0.015282252	0.083949727	0.118762426	-0.086001322	0.317442364	0.107093542	0.053215391	0.115611063	-0.069751363	0.040291106	0.099268728	0.005262022	0.253329585	0.00651495	0.049620409	0.038357531	0.040910751	-0.001922987	0.20387058	-0.086892014
UMARY	1078	0.279806673	-0.057857977	0.339581197	0.020991589	-0.03292509	0.023640066	-0.053136044	-0.23574658	-0.785000134	-0.232844439	-0.230638234	-0.08830964	-0.272224193	0.195639825	0.06697329	0.110028106	-0.067505783	0.254724923	-0.062546471	-0.045431208	-0.033679097	-0.111541809	-0.277487827	0.151644606	-0.172816981
UMARY	1079	-0.179520679	0.045282509	-0.22085696	-0.169937303	-0.113481187	-0.168619691	-0.098118563	-0.13606651	0.243843736	-0.227629016	-0.131900132	-0.157350894	-0.094332015	0.067596051	0.062602386	-0.15856336	-0.086322246	0.02255165	-0.082572919	-0.104772636	-0.144557889	-0.147384713	-0.151562186	0.122211026	0.110858256
UMARY	1104	-0.186247877	-0.048146869	0.012997656	-0.063673072	-0.008309142	-0.013986429	-0.056275996	-0.022220856	0.327812916	-0.020980534	0.005238992	-0.038714215	0.032558202	-0.009474331	-0.308741769	-0.021743699	-0.065163463	0.390268709	-0.023551181	-0.116661725	-0.050268613	-0.056831036	0.067144365	0.162307872	0.060321355
UMARY	1105	0.042448882	0.13864586	-0.090822689	0.03800376	0.105390421	-0.048763093	0.036539486	0.197328632	-0.52018345	0.074725708	0.106413652	0.029715061	0.144684258	0.215808701	-0.056441157	0.224151586	0.065115202	0.054547626	0.118940998	0.263996778	0.06991754	0.117626873	0.067357215	-0.025338614	-0.125714579
UMARY	1114	0.141299084	0.064814246	-0.100380035	0.096162847	0.096361896	0.066430299	0.08435641	0.084314407	-0.063272301	-0.013810222	0.050501432	0.090479521	-0.010321209	0.163849712	-0.17693744	-0.031965212	0.045486029	0.624201359	0.002026442	-0.140899642	0.102416247	0.073458915	0.037053909	-0.142739806	0.022521521
UMARY	1133	0.932459399	0.04516301	0.28092028	0.20724155	0.104589867	0.246433339	0.210002775	0.174244945	0.706219372	-0.019086237	0.148744966	0.186200493	-0.166264147	-0.112289467	0.405323286	-0.018373415	0.042919311	0.039946113	-0.0867131	0.1082545	0.218624546	0.103055165	0.21974143	-0.037352909	0.09794276
UMARY	1134	0.314509709	0.101490525	0.174638622	-0.009475833	0.015148254	-0.025020787	0.016173487	0.046396968	0.233458034	0.036720952	0.029762973	-0.008294106	0.028173799	0.093735188	-0.017623075	0.136560946	0.080039354	-0.136290728	0.074007482	0.180949709	-0.002680655	0.011536947	-0.006635637	0.022557257	0.268560749
UMARY	1136	-0.076501164	-0.039381101	0.085849855	-0.015635525	-0.050203185	-0.045738567	-0.046841161	-0.050148658	-0.401249474	0.403169334	-0.073483076	-0.065856877	0.061499965	0.059070833	0.268369737	-0.167018797	-0.014695962	-0.228045141	-0.016318382	-0.002779194	-0.027709504	-0.04645483	-0.067626317	-0.19487576	0.022026412
UMARY	1158	0.421917891	-0.03366975	-0.147328044	0.013656973	-0.059428549	-0.038030702	0.052287318	0.027454406	0.00521829	0.309656533	-0.018827868	0.022995629	-0.041651093	0.008653365	0.19660591	0.046394632	0.094693416	-0.567463315	0.009691446	0.156241421	-0.00484295	0.01595626	0.169298169	-0.137312074	-0.070799407
UMARY	1170	0.30618075	-0.081823801	-0.010060678	0.027462988	-0.022085222	-0.015185031	-0.086388754	0.02857109	-0.13481141	0.195985306	0.01916508	0.007261281	-0.043326596	-0.276092934	0.046872843	0.008755839	0.025840614	-0.180633432	0.135990091	0.241259252	-0.000500391	0.046511895	0.081048709	-0.170968678	0.152676939
UMARY	1206	0.041251956	-0.151620771	-0.067404101	-0.038850515	0.016694733	0.044255174	0.00996993	0.091325925	-0.206561981	-0.332956857	0.015816207	0.048476007	-0.080976554	-0.102153956	0.019352076	0.034754951	-0.017556265	-0.110149819	-0.005583569	0.193024871	0.02984093	0.095152722	0.1062048	-0.302817103	-0.130510214
UMARY	1209	0.423676078	-0.046588919	0.486083011	0.010825502	-0.03195407	-0.074683213	0.09140143	0.11527316	0.555980246	0.281581874	-0.066464771	-0.010105245	-0.05823564	-0.019927066	-0.091519039	0.087422749	0.095103859	0.007864071	0.046191437	-0.043141057	0.030581845	-0.020567215	0.025328435	0.205919697	-0.063157565
UMARY	1226	-0.150845009	0.043742444	0.135060516	0.008163217	0.018013638	0.037428934	-0.006218414	0.092838434	-0.500132287	0.027123077	0.042913793	0.034909042	-0.08468162	-0.075991512	-0.061620881	0.043601118	0.082260651	0.255557799	0.112788993	0.128102244	0.061970712	0.069929139	-0.019129224	0.175343736	-0.013658589
UMARY	1230	0.132087352	-0.033697492	-0.071444031	0.057452404	-0.026773097	0.036208491	-0.039762795	0.073233718	0.115581703	0.376481682	0.006981885	0.066098077	0.052490684	0.035673909	-0.129527182	0.043319522	0.026509438	0.151935611	0.06549815	-0.094260988	0.094857328	-0.087069532	0.068239431	0.238960982	-0.128848562
UMARY	1260	0.09930413	0.113106774	0.113168055	0.143159333	0.122101648	0.095432689	0.178630626	0.11526521	0.072187963	-0.053869944	0.21157935	0.126655992	0.084007	-0.002073079	-0.24950605	0.155026488	0.159831172	0.056585515	0.052468212	0.138806736	0.055022776	0.178455127	0.164163779	0.319775695	0.030067932
UMARY	1326	-0.295987694	0.061391259	0.067698462	0.043249442	-0.091944029	-0.046844515	-0.00192305	0.051828792	0.235826313	-0.561535754	0.037242327	0.059719367	0.068222163	-0.085217403	-0.259170218	0.139739637	-0.024630175	0.381915092	0.029046806	-0.108416723	-0.096355119	0.007883272	-0.089945118	0.299135274	0.07515198
UMARY	1454	0.044264262	-0.04403952	0.016237257	0.041598548	0.056936217	-0.075078768	0.047531618	-0.091394165	0.119029811	0.010908815	0.043288361	-0.003845631	-0.021355216	-0.105986958	0.056168947	0.058912708	-0.029875908	0.142148394	-0.187439128	0.048287042	-0.012780128	0.008826345	0.116160784	-0.33699522	-0.014538253
UMARY	1465	-0.416952879	0.01325529	-0.131102563	-0.077070328	-0.016273151	-0.071861641	-0.061738608	0.000131015	-0.26046177	0.018039034	-0.065051696	-0.051263703	0.095592182	0.073045705	-0.104325646	0.064150818	-0.006451098	-0.169435961	0.106491258	0.294932033	0.005834644	-0.028738303	-0.0381477	-0.157078984	0.028984288
UMARY	1486	-0.336538714	0.135501441	-0.233456848	-0.108704893	-0.093380281	-0.103314537	-0.086719538	-0.08629261	0.16291266	-0.310340752	-0.050603584	-0.105083086	0.046072788	0.085124071	0.005338923	-0.103316478	-0.0837986	0.049360428	-0.003469918	-0.058069803	-0.057657539	-0.050211774	-0.06768092	-0.05828078	0.172016059
UMARY	1498	-0.190053099	-0.017444929	0.085186871	-0.051989157	-0.074755661	-0.079513987	-0.052096045	-0.006381611	0.065697338	-0.3251092	0.034270614	-0.004622164	0.137324303	0.020960415	-0.130853428	0.046790895	-0.070921064	-0.135361337	0.06859395	-0.067294166	-0.073846674	-0.064615328	-0.118997186	-0.108353298	0.01908572
UMARY	1502	-0.063028083	-0.034561042	-0.147300712	-0.141157698	-0.135402855	-0.182015892	-0.154412441	-0.106373075	0.42909262	-0.18623232	-0.05934407	-0.149333668	-0.070623646	-0.026189574	-0.195318267	-0.118627968	-0.041059015	0.308541971	-0.100329793	-0.196884522	-0.11862931	-0.149845198	-0.163766493	-0.175121005	-0.051725975
UMARY	1535	-0.216751015	0.043581328	-0.214376649	-0.003672635	-0.037935834	-0.019587541	0.015855308	0.076117899	-0.209872575	0.400585728	0.020299282	0.052482262	-0.142222199	-0.057574646	0.118146577	-0.021458607	-0.1367601	-0.080084291	0.011765707	-0.010350477	-0.070273146	-0.063885224	0.155280675	0.264025271	-0.088796549
UMARY	1540	0.359961259	0.023113294	-0.040603355	-0.110565301	-0.017406714	0.009306082	-0.184182367	-0.057810784	0.013523587	0.312018605	-0.002987547	-0.025015543	0.016281081	0.247544856	-0.294080194	-0.010469565	0.091570441	-0.279335542	-0.012933134	0.075184746	-0.118498062	-0.083003507	0.15747788	0.317901181	0.047273396
UMARY	1541	0.245807861	0.10954483	0.0361512	0.061390338	0.052300915	0.050463698	0.09852381	0.082761877	0.055620288	-0.093353212	0.11918346	0.073014439	0.049463421	-0.089494911	0.062685314	0.088621248	0.087511827	-0.041681553	0.01685791	0.041926028	0.022014594	0.06520281	-8.89E-05	0.065826032	0.097173199
UMARY	1544	-0.127643211	0.053184214	-0.061199308	-0.082424125	-0.110164771	-0.148907265	-0.039478934	-0.071752814	0.213320488	-0.151915398	-0.044850993	-0.041888271	0.078348851	0.190820618	-0.170985576	-0.053785594	-0.057628216	0.266678749	-0.105530695	-0.088193703	-0.143601753	-0.162624133	-0.051980834	-0.068580166	0.023981231
UMARY	1545	-0.092493227	0.105115109	-0.114834946	0.178878873	0.093304703	0.092677039	0.131372139	0.089352914	0.413903488	0.365766963	0.073140458	0.108583229	0.08454651	0.315986974	0.03613699	0.073365316	0.011479359	0.280410254	0.023461072	-0.210995335	0.057933009	0.133600832	0.051650055	0.32408717	-0.110196756
UMARY	1568	-0.324177109	0.031578721	-0.332814866	0.067400912	0.135786113	-0.038042407	-0.076684548	0.008489375	0.060697072	0.047268318	0.04583189	0.047422722	-0.036667314	-0.025635387	-0.0525118	-0.060796169	-0.046752205	0.244581835	-0.103711141	0.006026865	0.069211565	0.100916984	-0.10787459	-0.039405289	0.009575987
UMARY	1570	-0.178455824	-0.032541166	-0.002152933	-0.03565956	-0.000413379	-0.073995241	-0.002171193	-0.004854468	0.15017085	-0.059737934	0.018072688	0.027266356	0.084528465	0.054938689	-0.041515585	0.102330293	0.052966365	-0.065573011	0.037969998	0.005448096	-0.040415498	-0.015999926	0.140511147	0.10062011	0.160746772
UMARY	1571	-0.398358252	0.059129229	-0.253671878	0.080059435	-0.001083836	0.17036129	0.016790818	0.113518658	0.328822336	0.118300053	-0.043969978	0.032303436	0.047500884	0.150969416	-0.249327662	-0.087384672	-0.065765849	0.708855729	-0.064999002	-0.290588064	0.032482889	-0.091323603	-0.054137363	0.15691882	0.0612859
UMARY	1578	-0.120984373	0.079461161	0.009814446	0.013314997	-0.141675771	-0.033047789	-0.087515379	-0.128959775	0.180684922	0.564874401	-0.088422285	-0.042451523	0.033410422	0.074853694	0.064321913	-0.085662467	-0.103741037	0.219708374	-0.107731802	-0.172413082	-0.022074918	-0.112322323	-0.103454104	0.374894108	0.039819408
UMARY	1583	-0.147618737	-0.021331214	-0.324522929	0.096028012	0.142242981	0.110520391	0.054550177	0.071930513	-0.259778387	0.013277944	0.064717999	0.065726082	-0.113026075	0.070663287	-0.078999838	0.114845489	-0.073242341	0.068949053	0.01373733	0.081485613	0.079819303	0.187780086	0.02672863	-0.709125967	-0.219864235
UMARY	1584	0.225484621	-0.00658174	0.182787882	0.017701772	0.026030215	0.102205308	-0.033915279	-0.075941128	0.042328511	0.038498524	-0.015532482	0.03335903	-0.058687623	-0.029986728	-0.040260283	-0.013294947	0.03772477	0.147499386	-0.105237514	-0.084192195	0.014191658	0.033768634	-0.105840062	-0.081195647	0.123252236
UMARY	1611	-0.738047061	-0.175707233	-0.200857121	-0.044379707	-0.108989767	0.03647635	-0.084247495	-0.301759561	-0.283416304	-0.214780513	-0.178437807	-0.081764058	-0.129906151	0.081786467	0.104805308	-0.260747981	-0.153645261	-0.103357588	-0.121820565	-0.230339066	-0.046670108	-0.060176292	-0.177293914	0.104777832	-0.009734915
UMARY	1612	0.380186793	-0.072076169	0.013536378	0.105984181	-0.037090163	0.198120663	0.016164498	-0.082314559	-0.231435949	-0.310097792	-0.005828787	0.091028398	-0.071873958	-0.215662864	0.424246573	-0.088979965	0.131082626	-0.411839306	0.096752875	-0.150636008	0.164044775	0.014918439	0.16201372	0.061174466	-0.05852505
UMARY	1613	0.619048681	-0.160886447	0.264258496	0.122835707	-0.055720529	0.063959093	0.118037383	0.042827853	-0.304128175	-0.327808614	-0.058017994	0.03291038	-0.035673103	-0.383673572	0.151548295	0.041729548	0.013519435	-0.334259775	0.038800699	0.526674527	0.114836245	-0.066474476	0.416677656	-0.901079237	-0.199984191
UMARY	1614	-0.150940485	-0.060279275	-0.186355121	0.121628427	0.177269467	0.067243347	0.025640549	-0.001955481	-0.141028055	0.154884832	-0.016493076	-0.005520684	0.041481873	-0.078265804	0.004499432	-0.081637692	-0.064493034	-0.164673953	0.062758152	0.115394178	0.034155317	0.038834547	-0.010893842	0.141111664	0.046885631
UMARY	1648	-0.001302927	0.073684273	0.240193067	0.025641391	0.055808255	0.051313329	0.034488443	0.027083793	0.020294939	-0.026546301	-0.043394955	-0.032412387	0.059247881	0.064055919	0.295991039	-0.048938398	-0.015617845	0.053227489	0.113752414	-0.15644905	0.006144909	0.079229543	-0.052666374	0.474087158	-0.114254776
UMARY	1652	0.060424951	-0.235384106	0.430241731	0.063955422	-0.116878879	-0.082637642	0.030843941	-0.026222598	-0.426020126	-0.557403767	-0.027759652	0.085577688	-0.02030967	-0.147764655	0.148096	-0.056534499	0.061965048	-0.042568121	-0.004341706	0.256906004	-0.045438891	-0.002085268	0.170498379	-0.95556106	-0.195832522
UMARY	1668	-0.148711025	0.03740335	-0.011368443	0.089313167	0.133653492	-0.007080628	0.04707312	0.092906545	0.149640117	-0.172839779	0.072511113	0.183367138	-0.062861389	-0.197437209	-0.002886215	0.102641559	0.011399193	-0.012446814	-0.019761371	0.082901721	0.039971846	0.035009561	-0.039756858	0.109065655	0.005529278
UMARY	1710	-0.150315218	-0.102469008	-0.174862763	-0.138009781	-0.089186172	-0.026639895	0.033199379	0.025918581	-0.245647874	0.127508475	0.020282719	0.047585865	0.086458776	0.048297015	0.286826554	-0.193786949	-0.023964538	-0.100955312	0.036348094	0.049633212	0.225564136	0.096050602	0.008690705	0.208943956	-0.164313969
UMARY	1712	0.066900274	0.014289734	0.007391892	-0.026551291	-0.001645906	-0.020760081	0.001866278	0.019643575	-0.00918781	0.282901626	0.086723458	0.123207846	0.067217027	0.000371222	0.047978144	0.045654736	0.063766133	0.055076678	0.07435601	-0.011871637	0.026467768	0.034353811	0.083028289	-0.014950918	0.043521106
UMARY	1713	-0.313705085	-0.054649703	-0.070395278	-0.063426559	-0.122699042	-0.05818985	-0.104571021	-0.106485078	-0.003141419	-0.511272528	-0.08628065	-0.013875084	-0.028842279	-0.058760252	-0.176305327	-0.001985878	0.000803391	0.033390926	-0.08244304	-0.114808866	-0.037062221	-0.028953921	-0.23392846	-0.152427322	0.032767449
UMARY	1715	-0.149158764	-0.024087328	-0.010112799	-0.015414819	-0.063301236	-0.121776315	-0.034265907	-0.007878256	-0.228690737	-0.516177405	0.069320289	-0.009473523	-0.177930899	0.038798552	-0.032861341	0.057255302	0.112263919	-0.156934401	0.04549362	0.01650701	-0.016764528	0.028854258	0.023587575	-0.267090885	-0.021836311
UMARY	1792	-0.245874257	0.051111029	-0.229833632	-0.016980495	-0.026038308	0.014986594	0.076720385	0.022115716	0.333512848	0.189519605	-0.022727	0.020920107	0.261611845	0.153229905	0.05336846	-0.024870546	0.008062105	0.072081491	-0.091796778	-0.105397647	-0.004322023	0.073413076	0.038146352	0.295745529	0.019750803
UMARY	1795	-0.125874079	-0.103333572	0.268120425	-0.00672621	-0.00480768	0.010421654	0.07008951	0.036562349	0.039284933	0.154502128	0.025682734	-0.027071253	0.070043366	0.039930818	-0.055143259	0.003640375	-0.068805574	-0.243843726	0.035265111	-0.045027469	-0.041050984	-0.004292662	-0.133452198	0.119469892	-0.162505902
UMARY	1797	-0.245863916	-0.058583954	-0.016712473	-0.02233809	0.118244613	0.045097083	-0.006270981	0.067475715	0.155882249	-0.210691257	-0.116243688	-0.120431569	0.063342219	-0.14241442	-0.122987777	0.05489224	-0.003198846	0.055014131	0.051251647	0.153803078	-0.067511444	-0.03078	0.043821349	-0.114494825	-0.100413177
UMARY	1825	0.143144891	0.079660732	-0.042849636	0.011928473	0.140585997	-0.046289454	-0.051347087	-0.061929176	0.187428029	0.550873896	-0.027152206	-0.105238018	0.057373774	0.142104056	-0.323020816	-0.107631825	-0.053566744	-0.133797131	-0.010530809	0.033892584	-0.026929247	-0.018707077	-0.009233757	0.186113722	-0.008157208
UMARY	1827	-0.139032071	0.140984992	0.0196932	0.040307567	-0.014132552	-0.001333076	-0.031613551	-0.025187717	-0.177337606	0.423472562	-0.012668823	0.007047525	0.068866553	0.296408939	0.146872941	-0.104494937	-0.05489989	-0.135276643	-0.143714843	-0.092071189	-0.048655141	-0.016923214	-0.106501764	0.15232791	0.094493238
UMARY	1830	0.250170734	0.101771764	0.118784708	0.110304433	0.134546484	0.098717343	0.144662343	0.13735879	-0.077400945	0.065594635	0.212909105	0.157545547	-0.052868744	0.017942297	-0.039253904	0.211552282	0.197214889	0.357827507	0.057578686	0.122446461	0.086617433	0.173290355	0.205259032	-0.336060989	-0.105812423
UMARY	1846	0.110889506	0.066377665	-0.175908726	-0.094596428	-0.038813153	-0.139855788	-0.000854878	-0.029083878	0.249119287	0.53768082	0.072967344	-0.073623975	0.068595787	-0.077235327	-0.095313357	0.047516825	-0.001008708	-0.326672356	-0.02634561	0.067184822	-0.019410549	-0.059743347	0.24605599	0.213090033	0.100453297
UMARY	1847	-0.098557647	-0.062591171	-0.183256522	0.014276972	-0.05509704	-0.035488426	0.057943955	-0.085280298	-0.334784639	-0.252034108	-0.030765175	0.058450577	-0.099203168	0.307271205	-0.097268194	-0.059024758	-0.068079066	0.173841427	0.019170369	-0.138430535	0.103891872	-0.043551267	-0.104576053	0.004063694	-0.225529439
UMARY	1849	-0.478692818	0.006154494	-0.392013083	0.024811958	-0.085756638	-0.160880136	0.040542254	-0.042658187	-0.194952326	0.186952354	-0.008833487	-0.003577042	0.025888561	0.190443917	0.063785157	-0.058069012	0.051864105	0.209560502	-0.012778505	0.013225241	-0.037693218	-0.179162484	-0.084514441	0.232369117	-0.179673465
UMARY	1862	-0.071596499	0.046377722	-0.137945438	0.025942773	0.024741336	0.029194604	0.014270859	0.122276127	-0.128724095	0.56981935	0.032583132	0.097988456	0.100142007	-0.033097753	-0.048224917	-0.012508696	0.038901026	-0.099787661	0.073366972	-0.137588827	0.09729419	0.105930149	-0.037742882	0.228110655	-0.179133757
UMARY	1865	0.304237151	-0.011472589	0.11438972	-0.052620055	-0.052286375	-0.09744426	-0.101428415	-0.061609272	0.144284288	0.202704839	-0.001005257	0.001593019	0.111190415	-0.044694353	0.044600471	0.085921963	0.126431326	-0.248009397	0.041274458	0.11590197	-0.014527718	0.006257439	0.058643169	0.190730173	0.286817003
UMARY	1866	-0.165175031	-0.078396685	-0.03305056	-0.177197465	-0.141933673	-0.126916522	-0.181790862	-0.104777672	-0.086670482	-0.362517445	-0.124499994	-0.061303224	-0.072953527	0.013059962	0.007217457	-0.126925919	-0.141118641	-0.179830669	-0.196303091	-0.011048325	-0.153179919	-0.117736501	-0.189002357	-0.205039818	-0.164635355
UMARY	1867	0.181977935	0.135183654	0.145307395	-0.027762874	-0.083777892	0.042051417	-0.064825168	-0.023460829	0.32976251	0.257140605	-0.026683514	0.023606509	0.160473454	-0.05301624	0.021212686	0.065982966	0.045942815	-0.042525741	-0.004587147	0.07998547	-0.045994776	-0.067663995	-0.12502785	0.373451446	0.283589905
UMARY	1902	0.165621845	-0.005999432	0.161767574	0.052634762	0.035735107	0.006024287	-0.030623807	0.053011604	-0.122765827	-0.238078983	0.006145463	0.053780324	0.066332291	0.051254929	0.022558124	0.096452628	0.098956441	-0.158723856	0.031548712	0.132034636	0.014418086	0.033179832	-0.042497263	-0.095854638	-0.00784475
UMARY	1903	-0.227610619	0.015817052	-0.34031787	0.013730754	0.15235477	0.028271664	0.004332874	0.067633516	-0.060969727	-0.18280011	0.01790011	0.046686743	0.022457795	0.047937693	-0.112359909	0.079357355	0.028679122	0.253888846	0.099674399	0.010678902	0.097742267	-0.016579428	-0.101748124	0.23321852	0.127402941
UMARY	1907	0.669998912	-0.060168196	0.170110004	-0.120020958	-0.227691279	-0.144144025	-0.060773325	-0.106714585	-0.064077159	0.650878079	-0.104621728	-0.133645998	-0.159350835	-0.215163235	0.232558786	-0.071323549	-0.003243616	-0.090345523	-0.128253975	-0.208073641	-0.105030165	-0.037768345	0.072713447	0.091099047	-0.013386547
UMARY	1917	0.032104571	0.053213053	0.118580958	-0.080691872	-0.043439721	-0.036450982	0.019866756	-0.058687924	-0.203733525	0.227934658	-0.163854116	-0.005722162	-0.047512866	-0.048933861	0.099331127	-0.05039452	-0.040118663	-0.562628505	-0.029502439	-0.014663876	0.092075883	-0.053713568	-0.188233618	0.26839894	0.037761518
UMARY	1935	0.519445895	-0.16727705	0.167915424	0.028323458	-0.133802666	-0.090608003	-0.122249913	-0.063564378	0.08366414	0.123733681	-0.181380865	-0.176436124	-0.201225513	-0.025573301	-0.021267304	-0.106961205	-0.096367998	-0.131784835	-0.008965757	0.146687327	-0.177339636	-0.152822266	-0.021425694	0.021401804	0.28265034
UMARY	1936	-0.446708561	0.009405465	-0.027391576	0.026997233	-0.037956333	-0.157010883	0.003102251	-0.107963395	0.032855445	-0.014024508	0.010258359	-0.043096431	-0.073668747	0.146572164	0.067204659	-0.037188235	-0.041942248	-0.114254478	-0.192052718	-0.281156937	-0.085184983	-0.047926264	-0.126616149	0.141210837	0.116771777
UMARY	1939	0.228103071	0.298868107	0.461531848	-0.440842866	0.126601014	0.113649881	0.154139783	0.329090942	-0.265021468	-0.562614463	0.448324509	-0.235584467	0.372947172	0.055646209	-0.613520896	0.759894966	0.376666662	-0.390710096	0.559222789	0.338148726	-0.154533673	0.46144977	-0.110055747	-0.538501927	0.075978396
UMARY	1940	-0.030037617	0.021710723	0.153011976	-0.011751421	-0.059422568	-0.038533264	0.117875961	0.059745782	-0.197719533	0.219856767	-0.01075261	0.067589127	0.012543201	0.161919684	0.231915588	-0.086211814	-0.000455477	-0.486811375	-0.016767709	-0.071349654	-0.053305144	0.016296215	-0.074547218	-0.076170247	-0.14414623
UMARY	4263	0.024066574	-0.036469842	-0.268602628	-0.008542387	0.136192986	-0.026766407	-0.087180836	0.054399473	-1.048771294	-0.054250325	0.05660552	-0.038622649	-0.051274192	-0.046464193	0.228685465	0.006655628	0.063900666	-0.30314512	0.089917071	0.200968886	0.070934498	0.092391178	0.065766174	-0.527631172	0.023140031
UMARY	4540	0.503893595	-0.058935668	-0.265279925	-0.158274546	-0.025458531	-0.145605312	-0.158165455	0.065389423	-0.028963521	-0.205415581	-0.076710688	-0.118724238	-0.008412209	-0.212709712	-0.12079661	0.076879608	0.059313571	-0.004556873	-0.079269194	0.112220578	-0.10213146	-0.116373206	-0.057079472	-0.257534569	0.182666801
UMARY	4542	0.219795589	-0.094135733	0.431359856	0.006124194	0.14403939	0.085139284	-0.052255564	-0.067534862	0.165698123	-0.512421955	0.009563897	-0.016780394	-0.080048522	0.05309777	0.106106854	-0.001583509	0.028022086	-0.27322513	-0.014261948	-0.152971732	0.109787834	-0.058314714	0.013276206	-0.066545844	-0.135620052
UMARY	4543	-0.383406586	-0.04823398	0.13812477	-0.11888814	-0.040948219	-0.099100463	-0.045247532	0.062617141	0.16174435	-0.491149411	-0.049109481	-0.084741528	0.085294767	0.146284709	-0.01640802	-0.078055457	-0.064000631	0.199213294	-0.014668645	-0.173268793	-0.169196936	-0.090593793	-0.124433813	0.076830321	0.045969593
UMARY	4549	-0.090028665	0.139152125	0.018479488	0.009165692	0.051600284	-0.046275519	0.046663198	0.002515092	0.621460316	-0.163762491	-0.022251438	0.066047847	0.318811167	-0.056467273	0.032230421	0.022580705	0.085032772	0.178836038	0.02796988	0.007560859	-0.007608473	0.063138168	-0.0803265	0.361748391	0.100108304
UMARY	4590	-0.380770389	-0.012790954	-0.013795245	0.17524735	0.142520855	0.221245059	-0.081365506	0.07992983	0.048501276	0.84977035	-0.034368257	-0.10316774	-0.072956004	0.081900936	-0.026340884	-0.1877445	-0.142571731	0.461489189	0.057687534	-0.237359373	0.146159935	0.100895589	0.155989076	0.246091004	-0.182876663
UMARY	4593	-0.178261023	0.186038427	-0.058699313	-0.017138736	-0.072304461	-0.041610813	0.016569737	-0.017068113	-0.319510728	-0.291379472	-0.053201321	-0.044057508	-0.020571144	-0.188222627	0.163835262	-0.015949403	0.007664716	0.004252831	0.048391836	0.116951293	-0.006488508	-0.059792083	-0.06306876	-0.078291744	0.228406471
UMARY	4598	-0.069286238	0.134035708	0.382285788	-0.123400776	-0.110339251	-0.083890086	-0.07202193	-0.050412058	0.082136101	-0.403554112	-0.119129143	-0.045686202	-0.042283157	-0.051881208	0.032425484	-0.051134309	0.002675002	0.070403686	0.019907787	-0.19385878	-0.034831109	-0.044078672	-0.151099697	0.199417906	0.08932026
UMARY	4636	0.076654528	-0.084583695	0.17800294	-0.037106383	-0.073408311	-0.068919296	-0.070468223	-0.105749725	-0.093156229	-0.024543478	-0.142229163	-0.068382326	-0.074519202	-0.105446642	0.185629901	-0.066619825	-0.079694655	0.134757489	-0.023211592	-0.039131424	-0.100807101	-0.099328544	-0.20255644	0.372587059	-0.016484778
UMARY	4640	-0.27721597	0.04532239	0.130600713	-0.042341425	0.061924791	-0.046050122	-0.058944671	-0.158793858	-0.105206649	-0.147017064	-0.035238396	-0.019283922	-0.112195625	0.123196279	-0.072509904	0.008466736	-0.123181098	0.165508774	-0.158650505	-0.035212026	-0.106292137	-0.031954042	-0.197024199	0.23795667	0.054951365
UMARY	4725	-0.222066056	0.103745671	-0.091222495	-0.046513003	0.114751608	-0.041311957	-0.127511606	0.042195731	0.113633532	-0.088844341	0.047713157	-0.045717092	0.066273228	0.027686773	-0.049273237	0.08401101	0.037037295	0.463694799	-0.102180467	0.140407036	-0.101940379	-0.067368733	-0.15922381	0.012236726	0.378750257
UMARY	4726	-0.134181139	-0.123624526	0.121798197	0.041193874	-0.050761115	0.026693713	0.033480428	0.04405004	0.334313182	0.269934142	-0.043694558	0.030082139	-0.028568279	0.09067724	-0.027049921	-0.058316405	-0.027105911	0.403104886	0.026818348	-0.159872781	0.006571978	-0.065517047	0.05728921	0.242807271	0.046175654
UMARY	4727	0.587465207	-0.106197714	0.200078427	0.05648792	0.013329517	0.087472712	0.065930198	0.151720425	0.11127778	0.367352889	-0.003764673	0.089297692	-0.17538002	-0.162028903	0.027736743	-0.012480856	0.012595015	0.301520327	-0.135216628	-0.123197063	0.043375222	0.07163808	0.013810741	-0.129213149	-0.051842186
UMARY	4729	0.315067901	0.093052833	-0.112714262	0.050451505	0.061005682	-0.018905178	-0.049009676	0.012454488	-0.280330167	0.44546294	0.165210659	0.080347246	0.017339675	-0.123358726	-0.010689411	0.305822293	0.079128416	-0.457608136	-0.00415824	0.125569106	-0.087277249	-0.012724776	0.313041225	-0.107674766	0.182088954
UMARY	4782	-0.261428146	-0.023715787	0.354010511	0.007170056	-0.009776396	-0.020156472	-0.032640342	-0.133817935	0.442833272	-0.055448725	-0.032607593	-0.124489971	-0.151337561	-0.040383428	-0.143163419	-0.032053249	-0.033645583	0.264498519	-0.139994112	-0.021700532	-0.119952298	-0.216010898	0.035905854	0.109364325	0.120195225
UMARY	4786	0.179536145	-0.100014995	0.285124407	0.0082093	0.000495117	-0.005997469	0.029111062	0.090795753	-0.014025025	0.630234478	0.067799919	0.061678159	-0.012964776	-0.100246352	0.18179128	-0.044938236	-0.089761407	-0.078771911	0.037298634	-0.044094205	0.071691888	0.107007789	0.058002231	0.22056387	-0.118346876
UMARY	4788	-0.487000908	-0.291461545	-0.10259564	-0.116028952	0.152261537	0.026569648	0.067951541	-0.095131058	-0.407776954	0.57092371	-0.249247157	-0.213371945	-0.000435279	-0.36484109	-0.098404748	-0.050003075	-0.359826657	-0.129944498	0.160175618	0.231351517	-0.073880734	-0.106911057	0.407969516	-0.59236153	-0.055340285
UMARY	4789	-0.479327595	0.082630527	-0.274940167	0.043192627	0.04884861	0.268840089	0.080090188	0.007577526	-0.114399878	0.232657807	0.118092528	0.081100503	-0.296905008	-0.319525059	0.335313314	-0.053315084	-0.103380009	0.786500969	-0.124261262	-0.28897111	0.177155263	-0.082641587	0.474394002	-0.013454048	-0.282275163
UMARY	4841	0.33857941	0.005914481	0.038522394	-0.061926801	-0.107514214	0.002861301	-0.109974113	0.005778968	-0.589966073	-0.055609048	-0.010100424	0.024737581	0.038413987	0.05867607	0.071702007	-0.051078148	0.021704137	-0.566817315	-0.052823482	0.116877791	0.043887535	0.015318207	-0.132470203	-0.170431506	-0.038282797
UMARY	4842	0.044766742	0.047073439	-0.175245949	0.004470119	0.184019647	0.087743552	-0.026099077	0.017608026	-0.48021333	-0.490132122	0.146743676	0.120610533	-0.024423122	-0.158972388	0.141010931	0.121570393	0.071677513	-0.183456253	0.162755455	0.333428936	-0.14313942	-0.021032921	0.057510028	-0.503478126	-0.192879998
UMARY	4903	0.233665208	0.071101858	0.002028691	0.135277935	0.015637456	0.009104938	0.037018112	-0.076296755	0.184184635	0.482397973	-0.015674972	-0.003538816	-0.054999056	0.128745915	0.001793731	-0.003749974	0.036850363	0.092215494	0.059576823	0.096013261	0.017604482	0.101814136	0.149586059	0.193354136	-0.013271276
UMARY	4915	-0.016419132	-0.050634537	-0.195791754	0.027427717	0.066181534	-0.016361463	0.086747618	0.091482108	-0.093714759	0.007625382	0.025032352	0.052350239	0.113673785	0.021770202	-0.110948673	0.033318684	0.051580326	-0.262419828	0.081584978	0.032696313	0.086182216	0.064536884	0.147329926	-0.326082263	0.025828788
UMARY	4916	-0.191032076	-0.005594942	-0.040846769	-0.019021737	-0.02651282	-0.095416377	-0.004742646	-0.066314149	0.487288293	-0.068631573	-0.013099162	-0.146547724	0.265765501	0.097335661	-0.01941015	-0.072230911	-0.054033263	-0.191518151	0.008192631	-0.064115745	0.004040244	-0.165475539	0.000436503	0.032727064	-0.246906303
UMARY	4924	-0.008897911	-0.100019964	0.099394948	0.09892733	0.084378226	0.060820279	0.196872083	0.223656326	-0.293009225	-0.10313213	0.203853137	0.16421859	0.056403235	0.203423105	0.127825917	0.310461791	0.109566388	0.156953362	0.179407912	0.094584054	0.082245402	0.282335461	0.199731218	-0.240999943	-0.20631643
UMARY	5024	0.219757191	0.0243321	-0.463024139	0.034998359	-0.026720043	-0.011478977	-0.005183526	0.006911729	-0.385845731	-0.291788381	-0.005343316	0.023061506	0.28355746	-0.088520799	-0.206434321	-0.070010839	0.109429794	-0.69036603	0.014676946	0.0685602	0.0395186	0.12061312	-0.131199208	-0.124889854	-0.220945079
UMARY	5028	0.014209847	-0.015232819	0.102902694	-0.047023212	-0.059465225	-0.071627723	-0.064187891	-0.079967898	0.105604086	-0.721625796	-0.073093348	-0.099207721	-0.089358925	0.262600598	-0.187180133	0.002841789	-0.012616292	-0.132285399	-0.088929657	-0.168195042	-0.004359914	-0.042937513	-0.121739288	-0.007680643	-0.019369818
UMARY	5078	-0.016981764	-0.056972178	0.091994489	-0.100634657	-0.093996141	-0.121782945	-0.072932045	-0.139256124	0.390934684	0.262713879	-0.097642425	-0.084249518	-0.030347459	-0.106155942	-0.129726622	-0.134253851	-0.033827342	0.319948282	-0.099388055	-0.12099998	-0.013179584	-0.095512394	0.035863015	0.210603285	0.092814089
UMARY	5079	0.198351756	-0.023897789	0.21589899	-0.001007852	-0.059886463	0.026114361	-0.050822071	0.03020932	0.263974467	0.247379703	-0.093859002	-0.029368238	-0.089001604	-0.05523174	-0.025099805	-0.106619646	0.087259223	0.278346136	0.036199255	-0.067919515	0.074480485	0.096822671	-0.014234217	-0.139301741	-0.027262569
UMARY	5081	-0.143483878	0.017080275	-0.092793638	-0.096122319	-0.014237788	0.081327616	-0.023629983	-0.00799282	0.053734154	0.138402446	-0.021494115	-0.135134199	0.09620205	0.11335571	-0.149604153	-0.021647292	-0.049324781	0.072212394	-0.038106129	-0.085213926	-0.055141498	0.040660164	-0.029775608	-0.198245517	-0.226241003
UMARY	5086	-0.130502067	0.011444018	-0.520082696	0.031621878	-0.076990541	0.157065975	0.028805668	-0.049941955	0.187549333	-0.157045275	0.013495228	0.082256631	-0.0452383	0.257911767	-0.024043265	-0.027916374	-0.071870719	-0.465058724	0.055467604	0.009023276	0.101091472	-0.002482485	-0.039339951	-0.063081019	0.119910468
UMARY	5087	-0.1346296	-0.081042111	-0.015137213	0.097324672	0.090431598	0.043674385	0.22036848	0.047895386	0.175021885	-0.373168156	0.069797528	0.094539166	-0.084682488	0.062364221	0.070131296	-0.005517724	-0.008765876	0.489637304	-0.006556352	-0.099365919	0.139269629	0.000254256	0.126270985	0.072694506	0.022445953
