FID	IID	1	2	3	4	5	6	7	8	9	10	11	12	13	14	15	16	17	18	19	20	21	22	23	24	25
BLSA	745	0.122051274	-0.006534318	0.233309308	0.448022526	-1.544969974	0.402937004	0.157950535	-0.292012185	-0.197090981	-0.563130579	0.361310034	0.368788605	0.365341821	-0.114286389	-0.271918354	0.530082517	0.477613015	0.138963105	0.094942443	0.187087975	0.076740848	0.267172588	0.302408881	0.342825007	0.256711543
BLSA	827	0.054324612	0.260618568	-0.226255361	0.158448946	-0.583706318	0.379612469	0.075023593	-0.078464306	0.699992501	-0.51112004	0.349766673	-0.094962387	0.338833687	-0.452254505	0.196362399	0.380035594	-0.036351907	0.006988233	-0.190155517	-0.138301951	-0.106976754	-1.0121334	0.20425439	-0.036493271	0.088070092
BLSA	1556	0.164873601	-0.048733232	0.183352298	0.275375089	0.019706881	0.061685533	0.038088388	0.205880323	0.461912372	0.08458688	0.039807697	-0.083019138	0.191257859	0.176638288	0.193462996	-0.244302816	0.234739571	-0.124045095	0.300113704	-0.227916219	0.347378723	-0.223144675	-0.242576347	0.193764567	0.139322239
BLSA	1579	-0.256532743	-0.059318991	-0.228491578	-0.196647249	0.609139229	0.04184953	-0.033996996	0.186279674	0.159024542	-0.115474722	-0.228476872	0.053446914	-0.24747426	0.104612419	-0.409325366	-0.152877778	-0.317786992	-0.235630062	0.048017633	-0.26895801	-0.135322556	-0.176174984	-0.282251171	-0.218382269	0.410998924
BLSA	1595	0.57472825	0.891978453	0.206907112	-0.956071291	-0.547283831	-0.529135407	0.056036095	-0.437269831	-2.251813098	0.429362051	-0.158015234	0.118765852	-0.165522976	0.687658836	-0.620654284	0.697983846	-0.386309278	0.560926926	0.139393494	0.648803476	-2.251869971	-0.508312267	0.733981374	0.693664777	0.697036152
BLSA	1603	-0.117055135	-0.035059507	0.021640676	-0.1250287	-0.130200592	-0.005586266	-0.083141226	-0.122187817	-1.056218035	0.357851471	-0.092163406	-0.146220919	-0.072207439	-0.094292512	-0.386046095	0.024178359	-0.046628542	-0.062317787	-0.321721379	0.054209664	-0.027392791	0.738379978	-0.007221275	0.000487999	-0.080726251
BLSA	1640	0.04614648	-0.130582733	0.171027851	-0.008451659	0.40911705	-0.022157045	0.014144045	0.393268633	-0.633306089	0.149696781	0.277078631	0.069383822	0.156496305	0.154069872	-0.093023965	0.004229633	0.030647	-0.03610713	0.000564416	0.36152897	0.030186131	-0.442883152	0.136988571	-0.076072268	-0.148043772
BLSA	1775	-0.013599564	0.101802684	-0.458775661	-0.124945815	-0.292586776	0.094144221	-0.0897033	-0.46289151	0.198889141	-0.316220275	-0.310238614	-0.287732866	0.408169501	-0.227181865	0.303964168	0.247945678	-0.310817062	0.223038779	0.064922361	-0.438729618	-0.180695896	-0.400291212	-0.241502729	0.088941488	0.029483007
BLSA	1802	-0.18281213	-0.253801918	-0.029597019	0.171460806	0.240546914	0.145515904	-0.00235807	-0.299446093	0.408338001	0.223713699	-0.145064762	0.032049841	-0.185414279	0.107410373	0.045024403	-0.187009092	-0.047957504	-0.106443747	-0.061376188	-0.063696635	0.449838921	0.633706114	0.002443724	-0.081929489	-0.128188234
BLSA	1805	-0.227631968	-0.204522092	-0.094506891	-0.136139753	0.430836091	-0.000742918	-0.262862358	-0.078384145	-1.24586079	0.095470893	-0.092732495	-0.132133103	-0.094736034	-0.126547766	-0.304679197	-0.291017678	-0.093212574	-0.13339209	-0.336585758	-0.143187104	-0.050270258	0.699953658	-0.184635	-0.168261687	0.18082322
BLSA	1838	-0.171310621	0.10373852	-0.169303626	-0.030101082	0.106787271	0.056511743	0.049489006	-0.074519923	0.486046543	-0.335974535	0.130582115	0.179734681	0.123908882	-0.02862078	-0.245539084	0.123971416	0.12642401	-0.245517582	0.193170553	-0.127132945	-0.05651742	0.195680775	0.003495567	-0.194523987	-0.282531893
BLSA	1839	-0.112686079	-0.288327134	0.067900201	0.252574998	-0.075005295	-0.060686803	-0.066679767	0.367354309	-0.367146074	0.238230467	-0.044077319	0.345972811	0.219514268	0.059007269	-0.057852548	-0.136917076	0.138682256	-0.050597008	0.031569452	0.061919595	0.414920865	0.424871608	-0.059655544	-0.042195576	0.074114537
BLSA	1840	-0.170246492	-0.134860465	-0.097507543	0.017564063	0.016741475	-0.188617471	-0.101750789	-0.044902518	-0.322389875	-0.281131004	-0.052774194	-0.068277693	0.02328718	0.011167596	0.248399356	-0.079798265	-0.042573697	-0.035901012	-0.178897198	-0.120161227	0.443553538	0.275721389	-0.259961772	-0.25681946	-0.335469668
BLSA	1883	-0.18132822	-0.045381669	-0.157606859	-0.142064663	-0.047403274	0.095811644	-0.190622829	0.089219147	0.587315275	-0.114730981	-0.150672479	-0.036148708	-0.039595471	-0.182381233	-0.022202686	0.028887088	-0.119472909	-0.09922082	0.082349268	-0.022129162	-0.061462774	-0.22916365	-0.069318827	-0.135588053	0.022143674
BLSA	1889	-0.103856954	-0.190809057	-0.011639073	-0.058948399	-0.101729476	-0.032362532	-0.048310394	-0.063020006	0.780413238	-0.293468413	-0.095523858	-0.04932055	-0.22578319	-0.307588274	0.077597249	-0.085725579	-0.012520273	0.001853994	-0.069802908	-0.019670067	0.279145944	0.538119091	-0.146604712	-0.091928697	-0.123400537
BLSA	1924	-0.099229322	0.174173165	-0.058590975	-0.040118628	0.22217425	-0.231757253	-0.096250151	0.432130104	0.280953865	0.045764096	-0.034810104	0.043037682	-0.142089923	-0.069180552	-0.25327925	-0.127288987	0.070071943	-0.068687148	0.258855776	-0.002292275	-0.093566572	-0.210040226	0.082586231	-0.133495658	-0.145912675
BLSA	1961	-0.011318377	-0.005753463	0.139769954	0.076480134	-0.009112845	-0.024481386	-0.095126724	0.029547605	-0.816540512	0.223154607	0.086048331	-0.130806012	-0.120423494	-0.251950126	-0.065355447	-0.342222716	0.18035774	0.018548614	-0.388138086	0.021743862	0.200863201	0.069402952	0.096778993	0.105116038	-0.197200998
BLSA	2000	-0.112424197	-0.200027167	0.041136561	0.154556362	0.66937748	0.014685183	-0.058669311	-0.056067103	0.401799526	0.664189576	0.022371583	-0.395950519	-0.165393665	-0.158205568	0.024848313	-0.196795642	0.064421648	0.016753424	-0.110846156	0.000466889	0.282756494	0.215921027	-0.177244607	-0.076786167	-0.01873997
BLSA	2020	0.162825738	0.04636122	0.027323971	-0.085381929	0.592193702	0.066068342	0.075512342	0.285398914	-0.971210803	0.100235153	-0.042296489	0.139911631	-0.125633477	0.143355708	0.141318488	0.087326618	-0.011867823	0.079932252	0.117971892	-0.020555321	-0.030566914	-0.445058114	0.064483883	-0.012857527	-0.019090254
BLSA	2037	0.005746429	-0.095645591	0.015324567	0.017915175	0.615511374	-0.206985775	0.142601363	0.310304529	1.349369336	0.263733219	-0.186236947	-0.169960533	-0.071996563	-0.062634459	1.820437666	-0.149624668	0.089834826	0.0670079	-0.07859101	-0.065281603	0.152603777	-0.19377332	0.011856675	-0.087388089	-0.222984077
BLSA	2066	-0.049976026	-0.070687436	0.079021781	0.017938872	-0.48871056	0.015632131	-0.013324861	-0.458041521	0.617295477	-0.04439733	-0.099723267	-0.068206025	-0.043702611	-0.181310932	-0.018500994	-0.072037607	-0.064581487	0.031722178	-0.222600442	-0.011907571	0.07746403	0.058007048	-0.06896421	-0.005934183	-0.003209919
BLSA	2069	0.127888518	-0.070068681	0.086267559	0.224648227	0.198485032	-0.024720735	0.187566597	0.563878609	-0.530553083	-0.159495524	0.245619534	-0.020549795	0.054243792	0.125123221	0.037736392	-0.315618484	0.157367392	-0.036451742	-0.030889954	0.040281138	0.212335317	0.075785052	0.015667082	0.047627064	-0.11005622
BLSA	2093	-0.009807802	-0.046081829	0.037111293	-0.202769502	0.139353013	0.087302868	-0.005923971	0.014306541	0.579685999	-0.141729015	-0.192054575	0.08175393	-0.085797181	-0.242168491	-0.260041162	0.170229651	-0.189283327	-0.149880766	0.012242123	-0.044739918	0.091759245	0.120930763	-0.198465452	-0.094231412	-0.062459533
BLSA	2102	0.561230728	0.307522675	0.222181456	0.291683471	-0.449260821	-0.134522981	0.352308782	-0.41036143	1.381093524	0.000883524	0.412276016	0.250442481	-0.095282732	0.929559867	-0.080732998	0.08636599	0.109203974	0.238456585	0.645491481	0.338618057	-0.06490513	-0.472677044	0.283456276	0.24046085	-0.020689389
JHU	384	-0.127467005	0.017641183	-0.006300163	-0.073742479	-0.496398043	0.118613206	-0.156113385	0.058708187	-0.148512731	-0.268411584	-0.111176365	0.066841867	0.132120521	-0.335059162	0.030395282	-0.250041393	0.123223748	-0.101357853	-0.170850585	0.036186314	0.019160832	-0.101561981	-0.132507225	0.07189282	0.098044721
JHU	705	-0.094990169	-0.222980006	-0.007990351	-0.043358011	-0.761644797	0.00774703	-0.219913717	-0.063860265	0.523687216	0.372363915	-0.091654593	0.290678735	0.04880385	-0.022986356	-0.031446346	-0.120312793	0.056421391	-0.187648575	-0.046715021	-0.047948149	-0.078094939	0.57991525	-0.185893018	-0.001388252	0.003191205
JHU	710	0.076287664	0.031780316	0.072737175	0.068045342	-0.572797187	-0.10711636	0.00228893	0.000500758	-0.138249452	-0.180902803	0.131158452	-0.00232383	0.196744262	-0.028444306	0.066900149	0.161384845	0.085038249	0.073601772	0.043128637	0.170304266	0.040258188	-0.21357036	-0.009593866	0.095218388	0.171270386
JHU	712	0.084680987	-0.028725576	0.119200664	0.08461637	-0.494423189	-0.044435634	-0.087179991	0.077047918	-0.577851813	-0.357038717	0.10181462	0.20165822	0.121181524	0.135911485	0.029044337	0.178633692	0.057706668	-0.108240365	0.232875585	0.172488011	0.003912939	-0.317810046	0.054403919	0.113572927	-0.098000444
JHU	713	-0.049362234	0.180934342	0.048753301	0.000825977	0.134384724	0.160973368	0.362625582	-0.250087953	1.073838311	-0.352224009	-0.407889103	-0.372940042	-0.041174225	0.097880446	-0.059013672	0.432340709	0.148816319	0.234730984	0.074745149	0.009861797	0.354684571	-0.175146733	-0.108666786	0.11772096	-0.172694215
JHU	719	0.017048981	-0.107593932	0.158642978	0.055754598	0.724488946	-0.005356399	-0.001472547	0.073131099	-0.110746456	0.336200306	0.120061051	-0.003373156	0.059615673	-0.067310168	-0.034767483	-0.094264827	0.035416068	0.043587447	-0.23285713	0.205532446	0.170973819	0.47306663	-0.008420731	0.034122111	-0.012170588
JHU	993	0.215236278	0.09652011	-0.505758064	-0.05249166	0.459098416	0.123460003	0.042984624	0.236311093	-0.452486774	-0.208837508	0.162217808	-0.163106278	-0.413994882	0.199903506	0.096144915	-0.166610087	-0.516375005	-0.04525558	-0.093297702	-0.5934967	-0.255479102	-0.37943648	0.29158782	-0.480967234	-0.31527887
JHU	994	-0.19132227	-0.141550676	-0.042232599	-0.172482144	0.548885484	-0.058472682	-0.059287928	-0.182475058	0.239743125	0.430132954	-0.056793599	-0.031838091	-0.128157294	0.024157086	-0.176272951	-0.114913022	-0.036278531	-0.038704198	0.207010721	-0.065368764	-0.18415188	0.566843377	-0.103910746	-0.102262901	0.314171749
JHU	995	0.069887769	0.17397424	0.162947059	0.132832007	0.458405646	-0.195412532	0.116068433	0.050724222	-0.409421425	0.228717445	0.152261729	0.014402576	0.024860572	-0.004052532	0.079015769	-0.026217124	0.046031093	0.129286368	-0.014039656	0.112440778	-0.071264429	-0.432299657	0.203000633	0.152091181	0.011466055
UMARY	142	0.112379327	0.212285982	0.096606364	-0.049474194	-0.604740061	0.039769378	0.067395354	0.152460549	-0.602224333	0.150675826	-0.02369593	0.244982395	-0.053318747	-0.058636761	0.0221148	0.118622957	0.123237991	-0.010022918	-0.020110774	0.077056929	-0.104122178	-0.257600185	0.191430768	-0.039948213	0.005161418
UMARY	602	-0.097547346	-0.132015171	0.028201381	0.124056449	-0.073343662	0.128807991	0.01741104	0.067485836	-0.041422779	0.063729412	0.118040576	-0.075390112	0.27814024	-0.109088555	0.351372851	-0.015593464	0.096113874	-0.029456213	-0.162691514	0.010157754	0.326248882	0.019136067	-0.011773116	-0.009786632	-0.100627249
UMARY	604	0.011675725	-0.046830564	0.00910479	0.012811075	0.563700335	-0.005488862	0.017628174	0.050432269	-0.437721282	0.00202041	-0.011690274	-0.027401157	0.024158478	-0.287611488	-0.127734494	0.085465636	0.013740634	0.061439419	0.223858962	0.042855775	0.003123951	0.291192618	0.019347416	0.007567196	-0.080821142
UMARY	813	0.046949838	0.020551853	-0.001749374	-0.011571821	-0.194080421	0.200469815	0.043654281	-0.007154572	-0.891414356	-0.402233113	-0.00986717	-0.080853875	0.088801979	-0.000145801	0.02042685	-0.067753333	0.00543068	0.055137841	-0.066923277	0.042418743	-0.01086713	0.050993565	0.025567379	0.011763534	-0.091804763
UMARY	819	-0.038751159	0.150531338	-0.036562802	-0.009647476	0.104561298	-0.065278994	-0.017990861	-0.215111708	0.91783513	-0.267995706	-0.007186779	-0.154509982	-0.037142591	-0.016748399	-0.042259039	0.114736459	-0.056091446	0.025530907	-0.023722417	-0.043066183	-0.004102066	0.105455419	0.04213291	-0.047823339	0.533383428
UMARY	871	-0.022954951	0.057856208	-0.037247901	0.028039031	-0.111674842	0.310437193	0.050703685	0.16086326	-0.832853057	-0.108777724	-0.017422073	-0.013481803	0.065027277	0.011478064	-0.052195804	-0.082700119	-0.012696885	-0.004657784	-0.265522786	0.011091072	-0.01918068	0.031201086	-0.008467694	0.026844302	0.106531908
UMARY	879	-0.037667998	0.020575637	-0.116895503	-0.139111047	0.127847146	0.125930687	-0.028043632	-0.029346923	0.00390556	-0.000867062	-0.090100921	-0.022081012	-0.081478114	0.069724018	-0.128733669	-0.079218168	-0.057610231	-0.022806991	-0.119505543	-0.098073216	-0.144368659	-0.0084939	0.013787411	-0.026781875	-0.145591034
UMARY	880	0.064207402	0.207281646	0.212158104	0.179108114	-0.754178417	0.209366888	0.106484273	0.316936603	-0.510039246	0.085715202	0.17275361	0.309676959	0.063557335	-0.040485481	0.123068256	0.118239868	0.061248955	0.12600965	-0.156678918	0.236905037	0.162328641	-0.537857063	0.123228969	0.152543447	0.068968129
UMARY	914	0.011453889	-0.068342738	0.012546447	0.004679076	-0.268939772	-0.328081277	-0.049855767	0.008188294	0.199432418	0.191026513	-0.028979605	0.041436751	0.021563018	0.008470265	0.04071462	0.139956366	-0.05770723	-0.025451066	0.142555442	0.01374499	0.008102223	0.178071988	-0.037820651	0.047741398	0.08322503
UMARY	933	-0.119351524	-0.173056443	-0.081349345	0.055237011	0.206352474	0.279484223	-0.034865306	0.327860958	-0.066697536	0.162344549	0.050206763	-0.080196466	0.06932419	-0.229836059	-0.04841806	-0.235683526	0.085584636	-0.091234453	-0.23322191	-0.049579888	0.32399769	-0.071297432	-0.125169994	-0.095731703	-0.102814855
UMARY	1028	-0.200117078	-0.183288918	-0.141325048	-0.105065675	0.121272868	0.005731625	-0.110734362	0.060141562	-0.272873173	0.388176782	-0.245541327	-0.204665413	-0.082001415	0.12501617	-0.200433338	-0.096701659	-0.13897529	-0.14530562	0.07490625	-0.135703928	-0.075462596	0.378762816	-0.242859764	-0.157798938	-0.277199564
UMARY	1037	-0.122172025	-0.237978038	-0.042754195	-0.029504714	0.354458348	-0.152877163	-0.092275996	-0.269356592	-0.214957418	-0.427250954	-0.110280164	-0.024187841	0.10502204	0.137910929	-0.189261525	-0.078423865	-0.087310164	-0.051555896	0.151671211	-0.075489247	-0.08033654	-0.115246324	-0.089019446	-0.042348087	0.012722581
UMARY	1064	-0.057028125	-0.006687832	-0.052696656	0.083984402	0.414552004	-0.065279424	0.077385954	0.116527505	-0.940287331	-0.1017671	0.132029947	0.003314056	-0.024362871	-0.070813882	0.099071021	-0.111601895	0.113664978	0.001363297	-0.061252989	0.074547189	0.340783462	-0.054356744	-0.033228581	-0.079413402	-0.064355945
UMARY	1065	-0.087497524	0.159152636	-0.064354601	0.05073445	-0.514554452	0.098941751	0.152658787	0.056882403	0.597643512	-0.071950634	0.257062815	0.115518758	0.011698084	0.130154635	0.119029327	-0.010194722	0.032290898	-0.014924536	0.025027799	-0.010515255	0.467383981	-0.161889133	0.095877317	0.057863418	-0.094490496
UMARY	1076	-0.055031938	0.145185778	0.001907876	0.017866725	0.02820941	-0.178853069	0.100730442	-0.093774179	0.105372717	0.034527111	0.107791405	0.042254602	-0.051912426	0.06162552	0.053413541	0.016217688	0.06635705	0.06257959	-0.124221361	0.042669799	-0.00542073	-0.015958594	0.079079876	0.021321493	-0.14786472
UMARY	1078	-0.029828936	-0.360238256	-0.071148935	0.334736771	-0.011017719	0.299622942	-0.335662435	0.168462706	1.256140587	0.027326654	-0.063760468	0.068432971	0.100220117	-0.20430031	0.655974238	0.00088927	-0.078026091	-0.223515242	-0.444266486	-0.133451987	0.315949691	-0.081447963	-0.205995112	-0.054500616	-0.04822427
UMARY	1079	-0.148922915	-0.230951046	-0.102941251	-0.148726766	0.121687342	-0.081387145	-0.116655332	-0.054076939	0.078908483	0.314285892	-0.166264088	-0.089217125	-0.227914582	0.126292504	-0.079041396	-0.052978993	-0.134266183	-0.139063569	0.040617689	-0.218723442	-0.154787612	0.378583047	-0.192364381	-0.161053839	0.00729691
UMARY	1104	-0.067666601	-0.010365343	-0.009097132	-0.035788446	-0.149381051	0.127190885	0.022985517	0.112283215	-0.51600685	0.318094798	-0.047362321	-0.115578829	-0.080551327	-0.042122649	-0.047799193	-0.087849106	-0.071012311	-0.040986253	-0.027466487	-0.007873586	-0.106953813	-0.039670304	-0.047949274	0.016506422	-0.064187455
UMARY	1105	0.119395708	0.138571224	0.038233734	-0.000161915	0.031861707	-0.079795427	0.09591118	-0.107782028	0.555028269	-0.48794799	0.019463133	-0.021714734	0.123042274	0.214834328	0.039712985	0.230599701	-0.060995443	0.122662819	0.062999585	0.060053761	-0.082347251	0.123885606	0.064562375	0.061579451	-0.032818758
UMARY	1114	0.069851439	0.0309085	0.101630017	0.074588745	0.17154252	0.070133637	0.123623615	0.30458193	-0.458114679	-0.113504386	0.096416728	-0.109378534	0.134647389	-0.006058538	0.000176544	-0.026001501	0.07439559	0.104579805	0.021052609	0.142702459	0.146874148	0.046248762	0.092722235	0.13837326	-0.059263662
UMARY	1133	0.059903237	0.003480265	0.17604423	0.175616394	-0.123357971	0.547516253	0.082236125	-0.13634019	-0.775500793	-0.1692428	0.196133458	-0.068562261	0.348370573	-0.245802128	-0.081508838	-0.007609972	0.19742355	0.198765373	0.242382133	0.270940496	0.311998656	-0.400245534	0.142266306	0.133963621	0.298877166
UMARY	1134	0.071603013	0.104937533	0.025319913	0.001141125	-0.135554771	0.059149839	-0.005821867	-0.212786066	0.081773303	-0.022261417	0.068106701	0.011784046	-0.02830048	-0.041378457	-0.057538376	0.034571391	0.00294931	0.022568373	-0.179963741	-0.010450816	-0.076681519	-0.018221977	0.13723196	0.076438582	0.154207225
UMARY	1136	0.004123657	-0.044958484	-0.048143402	0.021119594	0.15397782	-0.063691001	-0.061785939	-0.145687386	0.535687661	-0.155947101	-0.05971205	0.104026416	-0.05352455	0.055086126	-0.044128347	-0.104838555	0.009083362	-0.045389604	0.049485171	-0.020369416	-0.100977554	0.256383025	-0.028465735	-0.078107585	0.054953875
UMARY	1158	-0.008481822	0.084950236	0.018492923	-0.012797169	-0.158863594	0.099995279	-0.012399073	0.058681539	0.485280617	-0.08478057	-0.025303393	0.067744815	0.155088178	-0.090812703	-0.069090315	0.024784948	-0.031373403	-0.012423265	0.15037993	0.082472265	-0.063983761	-0.387532215	-0.006958552	-0.033802269	0.087797186
UMARY	1170	-0.009835709	-0.01570811	0.028135765	0.067573422	-0.070042054	0.030328079	0.006405789	-0.064088349	0.089731463	-0.214542674	-0.033534416	0.180352951	0.099512724	0.025702494	-0.073533691	0.067188286	0.013903933	0.02461703	0.005264514	0.01462958	0.011998002	-0.254372279	0.019170769	0.028369644	0.005896696
UMARY	1206	0.069669729	0.021839524	-0.054484542	0.10400993	-0.325527563	0.021023358	0.023598809	0.186620356	-1.273483839	-0.19639019	0.058886311	0.167957687	-0.007018942	0.022832283	-0.024185241	0.038653564	0.078718972	0.014735455	0.108927341	0.042572306	0.006176064	-0.57751045	0.01086924	8.32E-05	0.101119037
UMARY	1209	0.042041533	0.100682278	-0.026013436	-0.002198847	-0.102356771	0.219365028	0.025401047	-0.131946161	0.208921565	0.091413833	0.000149552	-0.119944694	-0.043986505	-0.028255429	-0.09391514	0.183893612	-0.100277686	-0.002807786	0.110318931	-0.065200034	-0.158763152	-0.155217733	0.079094375	0.051382954	0.046521418
UMARY	1226	0.074762402	0.133138165	0.070865684	0.012641191	0.235314974	-0.084405015	0.075898424	0.000484735	-0.397120435	-0.072434599	0.037657743	-0.055642421	0.086215818	-0.180395286	-0.029525074	0.130268746	-0.00231822	0.098328386	-0.389056752	0.101763544	-0.030089501	-0.228736405	0.04160836	0.034867798	-0.078862369
UMARY	1230	0.03613229	0.01713867	0.030951353	0.06435277	0.107656026	-0.067309502	0.067584203	0.121842698	-0.427234076	-0.467184152	-0.014130863	-0.112565357	0.113623488	0.071257458	-0.041956558	-0.098744914	-0.006571699	0.017045515	-6.86E-05	0.047206241	0.034297388	-0.006181523	0.030385077	-0.044259156	-0.074340421
UMARY	1260	0.193901199	0.068792037	0.153302912	0.129300857	-0.504187394	-0.177852163	0.178802656	-0.300696154	0.157725543	0.106612352	0.112235539	-0.02705907	0.096267936	0.088869009	0.014107949	0.1372026	0.095384156	0.176799398	-0.104734655	0.136503832	-0.037544382	0.006591695	0.153793881	0.213360462	0.13651071
UMARY	1326	-0.018521497	0.135316131	0.067356575	-0.02400113	-0.294314286	-0.06699105	-0.012573024	0.041298414	-0.266038695	-0.085402292	0.016173013	-0.033793997	-0.031570835	0.029924443	-0.024598084	-0.062669753	0.029598891	-0.031767715	0.013838039	-0.001443929	-0.117469752	-0.097110606	-0.044161403	0.024021483	-0.044712652
UMARY	1454	-0.069234314	0.050360621	-0.079801646	0.00937269	0.387681609	0.111018728	-0.005561754	0.094013835	-0.795360529	0.032072945	0.000570665	0.079554873	-0.037141937	0.093934559	0.004437148	-0.022956915	-0.014363719	-0.015518554	-0.012988573	-0.069216107	0.050920339	-0.438452217	0.011574994	-0.004855284	-0.00341481
UMARY	1465	-0.007638795	0.067869361	-0.061289479	-0.135349473	-0.106863726	-0.158629467	-0.056586367	0.082871177	1.119605451	0.288870995	-0.070739887	0.070153683	-0.100178224	-0.025586104	0.011612431	0.033547798	-0.055691562	-0.043117035	0.034978178	-0.051979266	-0.082159448	-0.085535755	-0.02538647	0.040161658	0.047013017
UMARY	1486	-0.121516265	-0.165368686	-0.02901307	-0.044659141	0.003577029	-0.092699114	-0.086608916	0.031680314	-0.164200446	0.388481728	-0.165676751	-0.078257863	-0.202099222	0.049466219	-0.02574635	-0.261783149	-0.032510456	-0.08263012	0.240690256	-0.119751488	-0.1510094	0.339573625	-0.124881714	-0.103067372	-0.045645508
UMARY	1498	-0.091775319	0.036637957	-0.122018841	-0.154764352	-0.049147726	-0.093429707	-0.016655972	-0.141655109	-0.104076785	0.215519485	-0.039617544	-0.07715693	-0.092982631	-0.019290732	-0.11078853	0.080536082	-0.011592084	-0.023605633	-0.016019819	-0.016942778	-0.130071194	-0.055045024	0.072492627	-0.012565232	0.006662464
UMARY	1502	-0.149849965	-0.102070887	-0.016370514	-0.126721753	0.28510633	0.032896675	-0.147754436	0.050146759	-0.439048734	0.235738372	-0.141464639	-0.171179404	-0.080524887	-0.055938808	-0.048148068	-0.216004088	-0.014005744	-0.097161961	0.052376322	-0.006031897	-0.071137958	0.052443209	-0.10879094	-0.078237579	-0.405229464
UMARY	1535	-0.030124506	-0.075840443	0.055361986	-0.040918003	0.484297924	-0.137839144	-0.039366277	0.025737955	-0.59296743	0.164706199	-0.01175779	-0.116652886	-0.054194991	0.004901093	-0.038473633	-0.048644851	0.045224392	-0.037889349	0.157605794	0.061539784	-0.027454813	-0.116339484	0.035855617	0.025419394	0.340438866
UMARY	1540	-0.01765261	-0.043260154	-0.053550952	-0.125487737	0.206599253	-0.026046583	-0.094114256	0.027869054	0.088165068	0.342968587	-0.087302866	-0.025639618	-0.009439882	-0.150729458	-0.084675837	0.060058485	-0.023718399	-0.044244659	-0.198200763	0.133808301	-0.231053412	0.122578462	-0.140516097	-0.060925099	-0.209567353
UMARY	1541	0.077604458	0.085523001	0.112032683	-0.011335675	0.064829615	0.101957528	0.057583243	0.06127093	0.581593912	0.066597694	0.098090547	0.075574792	0.081622764	0.064947449	-0.00364597	0.051156094	0.130965549	0.124851488	-0.048004772	0.115598597	0.13691879	-0.012636268	0.017418234	0.083305982	0.079450298
UMARY	1544	-0.132212348	-0.02393318	-0.074924451	-0.080958534	0.359249253	0.072576764	-0.060742664	-0.048374296	0.615016762	-0.067335388	-0.053391754	-0.15692467	-0.073834892	0.115351334	-0.042328664	0.002506694	0.007747163	-0.098779375	0.137450702	-0.026917471	-0.099492004	0.144483088	-0.096200037	-0.079470984	0.294150372
UMARY	1545	0.115299948	-0.023409553	0.103004921	0.152744192	0.699182697	-0.1401611	0.050048289	-0.290706587	0.107770092	0.273501815	0.118077286	0.091217794	0.092882128	0.206977455	0.042570004	-0.032005383	0.118600567	0.207501281	0.028935382	0.180602753	0.224865572	0.568848996	0.09869093	0.123492419	0.017295342
UMARY	1568	-0.049409366	-0.145518245	0.097958287	0.006147722	0.621208344	0.102763844	0.022091061	0.046013441	-0.307913927	0.100771698	0.024575086	0.047395857	0.016832433	0.062354406	0.005508348	-0.039121401	0.01731043	-0.026109576	-0.019060647	-0.06885611	0.127996393	-0.009338313	0.028157752	-0.001662005	-0.057343466
UMARY	1570	0.014297159	0.062770677	-0.032557211	-0.000234417	-0.248884384	0.065572788	-0.045053259	0.069957894	-0.102635917	-0.120971136	0.009639153	-0.045229552	0.004837672	-0.044928112	-0.048032456	0.05719542	0.059913191	0.019765896	-0.204988624	-0.023764752	-0.09874097	0.026739557	0.057938669	0.088194245	-0.10338882
UMARY	1571	-0.02068627	-0.112606706	0.019421996	0.022867225	0.550213386	-0.134812292	0.089918233	0.106664632	-0.106887604	0.210158125	0.017559481	-0.129800754	0.027623774	0.161124925	0.028114737	-0.086651882	0.030299556	0.110663275	0.06422585	0.057635531	0.07002388	0.388070299	0.09910989	0.092235168	0.109842168
UMARY	1578	-0.110688422	-0.187704704	-0.029641648	-0.018505846	0.647074236	-0.068640413	-0.074413492	0.034537389	0.28147344	0.046074707	-0.095068483	-0.1007568	0.006240608	0.046376134	-0.043467115	-0.177175867	-0.082267365	-0.050703107	-0.132287588	0.010159198	0.046702395	0.414038539	-0.089243816	-0.004241414	-0.264959571
UMARY	1583	0.085924292	0.008066955	0.09266578	0.026381256	0.211630556	0.00106364	0.086233174	-0.15169531	-1.415258258	-0.035653697	0.104123926	-0.012834299	0.000370683	0.091769448	0.335154509	-0.131203322	0.005151023	0.139003523	0.108748268	0.141247412	-0.067662671	-0.724026282	0.128454536	0.160881065	0.010363719
UMARY	1584	-0.051841546	0.004825993	0.065579978	0.105154725	0.168854422	0.207877549	-0.098214804	0.013594372	1.284917249	0.284004174	0.097023655	-0.078545853	0.086812349	-0.085892111	-0.03343311	-0.101707371	0.101654645	-0.075782657	-0.160759271	-0.021309069	0.234511146	0.100083257	0.013311913	0.05117698	-0.101425681
UMARY	1611	-0.257391375	-0.188285002	-0.075938892	-0.077310331	0.185977867	-0.162374876	-0.181552631	0.10182391	0.982941806	-0.140580884	-0.113167261	0.041605305	-0.242222914	0.051474054	-0.18573271	-0.165452922	0.114086594	-0.231672086	-0.023631976	-0.123138987	0.106263566	0.481330359	-0.191036343	-0.235336902	-0.277298965
UMARY	1612	0.068140464	-0.015449285	-0.027757624	0.177950315	-0.808395845	0.027434515	-0.008400627	-0.214104888	2.165742709	-0.369167723	0.02109458	0.111740888	0.201127056	-0.217990301	0.202065107	0.14806153	0.249680169	-0.018139162	-0.034886447	0.101012612	0.337981683	-0.244541829	-0.01164052	0.053698903	0.009681035
UMARY	1613	-0.077810666	0.120010759	0.067057214	0.063209662	-0.877643169	0.374582556	-0.081322627	-0.085855232	-1.092535087	-0.543862395	-0.011181591	0.277763321	0.081925794	-0.249502336	0.022732787	0.177573372	0.158483112	0.016463498	-0.148889276	-0.038034247	-0.023592502	-0.676217869	0.027167951	0.086971991	0.213753469
UMARY	1614	0.016843618	0.151502049	0.079991596	0.038091925	-0.602318626	-0.09068413	0.034877588	-0.180401568	-0.284905822	0.141790611	0.111083586	0.014202337	0.055510949	-0.158839708	0.02934658	0.091678358	0.099613382	0.087898927	0.095873482	-0.023898853	0.131020983	0.147734959	0.001080797	0.063655987	0.011983463
UMARY	1648	0.06452189	0.030065054	-0.013557441	0.009696366	-0.651477114	-0.100413201	-0.086258003	-0.073716437	0.77060976	-0.053378835	-0.043349492	0.159433099	0.043612461	-0.092992427	0.090126196	-0.034302986	0.067436629	0.013835473	-0.022699375	0.000973357	0.079869971	0.36791564	0.048122892	0.003514953	0.131272354
UMARY	1652	0.026224621	0.027803353	-0.053327831	0.079443989	-0.734533086	0.188520639	-0.050212484	0.651602042	-0.070987206	-0.291339972	0.023907704	0.199152938	0.014777514	-0.098335746	-0.129402286	-0.096020173	0.125597153	0.005996762	-0.086651276	0.096906416	0.153131143	-0.818149594	-0.016895203	0.050320906	-0.004984623
UMARY	1668	0.116247063	0.060604816	0.088388122	0.124054148	-0.471842918	0.001870695	0.094714858	0.197013828	-0.230384071	0.062365797	0.092676705	0.087102791	0.09229687	-0.01316391	0.200033773	-0.005917402	0.048549082	0.092830935	-0.026180095	0.089654536	0.075727346	-0.147774434	0.117052181	0.189179629	-0.031587403
UMARY	1710	0.089735011	-0.119831846	-0.07786847	-0.038787163	-0.569986574	-0.304419021	-0.014772739	-0.121006217	0.480014199	-0.107207885	-0.135204415	0.192808193	-0.126559771	0.002007497	-0.00298638	0.090635311	-0.045004141	0.072743379	0.01883952	0.181308344	-0.073130918	0.352104421	0.008520003	0.087992587	-0.316979278
UMARY	1712	0.082516252	0.094943588	0.063729165	0.005134543	0.055213101	-0.116337735	0.053545792	0.011755374	0.355598473	-0.182290796	0.042306076	-0.039330755	0.014414018	0.083286766	0.008613647	0.065573767	0.058626648	0.123293212	-0.206193616	0.048786817	-0.019299888	-0.153559262	0.147904037	0.105980336	-0.008561525
UMARY	1713	-0.014227361	0.008893347	-0.088242758	-0.094662023	0.320630219	-0.200120216	-0.08783175	-0.104302647	0.462795027	0.217060836	-0.080378268	0.075533021	-0.081202895	-0.062437787	-0.039413854	-0.089122778	-0.037554796	-0.007476471	0.147812014	-0.062082401	-0.024819141	0.21560148	-0.065186252	-0.040104676	0.106257137
UMARY	1715	-0.002460196	0.14723655	-0.026927233	-0.135012425	0.17181749	-0.006673064	0.024569496	0.03925228	0.40597165	-0.212817957	-0.007303734	0.008598303	0.053419605	-0.010176055	0.03299407	0.210420532	-0.050176044	0.047006594	-0.184541682	-0.038917955	-0.129577924	-0.004323501	0.03409445	-0.023421121	0.000820948
UMARY	1792	0.018629061	-0.00046886	0.08591887	-0.007005493	0.215024328	-0.190477938	-0.014271904	-0.141087792	-0.041851004	0.666787356	0.038485844	0.036565886	-0.127266039	0.097122054	0.052880393	-0.052180049	0.03867361	-0.024162528	0.324850616	0.070645616	-0.075645342	0.478656624	-0.007423995	-0.03971604	-0.089186907
UMARY	1795	0.017354611	-0.000361764	0.047347567	-0.057186107	0.216053408	0.014779399	-0.050187704	-0.223248733	0.119882697	0.109007165	-0.051582202	-0.041172673	-0.053741038	-0.106540896	-0.026369049	-0.064898925	-0.02873832	0.04475036	0.130522031	-0.076630308	-0.078866395	0.019315541	0.003221107	-0.031781393	0.286142246
UMARY	1797	0.272434525	-0.002956663	-0.03806949	-0.100740632	-0.158145068	-0.12985489	0.048010633	-0.069986513	-0.181300054	-0.191605411	-0.048865292	0.072977774	-0.080117132	0.178759502	-0.043691026	0.24103349	-0.024251451	-0.090164893	0.132186422	-0.057515241	-0.115908897	0.391597729	-0.082029491	0.019777277	0.057292357
UMARY	1825	-0.082429774	-0.11489868	0.061975015	-0.136797565	0.008217914	-0.069865975	0.045264654	0.011762393	-0.05148801	-0.03742862	-0.040888142	-0.107870884	-0.063716883	0.111279633	-0.138271842	-0.076559131	-0.120995747	-0.051125103	-0.022375131	-0.077850514	-0.008525809	0.213772796	-0.066375562	-0.022921417	-0.199099868
UMARY	1827	-0.032488058	-0.025305113	0.003931594	-0.004324603	0.372829143	-0.171161548	-0.069587537	-0.162934469	-0.577048752	-0.035781966	0.01290257	-0.085052425	0.006108077	0.130182737	-0.134086332	-0.113928471	-0.048776476	-0.019889632	0.031481879	0.060952452	-0.000320969	0.433602352	-0.030215555	-0.018225946	-0.173809678
UMARY	1830	0.130448099	0.15519015	0.128063672	0.139634526	0.340219842	-0.153824335	0.114788123	0.121241003	-0.794134319	-0.150924421	0.139377392	0.159700394	0.070013615	0.047526448	0.076366294	-0.000717734	0.07935829	0.197770704	0.10926539	0.147481533	0.106200997	-0.601050891	0.233855104	0.180745974	0.097045108
UMARY	1846	0.039828442	-0.009182335	-0.053712875	-0.026766576	0.294640149	0.067247966	0.093317621	0.114151038	-0.842250215	0.356645939	0.043771406	-0.050653594	0.038826254	0.035816195	-0.014778398	0.028865408	-0.103803895	-0.005008773	0.065044238	-0.06717854	-0.169202775	-0.030238696	0.006951783	-0.050277975	-0.096275023
UMARY	1847	0.038961129	0.058420104	0.061438777	-0.086450608	0.170713977	-0.304278523	-0.090686276	-0.153077294	0.700338108	0.314023518	0.048537377	0.047100995	-0.09965306	0.147597424	-0.109500567	-0.036471092	0.071425189	0.024941448	0.080363643	-0.019129026	-0.035709274	0.307595702	0.050389921	0.071090307	0.046680398
UMARY	1849	-0.159953527	-0.048722149	-0.057349865	-0.0849022	0.608343055	-0.102512736	0.016020779	-0.324149382	-0.278264921	-0.079767078	-0.004541039	0.134814075	-0.102047632	-0.121003348	-0.015561003	-0.045042895	-0.056561383	-0.007231757	-0.005106153	0.060005087	-0.098598049	0.143675353	0.051458415	-0.065160045	0.040327548
UMARY	1862	0.09640101	-0.012555936	0.080332732	0.045884886	0.492114942	-0.274554317	0.02935899	-0.07082471	-0.724051866	0.389546438	0.054102206	-0.019183587	0.039400345	0.146514475	0.051472417	0.112507731	0.092675965	0.09963329	0.18030372	0.057048219	0.107092065	0.247007455	0.021387802	0.155590932	0.175719054
UMARY	1865	0.009663848	0.031953023	-0.02904437	-0.01272072	-0.494802827	0.141429222	0.031648315	0.249386679	-0.810167143	-0.028661911	-0.042811221	-0.074770852	0.023402355	-0.123367473	-0.077959127	0.295573777	0.01097561	0.001970973	-0.103223539	0.056930303	-0.035572724	0.027837425	0.023451644	0.073220896	0.007867114
UMARY	1866	-0.088140279	-5.36E-06	-0.112599302	-0.09645362	-0.195625361	-0.008393033	-0.061363439	-0.299823291	0.499127661	0.185209283	-0.08737265	0.047174615	-0.157227406	-0.060017293	-0.222414642	-0.0153673	-0.083388373	-0.064635121	0.129253145	-0.107639082	-0.165388842	0.086154158	-0.159695973	-0.097327782	0.074706125
UMARY	1867	0.019377471	-0.062443753	0.058466879	-0.09484541	-0.362374196	0.073016261	-0.001220539	0.005009106	-1.172397343	0.092223846	-0.047608253	-0.002726518	0.016693284	0.169810135	-0.140232692	0.120069303	-0.06462527	-0.023985167	-0.103698449	-0.07095337	-0.119098169	0.317791997	-0.030533036	-0.084411924	0.071474728
UMARY	1902	0.057672222	0.032668837	0.067014114	-0.035382593	-0.548373326	0.077295724	0.029464687	-0.070533972	0.211059374	-0.271114106	-0.044068257	0.026286162	0.042971219	0.059724504	-0.055902346	-0.018490597	-0.05529495	0.055116979	-0.226913814	-0.000541506	-0.076786314	0.102193824	0.065546721	0.056283361	0.105151985
UMARY	1903	0.078426892	0.014829899	0.06106358	0.068796302	-0.591627263	-0.209132541	0.059959059	-0.088020953	0.367262861	-0.132692922	0.107167552	0.07648709	0.004624314	0.049217883	0.097814646	0.106405386	0.030790932	0.043179878	-0.011204397	0.174322669	0.028276794	0.219724131	0.095763764	0.050206963	0.254961434
UMARY	1907	-0.145139756	-0.047186314	-0.087344654	-0.144443805	-0.152322918	0.000447104	-0.181331274	0.212550041	1.412738601	-0.289902534	-0.150582432	-0.10328899	0.105346959	0.080330269	0.052233974	-0.117142658	-0.107723581	-0.116647178	-0.142632712	-0.052330804	-0.099367215	0.13740827	-0.169218064	-0.039878097	-0.077576275
UMARY	1917	-0.131856359	-0.019533974	0.052653092	-0.036908001	-0.020850448	-0.260607979	-0.032865197	-0.067518097	-0.234041697	-0.192715674	-0.093752483	0.008167184	-0.125610342	0.089129708	-0.108523565	0.231750995	-0.039486724	0.055246435	0.1444891	-0.122148549	-0.062716017	0.521864067	-0.019025485	0.033010844	0.154029071
UMARY	1935	-0.113663042	-0.170393637	-0.150447255	-0.071860785	0.366570813	0.270481157	-0.086112911	0.197443002	-0.611999647	0.396666934	-0.111459588	-0.152399471	0.023059095	-0.06762659	-0.111484331	-0.169949094	-0.026021475	-0.093299546	-0.099127627	-0.193516408	0.021967039	-0.15804228	-0.147417024	-0.123670894	-0.345555599
UMARY	1936	-0.055211691	0.021618496	0.005145474	0.009651427	0.327087055	-0.078048078	-0.017764318	-0.260543142	0.83566404	0.153153365	0.035247015	-0.070042431	-0.049035126	0.135458523	0.107510794	-0.08628002	-0.045635478	-0.02622776	-0.030801717	0.020333131	-0.004123066	0.219057267	0.068680011	0.102291635	-0.211811766
UMARY	1939	0.434801598	0.557931571	-0.118378417	-0.327032865	0.225549722	0.16078136	0.546267503	-0.014388891	-2.229604425	-0.686272533	0.134949783	-0.34308448	-0.190983516	0.224177877	-0.187337131	0.208067304	-0.810484168	-0.122504137	0.283940899	-0.538327918	-0.990293992	-1.010090317	-0.023359574	-0.660105099	0.415451441
UMARY	1940	-0.02223288	0.047706812	0.006322619	0.103392592	-0.044557045	-0.182854235	-0.086324693	-0.36465803	0.782613097	-0.303422081	-0.000436005	0.055803195	0.084068283	-0.083874963	-0.13330345	0.159786382	0.047850877	-0.042218324	0.270157437	0.084433131	0.177499668	0.378443857	-0.079057253	0.01870754	0.08631876
UMARY	4263	0.068809736	-0.15044956	0.033673697	0.091879928	-0.31677223	0.038828529	-0.063243898	0.163225112	1.502877706	0.075712021	-0.045936173	0.151855521	0.013798967	0.096625043	1.271298608	0.189538869	0.018672766	-0.017928163	0.17007472	0.113686833	-0.087410982	-0.339756352	0.171303226	-0.004870724	-0.018417885
UMARY	4540	-0.088975121	-0.084295054	-0.135516666	-0.221011173	-0.033421999	0.203271453	-0.003299451	0.205653545	-0.384144674	-0.211824024	-0.082623452	0.023148115	0.1147559	-0.172976599	-0.203284082	0.138232199	-0.150703668	-0.102192445	0.016280953	-0.109059026	-0.229793187	-0.112710407	-0.090126693	-0.150336351	0.066605034
UMARY	4542	0.055638062	-0.000704196	-0.004709178	0.071022328	0.058377135	0.159710381	-0.02901765	-0.417007431	0.553714549	-0.290521681	0.056212174	-0.189569368	-0.044432476	-0.003514546	-0.268686974	0.023834918	0.073347676	0.077163894	-0.081204472	-0.021475239	0.183312015	-0.076954037	-0.046838545	0.16595503	-0.000819687
UMARY	4543	0.006409593	-0.027873288	-0.016457972	-0.032379174	0.05283155	0.01493186	0.019551849	-0.074422301	0.720525269	-0.00077943	-0.06381464	-0.067705805	-0.104819665	-0.153819435	0.002829436	-0.092347867	0.010204913	-0.053983777	-0.04785246	-0.097228165	-0.138049364	0.06463039	0.035083281	-0.026619785	0.045334874
UMARY	4549	0.001311139	0.02603892	-0.004927662	-0.032446729	-0.633754299	0.101138269	-0.053035574	0.071276741	-0.602279519	0.36596559	-0.001972694	0.120921317	-0.020446352	0.149434957	-0.038347894	-0.027834709	0.061475513	0.002284607	-0.012017965	-0.022776246	-0.160587265	0.384903195	0.092756839	0.03635196	0.000936572
UMARY	4590	0.02406099	-0.159208366	0.059015556	0.223767319	0.238927147	-0.205953882	0.003141332	0.058621704	-0.033377173	0.083199847	-0.178080541	0.187153599	-0.034249745	0.146399723	-0.108085865	-0.032650145	-0.161050691	0.011719145	0.362625804	-0.111204671	0.185189537	0.196952887	-0.190290395	-0.256809249	-0.127742699
UMARY	4593	0.058644547	0.005522265	-0.044894372	-0.047951537	-0.035433023	-0.009876929	0.039103999	0.010708827	-0.077780812	-0.329987932	-0.052524575	0.034526585	-0.074219803	-0.081598267	-0.009134247	-0.048706625	-0.103309005	0.044202283	-0.228860867	-0.009434084	-0.045108985	-0.198080972	-0.036914782	0.049278814	0.007335027
UMARY	4598	-0.07737378	-0.084539311	-0.075331642	-0.048652546	-0.080287358	0.091789772	-0.056864678	-0.088371299	-0.304622556	-0.169595843	-0.043530721	-0.040089755	-0.126047471	-0.122329554	-0.10536102	-0.086912491	-0.069889441	-0.027796424	-0.119401703	0.029026838	-0.055501226	0.168679283	0.014051869	-0.002795395	0.297686855
UMARY	4636	-0.109776221	-0.088017191	-0.042610815	-0.086269345	0.016824404	0.016266671	-0.134040659	0.090705051	0.084499685	-0.334870381	-0.070735959	-0.090778954	-0.067702914	-0.118434299	-0.022880753	-0.112355634	-0.082722872	-0.125798423	-0.011547678	-0.017732152	-0.002331473	0.092359271	-0.117132637	-0.114952714	0.008826488
UMARY	4640	-0.043545218	-0.146538412	-0.147353624	-0.110554069	-0.156582313	-0.196535833	-0.001006376	0.01832141	1.69027616	-0.046438952	-0.036446893	0.111884075	-0.02027718	-0.025288879	-0.061786941	-0.083361489	-0.092073457	-0.209101343	0.083881444	-0.078805543	-0.017653473	0.005923975	-0.046821914	-0.201773103	0.070609257
UMARY	4725	-0.125794618	-0.004114362	-0.125797516	-0.072367177	0.100115367	0.272690101	-0.04270776	0.215714825	-0.544645894	-0.178386641	-0.077090635	-0.036700575	-0.100488209	0.147366714	-0.049026168	-0.030595568	-0.07094424	-0.001933328	-0.041648581	-0.134042191	-0.140970468	0.267215652	-0.098318782	-0.170675244	-0.09254386
UMARY	4726	-0.050418846	0.013700417	0.104018731	0.030480055	0.313503782	-0.123699489	0.019357498	-0.105028854	0.061088448	0.188896478	0.02660592	-0.006964743	-0.068923458	0.12046983	0.020918949	-0.0630907	0.104520837	0.116423575	0.02491875	0.017930581	-0.00959727	0.494535154	-0.035681677	0.01879407	-0.236345391
UMARY	4727	0.109896185	-0.030373219	0.092122931	0.055632328	0.429061122	0.245927993	0.064821282	-0.149716615	-0.084520047	0.139576463	0.034132355	0.019857684	0.088053968	-0.103014052	-0.086511951	0.08909951	0.033838479	0.088526583	-0.10716815	0.137872599	0.108660168	-0.25906571	0.036314325	0.035016943	0.321399737
UMARY	4729	0.006055602	0.075639713	-0.031956379	0.039130528	-0.005113876	0.089429899	0.083381521	0.302739513	-0.585174904	-0.264449431	0.024712442	-0.023322197	-0.068489785	-0.125145809	0.126814051	0.104078004	0.013144953	0.005596159	-0.012353786	0.030056782	-0.080045265	-0.440865286	0.150931184	0.025376909	-0.052701378
UMARY	4782	-0.158605891	0.007574875	-0.172569522	-0.130455767	0.201264666	0.085324328	-0.012734001	0.053369326	0.129503831	0.378340465	-0.051587817	-0.16166207	-0.234243374	0.043974594	-0.13298742	-0.145785565	-0.06315777	-0.136484348	0.079761887	-0.122257564	-0.086607461	-0.177988738	-0.058721866	-0.11135607	-0.076201095
UMARY	4786	0.085437347	0.01092107	0.094672687	0.07450702	-0.325073497	0.070381824	-0.008120392	-0.065903346	-0.401003467	0.062748167	0.038611896	0.1027774	0.13840964	-0.194160342	-0.078458231	-0.161860334	-0.016311535	-0.035210544	-0.113870327	0.049062986	0.058670785	-0.271432918	0.129593352	0.08069927	-0.04803048
UMARY	4788	0.164426474	-0.088970706	-0.185048336	0.091893138	-0.021752001	-0.087249436	-0.088340208	0.157498171	-0.516482508	0.175578039	0.114932698	-0.065894784	-0.137399026	-0.363893546	0.363122243	-0.155768716	-0.076949665	-0.213146566	0.052736983	-0.177879843	-0.065482624	-0.497617429	-0.113343429	-0.132108167	-0.101614089
UMARY	4789	0.009218586	0.019805741	0.057177771	0.017501645	0.279911123	-0.061635658	0.14023436	0.4773399	2.661112269	-0.069651283	0.145880455	-0.069198675	0.020930811	-0.38782605	-0.04162272	-0.195852588	0.093652927	0.07479154	-0.111955103	0.001022918	0.326631656	-0.431534613	-0.018518303	-0.036420248	-0.114841974
UMARY	4841	0.040240223	0.027289357	-0.057825906	-0.048392793	-0.386079805	-0.299539224	0.003375935	-0.220547571	0.43154417	-0.450206135	0.019263498	0.137593	0.073674215	-0.043408002	0.041112786	0.32167345	-0.035005494	0.01731165	0.106758349	-0.016703717	0.027336391	0.291173022	0.008289305	0.026433828	0.153076088
UMARY	4842	0.165278787	0.184414549	0.006886067	-0.008039323	-0.385429205	-0.014247715	0.086725945	0.324581743	-0.059788346	-0.342664989	-0.038854892	0.222490925	0.07979173	0.209041509	0.029691297	0.352748205	-0.028728474	0.053892616	-0.216519265	0.031024705	-0.00471352	-0.763078397	-0.003436411	-0.024295853	-0.114336346
UMARY	4903	-0.084569895	-0.034545099	0.129248746	0.064093916	-0.183312683	0.14401778	0.086632589	-0.091896901	-0.495008827	-0.043057651	0.036622627	-0.202601763	0.044705478	0.226708601	-0.009428013	-0.190386292	0.042490855	-0.049553439	-0.26108147	-0.04516966	0.001615552	0.306228174	0.005379594	-0.0431084	-0.068994155
UMARY	4915	0.084126661	0.12306327	0.034179153	-0.035851709	-0.481322265	0.003817211	0.07558977	0.177826492	-0.691594905	-0.123299111	0.03170693	0.115329834	0.18650471	-0.011283397	0.089354352	0.201431573	0.089333084	0.025683338	-0.16691801	0.097333119	-0.031166465	0.214689087	0.044244304	0.081546928	0.065581203
UMARY	4916	0.030095401	-0.126688689	0.042289697	-0.023521359	-0.167068994	-0.197508646	-0.072173148	-0.413218489	0.637070078	0.230909103	-0.047741716	-0.022108992	-0.108633668	0.061677749	-0.083910841	0.124393083	-0.004476599	0.001437119	0.29003852	-0.059206791	-0.037298839	0.528177742	-0.069648516	0.119493175	-0.06917683
UMARY	4924	0.19952408	0.099852424	0.207760596	0.169616805	0.250262478	-0.090414984	0.109946069	-0.145723708	0.500340284	-0.124201708	0.147686607	0.106212606	0.031150977	0.590656886	0.157820883	-0.02308378	0.154294678	0.194752056	0.117728116	0.129108218	0.061725059	-0.361048062	0.188380531	-0.020611064	0.07661942
UMARY	5024	0.015670616	0.07038638	0.047323432	0.134429324	0.380015996	-0.361865698	-0.005834942	-0.349285758	1.119246382	-0.008399615	0.027136223	-0.234093639	0.260484896	-0.000161112	0.586690171	0.006956934	0.031323041	0.095023756	0.243096554	0.033273623	0.086825079	-0.054326863	0.031215809	0.084369886	0.004102785
UMARY	5028	-0.031837802	-0.065580676	-0.029886136	0.04182383	0.389098274	-0.071865476	-0.03422553	-0.012619619	-0.427051277	0.368826877	-0.05755044	-0.084890169	-0.146813206	0.282969846	-0.115732326	-0.197827905	0.041729662	-0.069487896	0.051662604	-0.018475567	0.056844856	-0.0892834	-0.049294893	0.029619268	-0.089858914
UMARY	5078	-0.11431459	-0.0856593	-0.129918814	-0.117889156	0.09560087	0.08552976	-0.177454207	0.249414476	0.417453564	0.292890183	-0.117700419	-0.153260334	-0.015850463	-0.140837578	-0.182358314	-0.117424705	-0.05867194	-0.082578259	0.099433005	-0.092557678	-0.058435826	0.146720067	-0.103082694	-0.060628764	-0.256144991
UMARY	5079	-0.046405347	-0.056697239	-0.00246736	0.014472799	0.333656277	0.393844351	-0.02075479	0.098584984	-0.480113498	-0.322331953	0.007108195	-0.047038974	0.065727989	-0.247208083	-0.074076461	-0.106427577	0.029207189	0.035233749	-0.225599482	-0.028970357	0.050415018	-0.063029872	0.008978538	0.053570922	-0.077301069
UMARY	5081	-0.075864532	0.065393045	-0.051364866	0.001790057	0.097453114	0.006389951	-0.059270999	-0.265529639	-0.450240281	0.303573385	-0.023073109	0.075304587	-0.147699802	0.014967764	-0.151956447	-0.030431412	0.051582444	-0.086713353	0.206746198	-0.096135726	-0.028354619	0.216967854	-0.080152601	0.012680842	-0.105192343
UMARY	5086	0.039005113	-0.006081211	0.047766181	0.074717125	0.055451744	-0.143435444	0.005880925	-0.132314977	-0.169096943	0.526333856	0.119917134	-0.011360033	-0.001775104	-0.082926833	0.03001147	-0.051250508	0.062918637	0.00828418	0.203920925	0.008458927	0.077719185	0.017426677	0.020258188	0.009420172	0.137019511
UMARY	5087	0.041240488	0.047839407	0.063276147	0.066395748	0.201432969	0.259795601	0.066002186	0.477382219	-0.926864542	0.423595728	0.074762513	0.062568581	0.044284608	-0.127537706	-0.075251772	-0.088664443	0.07034386	0.094253461	-0.093869871	0.124122095	0.116715431	-0.339251128	0.050095531	0.105773449	-0.028513462
