FID	IID	1	2	3	4	5	6	7	8	9	10	11	12	13	14	15	16	17	18	19	20	21	22	23	24	25
BLSA	745	-0.115488614	1.616370989	0.249847804	-0.091961503	-1.572829981	-0.158985504	0.565622946	0.737342316	0.198449522	0.195300501	1.131886213	0.471298615	0.299540379	0.124668506	0.545330069	0.330798358	0.263737194	-1.086067726	-0.636579821	0.397643474	0.576204224	0.091508862	0.416680003	0.102267896	0.235972623
BLSA	827	-0.676194442	0.965452356	1.748583037	-1.173137046	1.232689989	-0.518448966	0.149138645	0.528267735	0.220439423	-0.209363686	2.192883369	-0.022293402	-0.103264879	0.161047315	0.300238288	0.495497405	0.19840457	0.595437109	-0.36800169	0.016078878	0.412077562	0.058365263	0.080853843	0.216093216	-0.010344762
BLSA	1556	0.621856399	0.087036449	0.763344525	-0.198077928	-0.43171239	-0.433396923	0.155970017	0.174137194	-0.039236796	0.230236031	0.29844956	-0.035729478	-0.357548951	-0.107322833	0.252120318	-0.14538774	0.157471186	-0.171194464	-0.070722877	-0.040072878	0.013869178	0.266928096	-0.013695369	0.300180603	0.045531659
BLSA	1579	-0.019951267	0.233203169	0.50963706	0.015746102	-0.635586416	-0.385632786	-0.218606165	-0.050256214	-0.263853514	-0.297495681	-0.29546569	-0.099617043	-0.272147597	-0.272120635	-0.196939204	0.002141639	-0.204513126	0.427797016	0.064635476	-0.223376477	-0.28573767	-0.144500078	-0.083997514	-0.296048685	-0.189390035
BLSA	1595	-0.436322407	0.095210653	-0.219162396	-0.348719407	-0.418643123	-0.297812964	0.611673024	-0.057375207	-0.449456497	0.569664404	-0.804595012	-0.108048659	0.65977085	-0.237060346	-1.593307714	0.438643943	0.706995078	-1.662712629	-0.235656413	0.216064888	-1.531355227	0.492302021	0.55174665	-0.069764682	0.132974117
BLSA	1603	-0.034454463	-0.443849212	-1.333081005	0.836432306	-0.368037107	0.441138925	-0.168878564	-0.216948365	0.01273405	0.058502378	-0.535704468	0.107213787	0.296452312	0.019204341	-0.082542351	-0.115988641	-0.153847444	-0.601842152	0.275312227	-0.015530482	0.000608721	0.053000757	-0.210148903	0.023687096	-0.130898873
BLSA	1640	0.438694162	-0.248729418	0.921415513	-0.266245899	-0.652812185	-0.175895213	0.13072066	0.049081243	0.00297802	0.147641113	-0.263099515	-0.167139257	-0.293917055	-0.001333462	0.196951012	0.024242387	0.014335683	0.36778064	-0.015101769	0.035871423	0.151159681	0.156917197	0.158121507	0.293219848	0.148318408
BLSA	1775	-0.844406749	-0.091954563	-0.41108638	0.070601704	2.466353365	0.298376257	-0.059066011	0.097106909	-0.180839785	-0.021659404	1.848535979	-0.286993422	-0.149905322	-0.304823794	-0.448533993	-0.076434568	-0.164231654	0.493231599	0.030931794	-0.438460845	-0.261124399	-0.62219266	-0.456662704	0.044985838	-0.21326705
BLSA	1802	-0.00842837	-0.378987929	-1.013346718	0.606262056	-0.402966749	0.314993185	-0.160455748	-0.170430865	0.031318795	-0.187300447	-0.853402784	-0.077282091	0.314710409	-0.005630119	-0.036694774	-0.117308254	0.001137613	0.066392874	0.155205023	0.034480325	0.104656575	-0.136542921	-0.107063826	-0.126480893	-0.068339796
BLSA	1805	0.319447183	-0.00324403	-1.493253535	0.768871415	-0.275285538	0.560379722	-0.304309321	-0.109110748	0.177632721	-0.114906044	-1.052916217	0.269046482	0.485412392	0.033999821	-0.175318103	-0.148765903	-0.165721179	-0.403942184	0.23947142	-0.124830922	-0.1834316	-0.074060586	-0.105604887	-0.158020899	-0.155741727
BLSA	1838	0.004956991	0.287322241	-0.7276822	0.249814975	-0.876443063	0.32161012	-0.128941737	0.18478946	0.080926567	-0.049371799	-0.193173087	0.041022914	-0.051899989	-0.138769393	-0.049366074	0.054925292	0.06638804	0.394531188	-0.347270829	-0.139874954	0.173559081	-0.108852434	0.272950284	-0.132080206	-0.183923991
BLSA	1839	0.053889945	-0.127074844	-0.807991087	0.536445227	1.150413386	0.529808719	-0.306435485	0.265105619	-0.011288723	-0.062554886	-0.44951759	-0.271399966	0.075455984	0.004242976	0.249721114	-0.212575525	-0.158756761	0.472020805	0.095589902	0.098524678	0.201135801	-0.071033133	-0.229261418	-0.052155127	-0.023482563
BLSA	1840	-0.03230089	-0.233866684	0.020593452	0.180672832	-0.301078944	0.206879572	-0.150293859	-0.247302921	0.022872499	-0.180018786	-0.247285299	-0.092110627	-0.099802073	-0.010715415	0.168936452	-0.087557755	-0.29219983	0.314135326	0.157617014	-0.011616913	0.230803442	-0.322520168	-0.116151941	-0.090932195	-0.078515052
BLSA	1883	-0.163612928	0.060693746	-0.354304046	0.241505591	0.626727783	0.096630896	-0.10202018	0.037901218	0.004068068	-0.072848914	0.032144699	0.124737458	-0.335640349	-0.057134982	0.152738539	-0.137406569	-0.17218621	0.163077504	-0.082825096	-0.111760597	-0.036138383	-0.094665793	-0.223316899	-0.156002633	0.039642995
BLSA	1889	0.020800975	-0.4613401	-1.016386528	0.34755005	-0.361795578	0.291913604	-0.221522984	-0.203204777	0.093373038	0.000843007	-0.509448728	-0.034081013	0.253841914	0.007892174	0.068417157	-0.225173899	-0.231283246	0.226007685	0.306058647	0.066464571	0.097044598	-0.210532072	-0.070780803	-0.09308388	-0.027169261
BLSA	1924	-0.351396501	-0.219303619	0.159864662	0.282414634	0.105231488	-0.113004155	-0.019366821	0.101701422	-0.110286229	-0.059620732	-0.724010324	-0.147364958	-0.024097143	-0.128787192	-0.055250934	0.008221627	-0.027941377	0.130422373	-0.299367092	0.039566767	-0.161083311	0.165981716	0.228835252	-0.121250261	-0.187355653
BLSA	1961	0.235975568	-0.904327087	-0.991788001	-0.067631647	0.159896699	0.695563455	-0.101454101	-0.326447019	0.17927972	-0.007212636	-0.37451425	0.144634515	0.271481361	0.192565309	0.153878495	-0.255268895	0.09952756	-0.180551639	0.290826404	0.158575919	0.124729728	0.166680413	-0.138219795	-0.017951619	0.15883365
BLSA	2000	0.169677041	-0.421138768	0.15919446	-0.133958067	1.123393602	-0.084215853	-0.087949285	-0.15301913	-0.003871747	-0.123068567	0.795742572	0.249568149	-0.184888707	0.114942914	0.230946553	-0.081752137	-0.033234045	0.44372047	0.426242737	-0.149604852	-0.012331842	-0.165752661	-0.097384151	0.009810621	0.083205477
BLSA	2020	0.147882098	0.16125168	1.254933002	-0.381356332	-0.722604562	-0.515821495	0.14895917	-0.035099077	0.089885305	0.10969522	-0.017161554	-0.018529882	-0.2330031	0.013832354	-0.002294062	-0.021584595	0.018331484	-0.728199496	-0.327362235	-0.041576998	-0.018993524	0.093185542	-0.065596912	0.025203499	0.014366777
BLSA	2037	0.253150433	-0.264380528	1.396055006	-0.400175328	1.043986184	-0.179430445	-0.058664838	-0.214551255	-0.052630719	-0.126952845	0.170827774	-0.21126765	-0.209366566	0.023711167	0.069993448	-0.124309239	-0.097048883	0.238080965	-0.008005819	-0.040489748	-0.068921256	0.075493996	0.006658073	0.066794626	0.009701123
BLSA	2066	0.04923245	0.013494674	-0.601335079	-0.046170111	-0.264417036	0.04541305	-0.065020282	-0.000984056	0.046537638	0.015916731	-0.176935136	0.205960233	-0.018288196	0.007066839	-0.014614167	-0.032700965	-0.107571216	-0.007593308	0.040541712	-0.001513823	-0.023177803	-0.095265717	-0.125060758	-0.055749803	0.030870813
BLSA	2069	0.248563138	-0.048053473	0.793559576	0.119168159	-0.353563314	0.042447055	0.156898705	-0.322785193	-0.085567569	-0.041828309	-0.067701012	0.038186365	0.080557085	0.247608515	0.273158371	0.072380799	-0.153496663	-0.105623063	0.250584105	0.064407676	0.388850543	0.294383978	0.142761302	0.224961479	0.045183587
BLSA	2093	-0.301849487	0.015791676	0.068114384	-0.028605875	0.304565215	-0.173419407	-0.153712562	0.086921571	0.048131204	0.102036734	-0.338579473	-0.134701129	-0.064581686	-0.011587786	-0.05129833	-0.019903667	-0.106187039	0.819983101	0.192643466	-0.142628076	-0.117179356	-0.071481812	-0.178274465	-0.098846399	-0.106030653
BLSA	2102	0.420279736	0.310422622	0.924274492	-1.119445908	-0.575481724	-0.80909085	0.387714776	-0.15483986	-0.011594988	0.124366617	0.433039971	0.05489006	-0.338871074	0.324503724	0.043729892	0.375266901	0.541890266	-0.204891993	-0.134766286	0.353658966	0.224775238	0.202652195	0.362613433	0.16116256	0.429858185
JHU	384	-0.020431435	0.376687557	-0.662042002	0.228253707	0.423117555	0.340075791	-0.199115763	-0.00737963	0.103080664	-0.034878763	0.126215382	-0.457400205	-0.038829988	-0.083800249	-0.181994678	0.001588821	-0.060362293	0.322181206	0.14298419	-0.087396751	-0.091310084	-0.141163768	-0.183665549	-0.202887325	0.050998483
JHU	705	0.15611711	-0.074317621	-0.871596979	0.058591054	0.23271381	0.144330922	-0.107474154	-0.06225816	0.017127539	-0.223541127	-0.157121687	-0.198664473	0.287702714	0.007730639	0.05454225	-0.14058169	-0.143056561	0.503996572	0.333587607	-0.061974855	-0.022706046	-0.207772846	-0.113514628	-0.211823901	-0.034741015
JHU	710	-0.134781395	0.024195883	-0.274161442	-0.017849145	-0.043062953	-0.078640615	0.153890873	0.100046564	-0.085239517	0.188005868	0.244931709	0.060578634	-0.093765378	0.07731782	0.030672556	0.075482589	0.117105121	0.410558651	0.064266774	0.071426353	-0.080830123	-0.006005846	0.10864599	0.052130976	0.034875258
JHU	712	-0.326475684	0.099239862	0.126781564	0.242006122	0.776008274	-0.03452833	-0.010464725	0.284039977	0.043489808	0.050426219	-0.017686	-0.150891103	-0.18397441	0.024154121	0.194057191	0.011263455	-0.03776496	0.455857521	-0.195614278	0.042168241	0.044018429	-0.110180979	-0.015101577	0.031440635	0.049836673
JHU	713	-0.218612433	1.137054988	1.815453718	-0.471793688	-1.058367561	-0.509986876	0.144584145	0.25206149	0.069855172	0.182268812	1.07500364	0.943673383	-0.187412415	-0.068312309	-0.197935073	0.501101113	-0.144522929	-0.368041872	-0.347216536	0.300873616	0.379247181	0.076616259	0.034554005	0.45603362	0.163017249
JHU	719	0.304032343	-0.648574897	-1.129522891	0.499512198	-0.511872125	0.25045431	-0.027390929	-0.127413218	-0.167690011	0.149949761	-0.770771703	-0.147536145	0.199053596	0.005147595	0.103700701	-0.181758042	0.011829543	-0.314397281	0.235073991	0.08450924	0.007210767	0.05857516	-0.009885883	0.060786988	0.059509934
JHU	993	-0.151648211	0.062152054	1.096765902	-0.280478504	-0.266917956	-0.074953256	0.109660117	-0.148078938	-0.025529554	-0.484714169	0.192598612	-0.167853725	-0.133361257	0.090458629	-0.167169282	0.094875506	0.03289827	-0.534145996	-0.270845241	-0.317996281	-0.185489863	0.292641668	0.079833339	-0.0766538	-0.246493246
JHU	994	-0.07603531	-0.782219514	-0.322758913	0.075554333	0.076164431	0.081370708	-0.178386464	-0.224175935	0.171058169	-0.004677257	-0.334894216	-0.153942787	0.260505604	-0.08149467	0.015725447	-0.242831196	0.011138007	-0.315856479	0.233292467	-0.183471177	-0.09188943	-0.014678368	0.048759073	-0.144944428	-0.170162456
JHU	995	0.467835014	-0.194218313	0.221081043	-0.333796078	0.372216526	-0.118122655	0.114696899	-0.066842149	-0.12615227	0.177160656	-0.358275737	0.272036421	-0.109918467	0.028798424	0.148400888	-0.119140557	0.212735803	-0.160152323	-0.195528974	0.151861614	0.041749169	0.051968722	0.05037523	0.035917235	0.09315912
UMARY	142	-0.285006785	0.285910084	0.493113192	-0.112010489	-0.284466931	-0.102318199	0.122029137	0.178731298	0.05127739	-0.052019243	-0.068923343	-0.392489504	-0.013624683	-0.04231659	-0.108777873	0.117449676	0.022929721	-0.192030973	-0.238439105	0.03966452	-0.039255983	0.108979162	0.053965616	0.082730326	0.108204947
UMARY	602	-0.042450103	0.129776062	-0.08575475	0.162800875	0.055220914	0.244438328	-0.036495758	-0.028456257	0.173988691	-0.043049475	0.347693452	0.252793514	-0.28799761	0.115269822	0.188328892	-0.096803549	-0.112610151	0.130446001	-0.267042691	-0.043069262	0.196182589	-0.130641927	-0.114291053	0.002521306	0.012373786
UMARY	604	0.007465458	-0.341589208	-0.259871726	0.296874304	-0.058520677	-0.005258863	-0.018094994	0.000774928	-0.221973667	0.009630319	-0.52833883	-0.112183792	0.113705187	0.014714708	-0.065287922	0.089572659	0.045397226	-0.187125523	-0.041719904	-0.042029978	-0.028124385	0.006677863	-0.050340103	-0.030194417	0.086390589
UMARY	813	-0.121079637	0.392559756	-0.108687519	0.179842695	-0.041164071	0.399171294	0.055203153	0.036674345	0.021780571	0.034786858	0.176630546	0.208963133	0.149609415	0.07355825	-0.01304728	-0.019516103	0.13936065	-0.118720906	-0.048096542	0.06060653	0.004307723	-0.000954684	0.065017873	0.024776749	0.021742149
UMARY	819	-0.073070242	-0.184827288	-0.187556823	-0.393309531	0.259450405	0.112593287	0.035758197	0.003425673	0.000194969	0.0350882	-0.290086953	-0.067230536	0.067352184	-0.031952418	-0.129585801	0.079266779	0.086729259	0.073486761	0.035331605	0.015586119	-0.010032546	-0.012392466	-0.01185044	0.003226752	-0.030459396
UMARY	871	-0.083802356	0.426267496	-0.481137616	0.236129783	-0.22564694	0.322669909	-0.042260765	0.078180458	0.058315812	0.022201326	0.288714311	0.189361901	-0.021978249	-0.006378471	-0.063348014	-0.015891799	0.085100872	0.017299331	-0.081303873	0.019009363	0.008960344	0.122876819	-0.030146256	0.034596219	-0.005053261
UMARY	879	-0.002658121	-0.392236269	-0.057642483	0.266931575	0.029290737	0.253124846	0.010043364	-0.125068964	-0.033904984	-0.058311371	-0.276552902	-0.091529911	0.157139131	-0.075872668	-0.142808219	-0.072407499	0.052508388	0.187220507	-0.05328678	-0.036264246	-0.090508908	0.100238397	-0.045639878	-0.050763126	-0.047303094
UMARY	880	-0.062396568	0.245677722	0.078157439	-0.089036049	0.501395923	-0.226259929	0.189316115	0.15227049	0.088047739	0.001668294	0.030340794	-0.133504693	-0.114795203	0.151104424	0.160085243	0.018365161	0.146335907	-0.010918606	-0.290708118	0.223504863	0.079184153	0.168384968	0.027671427	0.105008974	0.176090756
UMARY	914	-0.084733967	-0.079566892	-0.318549395	0.059664679	0.674829137	-0.047912955	-0.007788388	0.023008205	0.047658976	-0.003761693	-0.054680202	0.223398089	0.090216087	-0.028108163	-0.099456267	-0.014354102	-0.082088092	0.36484327	0.013210015	0.042002711	0.090667532	-0.078486391	-0.050502188	0.037748411	0.033574704
UMARY	933	0.027509029	0.657355715	-0.019406551	0.06870624	0.013502171	0.223995941	-0.086176434	0.046085402	0.23247821	-0.061424039	0.668131296	0.001592759	-0.332184925	0.012276013	0.276824961	-0.16784016	-0.179419833	-0.012164	-0.036770395	-0.067511871	0.183045051	-0.153906661	-0.088994458	-0.073395786	-0.065856095
UMARY	1028	0.126322117	-0.304645641	0.025122142	0.594110786	-0.037303187	-0.121001957	-0.232333012	-0.221565577	-0.074192696	-0.248690959	-0.293836545	0.117033897	-0.071301047	-0.205385541	-0.149047566	0.088684995	-0.267692925	-0.063902639	0.233171502	-0.204157417	-0.149009777	-0.227087803	-0.060681116	-0.105288296	-0.05635829
UMARY	1037	0.258592861	0.566935666	0.090041789	-0.009640122	-0.04660034	0.031691484	-0.127138776	-0.04430973	0.067231204	-0.133872662	0.951684481	-0.194679779	-0.094688576	-0.107509059	0.001421109	-0.035927878	-0.188203171	-0.321993752	0.083821438	-0.076668544	0.016123106	-0.116222617	-0.19742398	-0.05300025	-0.035501972
UMARY	1064	0.305896425	-0.112901951	-0.2791231	0.181734126	0.113950681	0.229003081	-0.058292374	0.02740935	-0.060415391	-0.135389388	-0.502496689	-0.183166683	-0.120329058	0.04467016	0.308502612	-0.044935851	-0.124797033	0.218996773	-0.046539987	-0.041370428	0.184096252	-0.021537457	-0.010038621	-0.006598436	-0.028169662
UMARY	1065	-0.066698061	-0.141086511	-0.467263378	0.296901482	0.703317492	-0.176868527	0.046290785	0.025001294	0.264817485	-0.088185927	-0.111483955	-0.226506058	0.125238654	0.245577558	0.237256423	-0.108771202	0.284432056	0.460641233	0.121242147	-0.009924404	0.173603259	0.204744646	-0.033171614	0.025640896	0.04418043
UMARY	1076	0.275004147	-0.523138759	0.086724735	-0.200094783	-0.134400519	0.070738219	0.050154984	0.003703982	0.15287506	0.051685992	-0.05905202	0.326332425	0.113864123	0.024487199	0.040942354	0.163363633	0.143326552	-0.12622746	-0.027484731	0.014510044	0.013449356	0.088450684	0.102131128	0.089352008	0.011980126
UMARY	1078	-0.086446564	0.014194086	-0.192986969	0.231628172	-0.111878027	-0.542740616	-0.095286166	0.189721277	-0.110066424	0.13016821	-0.552712341	-0.052642393	-0.288851408	-0.122488235	0.143316699	0.063273362	-0.119605441	0.312477312	0.017137181	-0.133001074	0.04858504	-0.100396085	-0.253834353	-0.158742206	-0.092744902
UMARY	1079	0.125358246	-0.503045028	-0.188574456	-0.030706445	0.081169084	0.063686067	-0.119484228	-0.226643844	0.006352024	-0.178211759	-0.490148499	-0.220559382	0.086526999	-0.095537244	-0.200580365	-0.11692854	-0.155354238	0.006956311	0.136756244	-0.134452085	-0.151834117	-0.200513868	0.040899182	-0.146400145	-0.160425241
UMARY	1104	0.223273152	-0.212520061	-0.094220596	0.362694738	0.144342918	0.066066618	-0.034116521	-0.144367273	-0.214730275	-0.034282161	-0.163866605	-0.077514307	0.061906035	-0.084141077	-0.038013924	-0.058481351	-0.042510884	-0.173658811	0.100318097	0.002938456	-0.027463676	0.064961141	-0.122325197	-0.001615018	0.01015124
UMARY	1105	0.063070208	0.243094229	0.003845849	-0.059024774	-0.482120745	-0.493485408	0.180885971	0.049975882	0.022969783	0.177785129	-0.054207711	0.349058768	0.010587302	-0.00207307	-0.15719272	0.05471289	0.170767135	-0.020834496	0.114645041	0.087812704	0.040052243	0.128740659	0.251506342	0.16027949	0.058994538
UMARY	1114	0.382088892	0.362924057	-0.386757857	0.424957939	-0.419152249	0.073872736	0.079919994	0.038728637	0.025801589	0.128949633	-0.374506107	0.207327535	-0.177179948	0.100524787	0.1108074	0.048962875	0.067400686	0.00247313	-0.043198642	0.128392262	0.101041251	0.053895087	0.161389024	0.066371975	0.099692092
UMARY	1133	0.225179177	1.52702347	-0.046461956	-0.002702273	-0.184184673	0.305340935	0.004478799	0.393959118	0.273187839	0.138784947	1.263216806	0.595656879	-0.15547123	0.192393766	0.248925659	0.069616497	0.101901957	-0.559057478	-0.170615532	0.134050663	0.189713698	0.088557021	0.045852773	0.185502738	0.195408881
UMARY	1134	-0.03827634	0.140047969	-0.18568124	-0.257128628	-0.257379135	0.013381096	0.044400983	0.026966109	-0.028780629	0.090277998	0.047133481	0.124392214	0.021197107	-0.002899345	-0.061913012	-0.038478467	0.157180014	-0.121019932	0.023395401	0.02115262	-0.067454163	0.087820643	0.050585654	0.011600522	-0.032588503
UMARY	1136	-0.347120345	-0.179773079	-0.13303028	-0.219553816	0.185842131	-0.199078229	-0.07038911	-0.050572289	-0.008789459	-0.141873712	-0.257164797	0.172031439	0.157077528	-0.018523296	-0.019336782	-0.039695129	-0.094103082	0.063872016	0.089945512	-0.062429885	-0.018442351	-0.05701602	0.040736658	-0.013469153	-0.039251744
UMARY	1158	-0.435904562	0.394519992	0.279030351	-0.471948944	0.16201874	0.2103212	0.028601357	0.111986339	0.082390004	0.05479317	0.729342772	0.130615554	-0.01010565	0.022759401	0.004922202	-0.031284016	-0.079066687	0.036082804	-0.058963962	0.014541099	0.001604774	-0.065466344	-0.083033424	0.007123474	0.027332244
UMARY	1170	-0.16884666	0.390237335	0.042563163	-0.219970848	-0.151502197	-0.017095865	0.050743971	0.066918136	-0.002365307	0.003243075	0.393330478	-0.1834111	-0.047856713	0.023115207	0.024621394	-0.032051315	0.02123005	0.188821296	-0.064220753	0.060963465	-0.000777281	0.012998786	-0.042788494	-0.009426447	-0.034481778
UMARY	1206	0.051062843	0.454590363	0.255995942	-0.128841428	0.249025767	0.072067322	0.076891339	0.060235919	0.065551405	-0.058349251	0.21685422	-0.358427098	-0.129092137	-0.011432038	0.027895123	-0.076224662	0.014684085	0.150104011	-0.304222813	-0.057957716	0.006277951	0.077624705	-0.032820859	-0.058802764	-0.048747447
UMARY	1209	0.037582891	0.510487397	0.134241443	-0.101096933	-0.239704442	-0.076143226	-0.029916094	0.096883871	-0.068255378	-0.028239604	0.324616745	-0.164452842	-0.106575094	-0.021207801	-0.138447215	0.021331327	0.051679796	-0.199249088	-0.1441857	-0.021723092	0.082716012	0.127643188	0.00109852	-0.059748058	-0.103094695
UMARY	1226	-0.090253263	0.196705207	-0.089227128	0.261912857	-0.219903026	-0.21074339	0.071806332	0.123595358	-0.110323014	0.164092466	-0.344509582	0.353764726	-0.15160845	0.066407391	0.034226367	0.028862038	0.064720542	-0.1623981	0.014954579	0.066363652	-0.014909796	0.041451121	0.086471835	0.073420841	0.015521148
UMARY	1230	0.318813625	0.161658253	-0.1139634	0.100811826	-0.02518952	0.253097181	0.014191115	-0.03234895	-0.029056129	-0.053891483	0.420864112	0.1620587	0.143417595	0.042595317	0.026953915	0.008837596	-0.04051181	-0.366624573	0.131653436	0.035026334	0.1413237	-0.058810457	-0.048021336	-0.002894639	0.017573103
UMARY	1260	-0.063589477	-0.309659765	-0.429801943	0.027638145	-0.111366653	0.107645173	0.188306013	0.136382466	-0.10677473	0.181976214	0.035197498	0.095913059	-0.0805987	0.098916054	-0.007192924	0.134554933	0.194528579	-0.157078117	0.176506586	0.132093281	0.045833013	0.16405599	0.085156661	0.151716437	0.111734108
UMARY	1326	0.055833522	-0.390463823	0.046422423	0.080578586	0.126905795	0.219702785	-0.039088337	-0.111867964	0.001591451	-0.020017076	-0.339206597	0.088799215	0.137925035	-0.022918468	-0.085724595	0.078777939	0.040494709	-0.111140556	-0.140810034	0.051552622	-0.078619723	0.011834483	0.070386396	-0.016288375	-0.022983668
UMARY	1454	0.160017137	0.188446806	0.224101107	0.142090684	0.168821578	0.140480145	0.010270388	0.085944009	0.194155291	0.084233159	0.011599675	0.073889487	-0.014356563	0.010229776	0.136655011	-0.124223699	0.058825155	-0.060163378	-0.213606337	0.073105832	0.049338813	0.017485448	-0.034467437	0.031703924	0.086947902
UMARY	1465	-0.095739125	-0.086784274	0.337508682	-0.252834688	-0.317079236	-0.270402335	0.044761626	-0.081309434	0.031812895	0.06569883	-0.063226597	-0.094473095	0.0162648	-0.071179275	0.006418238	0.081747989	-0.00874771	0.159699187	0.000232384	-0.036354875	-0.155729571	-0.027852411	0.086699716	-0.083274442	0.000444673
UMARY	1486	0.162616115	-0.319952276	0.068162459	0.031414802	0.189925363	-0.116457882	-0.099502532	-0.172718292	-0.001353511	-0.146445322	-0.128114707	0.011724412	0.072229247	-0.144787709	-0.076182689	0.078024515	-0.193875429	-0.333156794	-0.003491522	-0.072595556	-0.172132844	-0.022223958	-0.149914892	-0.095339887	0.042340083
UMARY	1498	-0.115372675	0.004786261	0.143421608	0.062679089	0.28241168	0.03300922	0.022275856	-0.082110185	-0.020398995	-0.046104346	0.174025519	-0.123277322	0.039062691	0.003576728	-0.115242143	-0.107724641	0.042283003	0.268434639	-0.006176668	-0.002544901	-0.0940831	0.018239205	0.009547263	-0.073082136	-0.073364771
UMARY	1502	0.097703996	-0.261919575	-0.020251807	0.435337104	-0.022403723	0.001642016	-0.078447753	-0.068477855	-0.11151228	-0.073236267	-0.17435636	0.114245461	0.185392433	-0.209103255	-0.095759015	0.028214288	-0.097400123	-0.438059023	-0.065622599	-0.097723827	-0.09865715	-0.062105187	-0.204817039	-0.07763731	-0.076905822
UMARY	1535	0.187087606	-0.121917763	0.306827512	-0.617924066	-0.094556346	0.186936571	0.006526522	-0.126818145	0.016641169	0.003389965	-0.061528014	0.220105628	-0.08390488	-0.031576522	-0.002932737	-0.090170671	-0.072283718	-0.245640363	0.08121661	0.03555603	-0.136039656	-0.018610309	0.021017092	0.04497232	0.03717301
UMARY	1540	-0.124709593	0.2345108	-0.363897791	0.128610144	-0.041167385	0.194990234	-0.016241834	0.013519378	-0.213775334	0.027436225	-0.123029518	-0.061375905	0.250579398	-0.062455803	-0.110317725	0.037111953	-0.050909019	-0.085580771	0.028289094	-0.027889367	-0.0643003	-0.066054951	-0.13729879	-0.102099955	-0.033001032
UMARY	1541	0.017665938	0.023974604	-0.145507257	-0.173513299	-0.211561023	-0.074238035	0.096215678	0.052716361	0.035790677	0.047591639	0.117742171	0.141517907	-0.189614829	0.12520402	0.102869726	0.043394093	0.082364192	0.002692001	-0.066218927	0.111516104	0.109880467	0.142774813	0.046376283	0.047765106	0.116466855
UMARY	1544	0.154113706	-0.113040481	0.080421972	0.19070719	-0.283538638	-0.066151255	-0.06074014	-0.019354381	-0.027561994	0.001879806	-0.09831395	-0.055394854	-0.034929771	-0.046407556	-0.021427257	-0.086633033	-0.08206054	0.181992464	0.168078273	-0.090612527	-0.102189088	-0.082616635	-0.127054353	-0.092002783	-0.035876421
UMARY	1545	0.247907831	-0.383262992	-0.195724839	0.189924162	-0.673080284	-0.030871635	-0.047157124	0.010332592	0.012081637	0.090807608	0.189818638	0.228156533	-0.162488206	0.139058263	0.094022616	-0.0301794	0.083290275	-0.354842538	0.219140171	0.096610013	0.128976856	0.102402547	0.04759155	0.178116702	0.045571465
UMARY	1568	0.261800607	0.201029093	-0.000438364	0.536169796	-0.772773425	0.106810303	-0.057813236	0.069096122	0.231792386	-0.065288245	-0.314202452	-0.040125808	-0.170917128	0.032259707	0.08410425	0.035435334	-0.016900059	-0.530108713	-0.432015875	-0.037005117	-0.03279808	0.056415049	-0.005564174	-0.039517606	0.02970926
UMARY	1570	-0.122689702	0.058528093	-0.15377788	0.061212582	-0.157992993	0.086537912	0.028585176	0.055339697	0.00298549	0.05423934	-0.14060972	-0.150226771	0.171222247	-0.029305563	-0.058317802	0.051447753	0.027685519	-0.093838893	-0.045302214	0.027723473	-0.044523405	0.058701693	0.040214325	-0.056091073	-0.080485037
UMARY	1571	0.519864812	-0.332041504	-0.064946372	0.517631547	-0.386555929	-0.025490106	-0.03844074	0.003590146	-0.071978571	0.023322157	-0.3966518	0.275994882	0.121565683	0.080356332	0.03530416	-0.061598964	-0.037176878	-0.385802499	0.221328667	0.021542808	-0.03922551	0.076457674	0.087517721	0.002578343	0.026950356
UMARY	1578	0.255440945	-0.329812783	-0.384248146	-0.120538588	-0.042721871	0.061771743	-0.140068705	-0.094709807	-0.202497931	-0.054542568	-0.13027153	0.304585447	0.133081051	-0.008067713	-0.087946719	-0.116800545	-0.166055352	0.047789656	0.29880556	-0.002527208	-0.043930483	-0.054921219	0.080781473	-0.002316903	0.020644032
UMARY	1583	0.284499896	0.226182313	0.430185577	-0.482524104	-0.228917645	-0.036007908	0.048623637	0.027592668	-0.126809531	0.078552486	0.18765011	0.059497663	-0.161266625	0.014118028	0.068774167	0.030482051	0.148810374	-0.20015007	-0.282417745	0.116880693	0.056989022	0.041520095	0.014606902	0.127871982	0.102482835
UMARY	1584	0.090016668	0.050003901	-0.334180688	0.365193295	-0.023743548	-0.240301988	0.016958037	0.017868354	-0.120698326	0.000802604	-0.157820237	0.363609752	0.059678924	0.064285721	0.071797342	-0.2689507	-0.062378985	0.173741714	0.082017577	0.049973624	0.01641102	0.067130354	0.035933081	-0.066753449	0.020309325
UMARY	1611	-0.114119432	-0.503746545	-0.361804988	0.36601993	0.203239261	0.064674092	-0.221755383	-0.228077753	-0.036318751	-0.130270527	-0.593384595	0.034268694	0.018473816	0.009940777	0.079998851	-0.135073379	-0.281723278	0.445400359	0.180945308	-0.070494689	0.054883377	-0.199828465	-0.193054228	-0.133830087	-0.116627524
UMARY	1612	-0.360228726	0.065349686	-0.608670112	-0.088454813	0.017847693	-0.12368883	-0.015996312	0.179843188	0.13833679	-0.02908959	0.619526104	-0.358037459	-0.171945284	0.03209569	0.17976411	0.021566906	-0.0579013	0.300760846	0.025924577	0.006547468	0.192123748	-0.087597446	-0.071701141	0.111104946	0.060885468
UMARY	1613	-0.11603315	0.843318246	0.296204303	-0.253034536	1.117008683	-0.066054392	-0.022317536	0.123328697	0.169807274	0.04539586	0.64105053	-0.399500692	-0.239400773	0.059826442	-0.009997825	0.067942061	-0.011607068	0.770113249	-0.159260344	-0.00761429	-0.013153405	0.068759906	-0.062092008	0.01165983	-0.001097868
UMARY	1614	-0.045088289	0.200769744	-0.106431254	-0.146799871	0.086267365	0.269545866	0.083762841	0.106763206	-0.059502772	0.024843482	-0.016472799	-0.0559122	0.098690008	0.060764925	0.091404303	0.032354466	0.012251584	0.115768773	0.071494508	0.069331276	0.024605098	0.106918727	0.041957048	-0.003015831	0.025675506
UMARY	1648	0.003842243	-0.04274959	-0.400807881	0.359571715	0.467098847	-0.205468368	0.080025793	-0.041931948	-0.002676635	0.034164147	-0.171681511	-0.015087206	0.314287771	-0.014774681	-0.028865212	0.060354177	-0.049667592	-0.060117898	0.032340827	0.058212485	0.035607618	0.007089407	0.031027173	0.032177583	0.001828714
UMARY	1652	0.06429495	0.424930274	0.233525446	-0.20330875	0.339699517	0.039815583	-0.076655604	0.086575011	0.229455993	0.031602525	0.205779058	-0.421291925	-0.393886758	0.084769294	0.064773399	-0.042566428	-0.101087037	0.376476555	-0.287162905	-0.03535775	-0.050674435	0.024054144	0.044900227	-0.012211899	0.033987574
UMARY	1668	-0.213287131	-0.074651462	-0.162178976	-0.046210033	-0.067347069	0.197840986	0.090886153	0.191959311	0.044310154	0.238380453	-0.051431293	-0.129904063	-0.017191637	0.084685384	0.090600632	0.045915824	0.00444141	0.076406296	-0.025291008	0.121360093	0.078450577	0.121614025	0.07055073	0.138656045	0.045237352
UMARY	1710	-0.010629934	-0.204145493	-0.169709816	-0.120698448	-0.054607724	-0.163687969	-0.008061797	0.045031758	-0.062570614	-0.051402309	-0.041486821	-0.183288726	0.200658814	0.061578807	-0.097342253	0.04237506	0.098667507	-0.364114724	0.08521243	-0.04478437	0.093541627	-0.112125217	-0.046684035	0.01217927	-0.006701467
UMARY	1712	-0.0163467	0.004742555	0.075763277	-0.346452643	-0.26609283	0.073977805	0.11396043	0.076249985	-0.040381371	0.084808984	-0.022368913	-0.077800898	-0.056258422	0.057345329	-0.019472819	0.065159897	0.075834202	0.147686388	-0.181303002	0.081735107	-0.021366731	0.05018542	0.150139105	0.081388233	0.04765994
UMARY	1713	0.06175071	-0.490111843	0.392218081	0.080587922	-0.06196531	-0.173068988	-0.024611377	-0.122035791	-0.18037431	0.044846348	-0.216665745	-0.131391718	-0.095807434	-0.063322662	-0.072694305	-0.06083972	-0.008105012	-0.013436401	-0.063091102	0.017808946	-0.079806259	-0.001069966	-0.055705429	0.010130133	-0.081790311
UMARY	1715	-0.398504769	-0.100590852	0.399186278	0.099613239	-0.268206501	-0.160977673	0.041597127	0.112087806	-0.105433742	0.026702895	0.05783476	0.050518045	0.107740791	-0.006941093	-0.010824946	-0.014172253	0.063272734	-0.067532442	-0.038095912	0.014980955	-0.063738076	-0.0114372	0.048595465	-0.016663784	0.00295549
UMARY	1792	0.045065307	-0.402675393	-0.180497317	-0.182722745	0.09332762	-0.002576108	-0.074336059	-0.181737609	0.031621226	0.000583725	-0.369667752	-0.24855874	0.18776829	-0.000705447	-0.031425481	-0.040946321	0.013845051	0.030371679	0.14431441	0.025632267	-0.001209566	-0.058203654	0.056217381	0.02323051	0.031463445
UMARY	1795	0.005101872	-0.173879267	-0.102877833	-0.209307207	0.1544811	0.039883689	-0.065920401	-0.118822932	0.002023143	0.061405178	-0.312926036	0.242753928	-0.158126923	-0.017619112	-0.042763484	-0.046489702	0.053221866	0.083061485	0.076043015	-0.066292462	0.029155736	-0.013732945	0.012208827	0.018501066	-0.007249403
UMARY	1797	-0.099783142	-0.381926601	0.329268756	0.190305741	-0.195517856	0.079699856	-0.037437891	-0.025469695	0.009982602	-0.070826327	-0.055002739	-0.197634287	-0.102237175	-0.084128649	-0.088838794	0.081598806	-0.132709313	0.341294999	0.24754923	-0.005908576	-0.024004729	-0.084882553	-0.001003072	0.067534241	0.025315028
UMARY	1825	0.072652357	-0.141210001	0.0773044	-0.192419259	-0.049876194	0.17130852	-0.00841298	-0.100700689	-0.094315328	-0.126133676	0.343330852	-0.204833571	0.10654129	-0.099850557	-0.126174	0.07446188	-0.107996407	-0.196346354	-0.073746998	-0.079560065	0.009537167	-0.086056461	0.028215704	-0.015668862	0.046967384
UMARY	1827	0.038163712	-0.24755265	-0.396165097	-0.160156035	-0.07212108	-0.059242171	-0.072572194	-0.078314341	-0.068679667	-0.11603378	-0.175794677	0.251237445	0.096825255	-0.010357564	0.020670047	-0.150266998	-0.021209259	0.112558373	0.275256093	0.037573084	0.013085099	-0.037004933	0.097076603	-0.027059334	-0.022596437
UMARY	1830	0.06852715	0.251586271	0.304651161	-0.064542495	-0.68384959	0.067485591	0.234783938	0.067920721	-0.032152014	0.157977212	0.177974047	-0.085025922	-0.299763854	0.136401852	0.141926945	0.01727885	0.266406335	0.005639556	-0.230789974	0.160863662	0.062397309	0.152368108	0.188512607	0.146959583	0.137798647
UMARY	1846	0.037993271	0.309841232	-0.07476219	-0.040364132	0.026820177	0.270535034	0.028905808	0.062394849	0.041526943	0.038841812	-0.085280055	-0.066714813	0.037427077	-0.087491764	-0.098020193	0.038552303	0.048938881	-0.094096224	-0.07083625	0.034783702	-0.038320514	-0.012352511	-0.014840291	-0.017821338	-0.000101751
UMARY	1847	-0.049143883	0.038446729	0.318685363	-0.193963696	-0.22159967	-0.469454697	0.06647989	-0.011305451	-0.06690892	-0.029335637	-0.319849053	-0.119164899	-0.029276005	0.029845593	0.027173345	-0.101490865	-0.048613801	-0.383097815	0.234866112	-0.069891134	-0.023397023	0.061117817	-0.03434457	0.119945484	-0.024799187
UMARY	1849	0.001180287	-0.363981136	-0.198351834	0.075610419	-0.388962374	0.157516502	-0.035131979	-0.114194473	0.060780248	-0.137537201	-0.409233493	-0.319212574	0.345086709	0.023575847	-0.039437586	0.053268013	9.26E-05	-0.171791384	0.11860517	-0.04545922	-0.152198973	-0.084492877	0.082842425	0.016635633	0.018315975
UMARY	1862	0.030967608	-0.280303885	0.07340262	-0.088740285	0.616360294	0.031793732	0.128080929	-0.112535586	0.016212025	0.097223602	0.038771206	-0.022576727	0.207637747	0.046986388	0.044385761	0.005589174	0.027973619	0.00420773	0.073731795	0.061522377	0.025709574	0.049273196	0.096852282	0.130158269	0.075295859
UMARY	1865	-0.201023437	0.577386195	-0.134797231	0.160541224	0.342389004	-0.083416181	0.025105534	0.136288783	-0.089507458	0.019284531	0.07569247	-0.132621498	0.242244793	-0.006993355	-0.083132175	0.004559602	0.077139587	0.14881888	0.119430657	-0.006255746	-0.05730962	-0.034232943	-0.041319072	-0.03344035	0.00816572
UMARY	1866	-0.284826923	-0.227090111	-0.140624722	0.076239026	0.124882184	-0.075026688	-0.17639326	-0.019838525	0.022328762	-0.068893646	-0.065057759	-0.117411929	0.055536294	-0.037947122	-0.100124884	-0.068361787	-0.13847898	-0.065857177	-0.017573344	-0.130133333	-0.161285147	-0.149879146	-0.080264039	-0.121898764	-0.120350371
UMARY	1867	0.1403663	0.360079649	-0.296711956	0.097677425	0.064608143	0.197596921	0.013608464	-0.065805278	-0.006439703	-0.070882246	-0.206501767	0.221812271	0.260662073	-0.106103946	-0.100938963	0.008053616	-0.064841934	0.036591989	0.094763864	0.020914495	-0.068482755	-0.005920469	-0.039486642	-0.071186002	-0.070225333
UMARY	1902	-0.096201847	0.038884762	-0.260136254	0.047412097	0.310672994	0.104551702	0.030328645	0.017867228	-0.19526091	0.069430457	-0.439106145	0.128703424	0.185714611	-0.012020236	-0.11398127	0.127096082	0.044914129	0.143018047	-0.003529276	0.056390952	-0.030467867	-0.008720155	-0.031783405	-0.012634776	0.041156164
UMARY	1903	-0.00261415	-0.415728946	-0.168937476	0.367737584	0.004504252	-0.074080475	0.031798816	-0.087041552	-0.014096315	0.057341213	-0.325461336	-0.10851931	0.165166297	0.128430035	0.053391539	0.110421445	0.102196301	-0.425558595	0.081830314	0.051916008	0.009321476	0.121392854	0.040927463	0.054746537	-0.005488128
UMARY	1907	-0.034248334	0.267732737	-0.378178046	-0.099086466	0.383600624	0.114622178	-0.132436894	0.063372829	-0.070132705	-0.022432046	0.201533434	0.188378224	-0.136418072	-0.037505068	-0.056998606	-0.165460602	-0.082668561	0.069962352	0.027033168	-0.110935115	-0.177192444	-0.057728709	-0.129485149	-0.200249166	-0.136124495
UMARY	1917	-0.238138919	-0.112913094	-0.101811976	-0.000307648	0.441267316	-0.044034633	-0.077979441	0.029002793	0.084481305	-0.063111925	-0.257462981	-0.083353494	0.218953129	-0.002749675	0.004087446	0.084128731	-0.117461666	0.339880514	0.310851412	-0.024268464	-0.091518757	0.001822252	0.008195486	-0.033730368	-0.090348249
UMARY	1935	-0.137606778	0.50707623	0.116971975	-0.117231496	-0.234140453	-0.026699163	-0.181978716	0.072615251	0.052444262	-0.037661861	0.519428846	0.068558581	-0.001563928	-0.145959211	-0.097852377	-0.064874665	-0.181146523	-0.366787194	-0.027583512	-0.186269355	-0.108263766	-0.109504132	-0.109593171	-0.091590029	-0.123847773
UMARY	1936	-0.147659915	-0.472791798	-0.190161713	0.019563014	-0.538769284	0.018766173	-0.035221208	-0.033836061	-0.06964371	0.127531292	-0.288179064	0.412774371	-0.008640465	0.042178467	0.070720786	-0.104940236	-0.034599646	-0.267342169	0.227180098	0.036061258	-0.032548185	0.168835234	0.130699224	0.018016764	-0.056104189
UMARY	1939	-0.646093916	0.1495407	2.014344895	-1.538027988	0.592890427	-0.152070806	0.536891597	-0.563300067	-0.216991779	-0.416797731	0.421146815	-0.150128498	-0.448828114	-0.359424427	-0.424184475	0.425118097	0.778963274	1.201187798	-0.723167536	-0.066164619	0.184921984	-0.346842523	0.15817388	-0.115036131	-0.005549014
UMARY	1940	-0.217828879	-0.131133527	-0.872511748	-0.063614122	0.110400478	-0.137986366	-0.031595429	0.076838288	0.005445021	0.055951581	0.085457174	0.09320764	0.198861593	0.052269925	0.040750358	0.015106788	0.0742372	0.723461286	0.165892773	0.010030222	0.056187249	-0.086551287	-0.011402259	-0.004409497	-0.020950011
UMARY	4263	-0.05076299	-0.150400471	0.568754084	-0.362931166	1.93803363	-0.280047632	0.053560896	0.063835927	0.336012832	-0.042825376	0.750607837	0.252777297	-0.179236241	-0.029318656	-0.146831102	0.102581328	-0.04511314	-0.131167104	0.010638011	0.008889603	-0.026947223	-0.007092483	0.168603429	0.000440585	0.013542439
UMARY	4540	-0.368324545	0.749568461	0.333768559	0.677592329	-0.415678411	-0.021747285	0.020222271	0.094537374	0.125365747	-0.048081348	0.819464116	-0.192910342	-0.069932606	-0.199279801	-0.257762842	0.161293609	-0.080680004	-0.208079522	-0.258996027	-0.09726522	-0.193310951	-0.039857052	0.037788363	-0.101888249	-0.11905545
UMARY	4542	0.03452631	-0.212311749	-0.398570764	-0.026334169	0.54392973	-0.108745359	-0.065147597	0.017947419	0.025828434	-0.006375578	0.008678889	0.155033701	-0.060476167	0.081311262	0.068849833	-0.086372294	0.011366876	0.452896289	0.046161213	-0.013095438	0.06921239	-0.084789233	-0.010335023	0.110246197	0.087767444
UMARY	4543	0.01112955	-0.426458565	0.163524619	0.068362534	-0.052622325	-0.032293768	-0.018130353	-0.041767329	0.081342924	0.006359818	-0.45089202	0.016502673	0.139607155	-0.04582749	-0.101701894	-0.021814017	0.002564869	-0.233275541	-0.057836087	0.006465873	-0.198082707	-0.047785965	-0.007030554	-0.107838899	-0.168002887
UMARY	4549	0.153099145	-0.20388324	-0.470737939	0.001759081	0.063353139	0.119998192	0.014152173	-0.027284371	-0.063285694	-0.010117533	-0.284983449	0.029018516	0.419256328	-0.050268806	-0.1448301	-0.006656356	0.040047572	-0.256404755	0.001202784	-0.023976268	-0.004150938	0.03721806	0.027406702	-0.030448208	0.034555721
UMARY	4590	0.301451925	-0.47785471	0.483057469	-0.013138896	-0.003485175	-0.11935938	-0.132083003	-0.088354822	-0.166170723	-0.033945882	-0.24382987	0.17194636	-0.045471567	-0.001082963	0.155571409	-0.001618516	-0.134174907	0.163390291	0.382525074	-0.070569535	0.285500044	0.035394124	-0.034682134	-0.01564136	0.125627538
UMARY	4593	-0.198337435	-0.070452405	0.269215798	-0.103211154	-0.240946396	0.102860419	0.079689901	0.01699174	0.012923247	-0.046080185	-0.447340517	0.143619271	0.031184494	-9.66E-05	-0.147320331	-0.02927839	-0.059124571	-0.123275301	-0.281272218	0.032449086	-0.085712205	0.11984074	0.023977047	0.024315034	0.062795571
UMARY	4598	0.112910135	-0.138615937	0.042262745	0.001553349	-0.165419329	0.118406763	-0.11221328	-0.05654634	-0.032956849	-0.078762146	-0.248882878	-0.212933522	0.082535936	-0.027034392	-0.034471188	0.005006296	-0.062991242	-0.099509865	0.143611928	-0.026112879	-0.133439782	0.00999759	-0.076643355	-0.107047959	-0.040106805
UMARY	4636	-0.028683713	-0.026763496	-0.318748397	0.046971932	-0.093961528	0.241341864	-0.024680445	-0.027197567	-0.006282816	-0.011699228	0.042577477	-0.106211678	0.155347642	-0.051860646	-0.04012602	0.002501537	-0.084937088	0.313236288	0.03063145	-0.035372421	-0.040120054	-0.121083758	-0.027796958	-0.088313856	-0.074374723
UMARY	4640	0.069552359	-0.262913994	-0.015029295	-0.485543317	1.037577474	0.184545122	-0.099534759	-0.121437982	0.166735409	-0.108115047	-0.073335902	0.196852492	0.125841319	-0.054984665	-0.004532469	-0.193017191	-0.049191094	-0.016798964	-0.091990394	-0.155712342	-0.129676279	0.113569943	0.026787035	-0.160337381	-0.107387021
UMARY	4725	0.1969933	-0.15411755	0.149223627	0.508820042	-0.395137866	0.001012677	-0.072946951	-0.094616393	0.031883393	-0.131588362	-0.325880531	0.004586745	-0.080584364	-0.064998169	0.000901481	-0.005780858	0.024880489	-0.282887452	0.041771963	-0.03053075	-0.125771607	0.051411373	-0.003668869	-0.152813282	-0.073045155
UMARY	4726	0.102221182	-0.425949972	0.024113797	-0.11711529	-0.346207554	0.145844169	-0.010283531	-0.091246865	-0.150523534	0.010296225	-0.130263	-0.205775984	0.096659572	-0.002840965	0.004707207	-0.059937545	-0.009151425	0.080287066	0.223447381	0.059810073	0.033324265	-0.042493006	-0.08310434	0.023618016	0.077190088
UMARY	4727	0.280461509	0.770964607	-0.105159911	0.197913481	-0.719556441	-0.218649634	-0.023546456	0.028249488	-0.066669362	0.149191099	1.148241064	0.022485695	-0.221802965	0.098953919	0.097626817	-0.08412743	-0.018412315	-0.36074892	0.016050289	0.053918606	0.043815673	0.01021272	-0.07555045	0.184919824	0.082457183
UMARY	4729	-0.183846522	0.345256255	0.685601948	-0.42232119	-0.048680657	0.078050648	0.094442101	0.079849841	-0.073096102	0.08999533	0.276250523	0.027700222	-0.066380073	0.090371529	-0.043448474	-0.001809881	0.124165622	0.286053032	-0.295718745	0.002078716	-0.043716064	0.125685072	0.103021372	0.055900845	-0.050228999
UMARY	4782	0.059027032	-0.587237498	0.099894081	-0.029793931	0.018079595	0.093114577	-0.154291605	-0.207920367	-0.096813469	-0.111454184	-0.01900547	0.317161351	0.003305228	-0.057718775	-0.011637734	-0.158549978	-0.064928411	0.211615014	0.117798919	-0.10722427	-0.128491486	0.040168808	-0.010614673	-0.113916097	-0.148287055
UMARY	4786	-0.031933013	0.163467588	-0.32685066	-0.532497859	-0.003507617	0.079216536	0.146685713	0.110028819	-0.114371065	0.051889189	-0.091268244	-0.149624496	0.078747998	0.026180177	-0.024692336	0.024175553	0.028880702	-0.115660478	-0.057903352	-0.009293896	0.089513099	-0.062931845	0.149682815	0.074568145	0.07063792
UMARY	4788	-0.036392231	-0.498046981	1.515905093	-0.527593575	-0.15339066	-0.246905538	-0.040338185	-0.150966913	-0.109726958	-0.008876429	0.927855929	-0.592366457	-0.099358282	0.126789649	0.306003497	-0.041021875	-0.040106101	0.165614886	-0.187770081	-0.200928991	0.012368362	-0.033367439	-0.197521294	-0.133335457	-0.2043366
UMARY	4789	0.135150365	-0.56824076	0.479703251	-0.295063832	-1.226333574	-0.09790565	-0.011368912	0.138885178	0.0522295	0.408625411	-0.151549987	-0.069871275	-0.370458641	0.137182748	0.388661231	-0.196593331	-0.122542991	-0.098623251	-0.017309679	0.16871012	0.213168822	-0.0206478	0.032201213	0.218442352	0.040188954
UMARY	4841	-0.551226262	0.48777283	-0.266176524	0.164638269	-0.308851509	-0.241737261	-0.014264696	0.157582357	0.029284318	0.059102977	-0.102945183	-0.1544601	0.09395378	-0.020506014	0.001374225	0.114966548	-0.010541262	0.350407253	0.045117558	-0.047129824	0.014200262	-0.047474466	-0.0261849	-0.051690811	0.005246784
UMARY	4842	-0.199458078	0.77764157	0.203974036	0.390674178	-0.512065705	-0.133298365	-0.032082589	0.1337671	0.010835497	-0.102299257	0.092254474	-0.282155926	0.04148582	0.029700872	0.092221277	0.244611139	0.075901556	-0.248809896	-0.326094076	0.145724605	-0.005932729	0.076096569	0.048632059	-0.032537212	-0.027946953
UMARY	4903	0.18193785	0.15078702	-0.204190227	-0.149071106	-0.358790176	0.277088284	-0.092954834	-0.064240034	0.102646952	-0.063747771	0.652937275	0.040332087	0.140544029	-0.032736767	0.073142415	0.204773865	0.023187975	-0.193681111	0.309824047	-0.031114628	0.042181746	-0.087193068	-0.048852498	0.050976514	-0.003631287
UMARY	4915	-0.38691537	0.259280066	-0.042442577	0.735063614	-0.428096837	-0.115379156	0.125892455	0.073955927	0.012066162	0.118314656	-0.403338333	-0.250899759	0.011216399	0.055817744	0.009855494	0.095344423	0.068771753	-0.05155466	-0.096300832	0.009301797	0.039867084	0.089644954	-0.038359053	0.042805379	0.018983833
UMARY	4916	0.048867465	-0.25142823	-0.09110715	0.135243913	0.075243251	-0.053274825	-0.064354817	0.01724137	0.050549788	-0.05989242	-0.276619847	-0.110020998	-0.067353223	-0.064718259	-0.055737764	0.034329047	-0.101602825	0.03357233	0.364306957	-0.053546263	-0.020684258	-0.092551644	-0.020193565	-0.01859271	-0.070824135
UMARY	4924	0.092343583	0.162099964	0.752864739	-0.715781245	0.01821478	-0.336098599	0.302520082	0.042224693	-0.113497554	0.228595286	0.15490953	0.171947467	-0.12825623	0.1657938	-0.032497203	-0.040712458	0.159347363	0.158928115	0.081267932	0.070989788	0.209365796	0.030172775	0.22927285	0.15710987	0.182289526
UMARY	5024	-0.113178399	-0.773206367	-0.257885074	0.502532365	0.71637221	-0.214920023	0.032261179	0.089018387	0.026112083	0.090453761	0.491141137	0.00791719	0.085506412	0.046667075	0.019746655	0.03549592	0.004172017	0.223411192	-0.268373337	-0.009033646	0.00037527	-0.026068567	0.087229933	0.057742982	0.075375402
UMARY	5028	0.183947283	-0.027682503	0.34343302	0.199086304	-0.068132403	-0.148944598	-0.024022686	-0.102935132	0.073138682	-0.092330674	-0.419230952	-0.020223004	0.004232422	-0.080246042	-0.021083466	0.094811467	-0.076244685	0.097320831	0.184024539	-0.037369106	-0.050000985	0.05392911	-0.049400447	-0.004689293	0.053198985
UMARY	5078	0.117536983	-0.080823685	-0.401722897	0.350312557	0.160884926	-0.015629814	-0.114952665	-0.04198716	0.031336166	-0.011486756	0.02488577	-0.120442363	-0.018070543	-0.071415086	-0.10465243	-0.033581964	-0.159485085	-0.102305634	0.115388243	-0.070441466	-0.053957166	-0.138425224	-0.121251313	-0.03538542	-0.096399273
UMARY	5079	0.088444409	0.290529223	0.046382486	-0.153544336	0.136632567	0.062372259	0.017864857	0.089875222	-0.03373226	0.011084096	0.522940074	0.001000537	-0.127923776	-0.034066971	0.068591273	-0.011526968	-0.035108213	-0.187284752	-0.10743667	0.031997	0.053438064	-0.003126886	-0.073260078	0.012488544	0.037449651
UMARY	5081	0.285578274	-0.29873009	-0.067198506	-0.005090075	0.06883641	0.090841054	-0.104769131	-0.140432729	0.008373995	-0.107760999	-0.534371284	0.003077403	-0.038416074	-0.151214238	0.007165941	-0.061830943	0.060324466	-0.036030578	0.057060724	-0.027249348	-0.048243803	-0.066237585	0.060280297	-0.085272656	-0.037481715
UMARY	5086	-0.002165997	-0.086986106	0.089703947	-0.241801324	0.994408802	-0.057247199	0.042640341	-0.085423164	0.155805507	-0.061505049	-0.218360462	0.184490593	-0.187149043	0.081499532	0.112779175	-0.089178034	0.123389927	-0.212645988	0.051816569	0.048106748	0.170954472	0.054306344	-0.100868827	0.056509952	0.023812203
UMARY	5087	0.144604675	-0.1710069	0.051823407	-0.137617553	-0.279857538	-0.04054654	0.08666752	0.069255451	0.00173152	0.089230479	-0.479845469	0.247955684	-0.100608423	0.067315032	0.110460256	0.022481416	0.044539751	0.008840037	-0.086214351	0.106382603	0.02804217	0.044965551	0.027967659	0.067203869	0.059900257
