FID	IID	1	2	3	4	5	6	7	8	9	10	11	12	13	14	15	16	17	18	19	20	21	22	23	24	25
BLSA	745	0.84006397	0.614325251	-0.118899632	1.520853935	0.373643966	-0.282503932	-0.08743058	-0.29913345	0.658222153	0.324956143	-0.187051229	-0.006291776	0.525095029	-0.563004914	0.538611203	-0.673534785	-0.461879347	0.022838068	-0.121355448	-0.255058929	0.404851078	0.054203463	-0.914064985	0.59580823	0.216102793
BLSA	827	0.362812266	0.004813846	-0.035720502	-0.051836139	0.236264746	-0.7918179	0.893386081	0.540577562	0.129671033	0.133827051	-1.092749821	0.323336444	-0.166643143	-0.315187147	-0.022598412	1.038507496	-0.36163666	-0.246906782	0.024017749	0.029550971	-0.583169649	0.156479856	-0.434674288	0.509035213	0.257316253
BLSA	1556	-0.327203484	0.159342418	-0.130381931	-0.273622548	-0.135864119	0.273513743	0.087114629	0.546946064	-0.085848358	-0.16708922	0.314724781	0.201372515	-0.06052212	0.068840846	0.356329288	0.018095867	0.015292183	-0.165777623	0.124301694	-0.269712776	-0.934858332	0.102777899	-0.227952034	-0.133468865	-0.238887887
BLSA	1579	-0.163206943	-0.17959886	-0.376670337	0.335235026	-0.249940234	0.094729288	-0.129319574	0.453030746	-0.470875929	-0.038208293	-0.22489553	-0.226519687	-0.315502059	-0.408301679	-0.162324094	-0.107651033	0.290087274	-0.180232951	-0.145491996	0.140456505	0.519292483	-0.196909512	0.026998971	-0.106035209	-0.213349122
BLSA	1595	0.713224835	0.534166052	0.753990077	0.275083665	0.591846716	-0.068114469	-0.411005715	0.923418603	0.424632099	0.134409352	-0.014446562	-0.762881979	0.047957345	-0.035670019	-1.168815145	-0.464773277	0.093499231	-0.229716077	-0.424665306	0.001709471	0.070445865	0.578346592	0.280324302	-0.460474732	0.441388737
BLSA	1603	0.114177156	-0.164157632	0.068280763	0.057738934	-0.038248989	0.295687788	-0.415851866	-0.768216091	-0.187378965	-0.047590775	-0.01620319	-0.512992774	0.14729862	0.037756525	-0.087403087	-1.335557797	0.045544644	0.658937391	0.067889108	0.299702486	1.034760801	-0.082281449	0.239460481	-0.050754567	-0.074621651
BLSA	1640	-0.480450686	0.063730945	0.282780156	-0.457532953	0.101531068	-0.219956182	0.22964382	0.716274235	0.110641568	0.139419189	0.50729408	0.417763764	0.17021288	-0.031558175	0.17285459	0.471093344	0.232193612	-0.014412965	0.046543306	0.09239815	-0.840443011	-0.003191018	-0.054926753	-0.101070056	0.071667918
BLSA	1775	0.348267711	-0.093580973	-0.101390823	-0.139958292	-0.083567702	-0.623763065	0.569216034	-1.063727276	-0.027852942	-0.314833416	-0.157970826	0.008158505	-0.210683418	0.06191635	-0.031888479	1.129067954	-0.559791917	-0.274008478	-0.289909445	0.004897235	-0.062443998	0.066796524	0.111353463	0.214311583	0.162154023
BLSA	1802	0.424246155	-0.137868972	0.024102663	-0.171263878	-0.205711973	0.466692387	-0.278144447	-0.729833557	-0.074209563	0.008182295	-0.577924139	-0.278209306	-0.110936772	0.238946644	-0.003845404	-0.198538721	0.177202622	0.366795964	-0.025861919	0.104355336	0.692169595	-0.230138143	0.074509383	-0.045265777	0.01560051
BLSA	1805	-0.029229464	-0.216509669	-0.019511055	-0.204282988	-0.068985875	0.486214054	-0.622284335	-0.576491944	-0.341450941	-0.145964975	-0.311559765	-0.216972857	0.086071999	0.090997075	-0.293575122	-0.996348588	0.385162405	0.600756427	0.010295746	0.24157543	1.37817611	-0.17771976	0.218176513	-0.512334053	-0.034819227
BLSA	1838	0.272669434	-0.210645974	-0.210575406	0.326633335	-0.089270918	0.25082262	0.217996653	-0.666621799	-0.074873335	0.14172321	0.12349831	0.122868861	0.059609481	-0.150533806	0.251371546	-0.077833194	0.103472804	0.102030607	0.064550852	-0.176834143	0.669407604	-0.163787135	0.033965994	-0.034708346	0.063409533
BLSA	1839	-0.130405787	-0.132851053	-0.128564729	-0.196920829	-0.06480287	0.204197663	-0.078108362	-0.136955996	-0.215620077	0.028673135	0.020472147	-0.335658613	0.04937487	-0.210643612	0.13724106	-0.01453475	-0.104430113	0.329018977	0.053149797	-0.194552863	0.300710765	-0.133752154	0.177702564	0.003839021	-0.18234929
BLSA	1840	-0.12086306	-0.203262914	-0.11684475	0.24807959	0.012462799	-0.079721409	-0.078324755	0.026522353	-0.257254654	-0.151905688	0.4566163	-0.060228011	0.249719969	0.042997458	-0.02083242	-0.639832254	-0.048249565	0.040306235	0.001389827	0.084106425	0.076958213	-0.021269003	0.033725394	0.051883537	-0.011401158
BLSA	1883	-0.123793826	-0.028411559	-0.199634149	0.022122135	-0.209947356	0.271175964	-0.089640733	-0.155350428	-0.05142063	-0.136573777	-0.476502425	-0.182115471	-0.030155426	0.00157741	-0.107597431	-0.790741895	-0.113982629	-0.160897275	-0.109863729	0.039065965	-0.02206097	-0.094437027	-0.117447266	0.225777588	-0.008593412
BLSA	1889	-0.137211108	-0.122373008	-0.109833473	0.006000676	-0.157879483	0.209247253	-0.015055425	-0.422088887	-0.05814684	-0.032170297	0.268658116	0.082923823	-0.041028628	0.423758935	0.150428116	-0.461307595	-0.242906261	0.127407537	0.114821306	0.300213689	0.562618757	-0.115212053	0.106595331	0.005031279	-0.042151047
BLSA	1924	0.163304685	-0.048557552	-0.080897916	-0.013741308	-0.061723777	0.202662876	0.0682659	0.344132962	-0.118067326	0.015633271	-0.20406311	0.08966582	-0.236357626	-0.645519158	-0.17847806	-0.643421599	0.057872362	-0.315970344	-0.001589383	-0.265422558	-0.13542059	0.00304674	0.115451877	-0.058165742	0.000233944
BLSA	1961	-0.635857099	-0.00802851	0.1812528	-0.975458102	0.001757619	0.325024286	-0.151518418	0.172894365	-0.120490631	0.074964592	-0.023308177	-0.087674073	0.12742226	0.251265973	0.098849849	-0.704507765	0.027686082	0.168860566	0.189022522	0.231471857	0.240189588	-0.0439776	0.434784383	0.092259828	0.05819882
BLSA	2000	-0.322627471	-0.147726348	-0.024266376	-0.174992706	-0.025778452	-0.239672532	-0.034996915	-0.364661032	-0.184129671	-0.072061088	0.459954176	0.154021724	-0.161083575	0.675887089	0.043528068	1.56119057	0.259341735	0.084645133	0.092037204	0.264071406	-0.014808013	-0.085471932	0.212141202	-0.226143744	-0.169373283
BLSA	2020	-0.234355698	0.15698674	-0.010600919	0.593259561	0.052144606	-0.101041242	0.088083825	0.374625939	0.158727283	0.003056642	0.414035724	-0.009701869	0.143120207	-0.290952685	-0.002795562	0.363213861	0.408896177	-0.331195731	-0.123166229	-0.436638928	-0.608194055	0.04243415	-0.135788233	0.094920676	-0.149985548
BLSA	2037	-0.176017538	-0.060874475	0.043218371	-0.100148979	0.201329244	-0.317313039	0.081166507	0.675073749	0.171977324	-0.14551833	0.435971113	0.292233737	-0.137525158	0.721793458	-0.053433888	1.360494346	0.157417763	-0.143958556	0.23227346	-0.153312638	-0.670658961	0.098555859	-0.040697304	-0.171477218	-0.201362404
BLSA	2066	-0.072662248	-0.047396426	0.050123488	-0.343971116	-0.092128823	-0.029804273	-0.123092598	-0.158798933	-0.014344611	-0.013921603	-0.16728303	0.529148308	-0.159205982	-0.02587341	0.089568176	-0.267026503	-0.153437825	-0.146352238	-0.041630246	0.147462314	-0.255656638	0.04055939	-0.046676862	0.169132144	-0.105066045
BLSA	2069	-0.303830007	0.175227197	0.138206006	-0.258571746	0.088665128	-0.365477804	-0.178212237	0.222220109	0.302817323	0.123849988	0.270946424	0.215123573	0.179793774	-0.423147703	0.29801812	-0.066419603	-0.0330617	0.230641274	0.250918999	0.107203132	0.04643686	-0.07653044	0.043574513	-0.159557993	0.130092639
BLSA	2093	-0.008622202	-0.426065514	-0.217318788	0.137994346	-0.227929241	0.131144081	-0.134699212	0.091772609	-0.119007974	-0.080745105	-0.60473739	0.219306714	-0.122115229	-0.020273846	-0.210096857	0.389063401	-0.134657996	-0.215333519	-0.072829908	0.12221933	-0.186490353	-0.135149153	-0.09325529	0.197153206	-0.150595585
BLSA	2102	0.02757041	0.519316991	0.339156462	-0.160699619	0.052133922	-0.091926155	0.592811724	0.254390095	0.444283662	0.217887699	0.786524024	0.023322628	-0.033917299	0.50492839	0.206883944	1.111302521	-0.039634882	-0.307475637	0.085152036	-0.458926869	-1.681813147	0.416625907	-0.043281356	-0.099696001	0.16639049
JHU	384	-0.237409999	-0.138855872	-0.130056874	-0.366837298	0.05896657	0.074112681	0.039621235	-0.383233191	-0.288826532	-0.156746706	-0.285427877	-0.21714074	-0.125815798	-0.051812597	-0.041125216	0.228691892	-0.159873531	-0.214696511	-0.20756645	0.254214259	0.147690146	0.165854956	-0.191489168	-0.13794353	-0.045173386
JHU	705	0.165527478	-0.029404404	-0.083790479	0.222445642	-0.191696053	0.205328979	-0.127116818	-0.174148887	-0.18454513	-0.197004593	0.185275006	-0.042155972	0.220026855	0.381166183	-0.177196273	0.117625205	-0.34755415	0.395809235	-0.185699075	0.173847585	0.571667822	-0.094425434	-0.069297214	0.144186124	0.086024337
JHU	710	0.01147407	0.094443153	0.057408064	0.118529784	0.108310431	-0.288161387	0.194271642	0.131852754	0.121028343	0.087737584	-0.126257733	0.172048134	0.040370974	0.193457769	-0.018354124	0.245681222	-0.477244569	-0.113112094	0.11407269	0.119498904	-0.331013632	-0.195161534	-0.064689004	0.262897878	-0.024338895
JHU	712	0.005134888	0.04964348	-0.035165971	0.213762724	-0.062999956	0.390975954	0.085379723	0.04596167	0.04580556	0.007490757	-0.403705539	-0.207738042	-0.139507299	-0.32477479	0.116890044	0.598335012	-0.275639925	-0.075949563	0.087482625	-0.349912015	-0.71565937	-0.094801923	-0.214062426	-0.009999324	-0.018964972
JHU	713	0.658938948	0.195248322	-0.204931532	0.086470217	0.014915177	-0.509876615	0.064827708	0.357513348	0.454389824	0.071486526	0.304618782	0.094291327	0.072719021	-0.188302582	0.002549047	-0.392474772	-0.036057311	0.016320735	-0.098104175	-0.173415573	0.928500291	0.142829261	0.074115559	0.210863514	-0.190645284
JHU	719	-0.231475714	-0.017619943	0.056477695	-0.008676508	0.082757253	0.226223175	-0.337498282	-0.424455658	-0.066344892	0.040280615	0.062144323	0.144384856	-0.126350155	0.072428097	0.034848573	-0.81834351	0.411963046	0.250908757	0.11289758	0.378877673	0.649691432	-0.145623225	0.324344836	-0.31499815	-0.010460112
JHU	993	0.193331847	-0.104217191	0.343811336	0.240339276	0.062570149	-0.332044545	0.133363935	0.557325091	-0.069154734	0.12035114	0.022171655	0.175492619	0.027926399	-0.240916014	0.185430679	0.208314041	-0.037734743	-0.359301108	0.119855	-0.251603614	-0.941076995	0.325106601	-0.095955955	0.033118226	0.143879637
JHU	994	-0.128709964	-0.168945523	-0.038720136	-0.348678737	-0.197073922	0.335711196	-0.174324475	-0.324694441	-0.174018935	-0.133257898	-0.099708568	-0.458825311	0.034141849	0.306741395	-0.201517688	-0.326721301	0.365597639	0.399052947	-0.023792661	0.023321534	0.503069584	-0.135176817	0.029714478	-0.037455012	-0.067118156
JHU	995	-0.436811555	0.119707978	0.034967896	-0.157355099	0.124250352	-0.102269437	0.121475332	0.213879315	0.161666496	0.159662575	0.34088995	0.339643127	-0.003511847	-0.14798746	0.098474958	0.138892212	0.556543545	-0.299032398	0.080854465	-0.174828752	-0.812869278	0.031398115	0.207318895	-0.150669726	0.126796832
UMARY	142	0.230131859	0.10986359	0.01020761	0.227571355	-0.060123776	0.075164111	0.029150377	-0.043927595	0.028510841	0.170953667	-0.067586949	0.044589667	0.015689292	-0.424694995	0.118681256	0.390301596	-0.140136154	-0.315427851	-0.023596798	-0.25302288	-0.937195763	0.049824151	-0.236933052	0.403303816	0.149121643
UMARY	602	-0.157609433	-0.042714139	-0.038448976	-0.0065191	0.057987144	-0.248081456	-0.015221529	-0.299329715	0.037567014	0.09237536	0.21785097	-0.029585105	0.257469539	-0.205105122	0.215839108	0.33721011	-0.045597636	-0.115318872	0.17010001	-0.148080324	0.069076559	-0.102875524	0.011376006	-0.037574388	-0.118570075
UMARY	604	0.087730771	-0.015241106	0.065021193	-0.005708441	0.045922662	-0.112049921	-0.242607363	-0.148096054	0.058210631	-0.025777841	0.423127904	-0.23264948	-0.098421487	0.096418046	0.001760428	-1.087241556	0.198637934	0.414559625	0.078578239	0.07783454	0.177713532	-0.065172692	0.238505176	0.106371155	0.006707004
UMARY	813	-0.046494711	0.06931893	0.052227466	-0.036810187	0.027221773	0.175177195	-0.154926413	-0.090499968	0.026629069	0.03143997	-0.275436121	0.248012393	-0.151860533	-0.251713373	0.024446589	-0.50310413	-0.04933562	0.064350885	0.017472712	0.176428044	0.405195688	0.000685329	-0.105803614	-0.297813847	0.059425774
UMARY	819	0.085278431	0.027967243	-0.141994496	-0.141779148	-0.018118025	0.224094967	0.090001038	0.314264851	0.025919516	-0.01149779	-0.098299633	-0.11995131	0.022372505	0.460134346	-0.030509374	0.418073736	0.085883153	-0.072230407	-0.034113999	-0.011010371	0.048023161	-0.029979621	0.211025836	-0.264467192	0.077088073
UMARY	871	-0.069132976	-0.04506178	0.060222708	0.144514593	0.016019424	0.140192784	-0.135459232	0.04961891	-0.014090342	0.041421675	-0.079118043	0.348589394	0.109137533	-0.274545904	0.015355296	0.077156728	-0.14738965	-0.075448022	0.03755015	0.101025213	0.155281131	0.023101158	0.037201669	-0.247699886	0.058899191
UMARY	879	0.071057331	-0.010950827	0.056128745	-0.134116214	-0.033556081	0.332790779	-0.063316035	0.028370684	-0.007469023	-0.008358885	0.016276328	-0.310146527	-0.258673856	0.10660929	-0.07674015	-0.212564914	-0.03843272	0.220998216	-0.06184569	0.020857422	0.389077044	-8.53E-05	0.141721338	0.02681228	-0.008147737
UMARY	880	-0.186198011	0.175101602	0.154332898	0.480468896	0.169960432	0.179375744	0.030870993	0.646534571	0.111544345	0.143329925	-0.370236348	0.323435997	-0.042080101	-0.430563674	0.154905097	0.41673919	-0.328768679	-0.259589581	0.159488824	-0.216444899	-0.828663137	0.340193286	-0.26990179	0.241456427	0.059721916
UMARY	914	0.012804649	-0.040828412	-0.027118366	0.071412447	-0.054879551	0.046453924	0.110561046	0.055398079	0.023722445	-0.030428011	0.067069268	-0.001370213	0.102228964	0.083472257	-0.024877898	1.340336699	-0.210822926	0.132564844	-0.026750453	-0.11929859	0.0401128	-0.021434507	-0.061405198	0.111583277	-0.146466476
UMARY	933	-0.402721327	-0.143672528	-0.149226494	-0.060337148	-0.107410764	-0.192794191	-0.15605902	-0.374128566	-0.075015403	0.000802757	-0.044998077	0.087811105	0.21432851	-0.463149622	0.121958763	-0.691705852	0.058806234	-0.058814046	0.012587847	-0.009780443	0.126052943	-0.231587409	0.217572589	-0.076525731	-0.147692081
UMARY	1028	0.374013876	-0.066644888	-0.166405314	0.068205931	-0.17971034	0.222856115	-0.125297854	-0.212403481	-0.121555954	-0.183576746	-0.193206421	-0.508720779	-0.143963487	0.363323821	-0.197052402	-0.594390407	0.130536445	0.402903312	-0.131716731	0.127280391	0.528937261	-0.172370933	-0.067392444	0.019690905	0.037012875
UMARY	1037	-0.180516821	-0.106643434	0.018037912	-0.033577642	-0.084668149	-0.115055475	-0.140422525	-0.083212014	-0.062214944	-0.110013794	0.173504033	0.005972145	0.197253425	-0.243146035	-0.080947888	-0.460441057	0.220585534	0.081355091	-0.203002593	0.073343326	0.549820659	0.090147071	-0.028927363	-0.243037268	-0.100230644
UMARY	1064	-0.352202902	0.030980399	-0.191558943	0.077186115	-0.073554718	0.092943982	-0.178557239	-0.018287865	0.006524013	-0.066232535	0.530921937	0.458407632	0.017668897	-0.237052855	0.117214997	0.043159889	0.112453539	-0.052194173	0.055759537	-0.124882925	-0.509100422	-0.072222308	0.029613064	-0.008487823	-0.105500856
UMARY	1065	0.082404785	0.117115541	0.116243192	-0.064071155	-0.082444055	0.487206986	0.343722929	0.262455994	-0.059777868	0.056571194	-0.07554437	0.166523376	-0.292313361	-0.067063537	0.200924402	0.897504955	-0.153953065	-0.117794419	0.149899156	0.03844658	-0.492974338	-0.073592016	-0.149175795	0.386278622	0.067625657
UMARY	1076	-0.125738754	0.150609671	0.078134255	-0.188787403	0.068181366	-0.123925059	0.113650275	0.014437873	-0.012254556	0.093892384	0.082587305	0.285297405	0.111125817	0.137622829	0.056463256	-0.524790638	0.081814694	0.184357556	0.044363201	-0.174691273	0.170417302	0.13525004	0.117299681	-0.15116745	0.005581255
UMARY	1078	0.164403626	-0.248210448	-0.109439614	0.158095029	-0.09882277	-0.14163365	0.267992039	0.08644753	-0.11759927	-0.063992561	-0.327546495	0.552277796	-0.174205619	0.388034747	0.033370548	0.624998829	-0.269547955	-0.190203784	0.099805161	0.489366402	-0.7789408	0.215435484	-0.247149807	0.013418942	-0.019185474
UMARY	1079	0.141823737	-0.108399635	-0.126894572	-0.038381044	-0.188881405	0.160894205	-0.103479639	-0.092868548	-0.141762276	-0.213999942	-0.175513519	-0.188582089	0.086936304	0.282780423	-0.214335543	-0.060324392	-0.04777233	0.371036176	-0.17553833	0.059407519	0.367053754	-0.113577087	0.039983912	-0.06543767	-0.020054178
UMARY	1104	-0.017745998	-0.052132657	0.001675822	-0.006505177	0.031390626	0.008508171	-0.054206095	-0.085736038	-0.003737892	-0.065004845	0.040021051	-0.200509596	-0.194308161	0.054451073	-0.082869406	-0.216825476	0.025414633	0.228697539	-0.00588327	0.049490646	0.145038956	-0.014519672	0.063454419	-0.080730409	0.027784708
UMARY	1105	0.293480446	0.105375324	0.080806249	0.153882508	0.207885403	-0.42054172	0.06931633	0.016312928	0.123832928	0.065510896	0.087006186	0.375263313	-0.034176394	0.591328488	0.011501733	-0.222620421	0.224018334	-0.129479711	0.078781787	0.030207523	0.165186939	0.169980892	-0.054311578	-0.04792233	0.080296537
UMARY	1114	-0.276491889	0.082345865	0.073744228	-0.011459821	0.146229195	-0.104278879	-0.239331195	-0.411791538	0.095275994	0.105461344	-0.264187606	-0.229760858	-0.077277644	0.103873819	0.141418946	-0.158122227	0.04610721	0.036956704	0.101367426	0.231893062	0.000746384	0.084055014	-0.075451488	-0.211899424	0.072761471
UMARY	1133	-0.418942047	0.068447639	0.136103212	-0.148511865	0.13678014	-0.164106901	0.066692212	-0.815915271	0.025861485	0.1195835	-0.013742867	0.040697548	0.286444001	-0.375196119	0.246658753	-0.522953513	0.253200796	-0.025988769	0.169900665	-0.092962696	0.111824688	0.039402021	0.162676503	-0.250452483	-0.092388536
UMARY	1134	0.062027412	0.066116217	0.073797046	-0.119687906	0.120236818	-0.208586783	-0.081050927	0.150420793	0.069984021	-0.007451389	-0.021864827	-0.257372589	0.038557708	0.148819384	-0.007313518	0.173660184	-0.152047588	-0.151820236	0.064231061	0.132501669	0.026673931	0.029194133	0.081470038	-0.128141192	-0.085465464
UMARY	1136	-0.079856298	-0.064443572	-0.090802179	0.089643998	-0.118589744	0.096187843	-0.057647238	0.161968839	-0.095912778	-0.08628643	0.113580085	-0.342300632	0.095692864	0.452803026	-0.00466723	0.09441293	0.113212611	0.052275143	-0.116092746	-0.037147746	0.13484119	-0.082002466	-0.174116313	0.041413808	-0.025582775
UMARY	1158	-0.051272764	-0.008502458	-0.015035182	0.09732346	-0.038991478	-0.080010683	0.073439313	-0.042669429	0.065419302	-0.018538066	0.062970125	-0.039336979	0.194085431	-0.199238218	-0.005070762	0.589371697	-0.142860688	-0.422872809	-0.034415404	-0.139633744	-0.412895754	0.022709294	0.105428007	0.079996213	0.049238325
UMARY	1170	0.151320394	0.086408882	0.00568258	0.107366822	-0.016582513	-0.076084178	0.091904257	-0.306239403	0.017251335	0.029601787	0.036541474	0.495153199	0.036366395	-0.130034934	-0.01036371	-0.567263051	-0.034037142	-0.096138833	0.012225837	-0.096893669	-0.230394735	-0.015809481	0.055405333	-0.155971792	-0.046042283
UMARY	1206	0.024433633	0.038318162	0.061228724	0.313650119	0.003567292	0.082632854	0.068411526	0.651885149	0.038372604	-0.014111684	0.216870281	0.395988688	0.081355441	-0.26544882	-0.034193991	0.470244567	-0.107965868	-0.326854903	0.004129886	-0.441464928	-0.625453273	-0.129830669	-0.038755658	0.22153089	-0.099347237
UMARY	1209	0.29168965	-0.081280334	-0.081570544	-0.143843181	0.034202818	-0.125801002	0.058397111	-0.351833783	0.062173846	-0.024572849	0.121875808	-0.029747171	-0.151329528	-0.346816879	-0.050189119	-0.029778468	0.004152875	-0.066939864	-0.011150488	0.109137214	-0.096418358	0.021425314	0.166626289	-0.027674511	-0.004688541
UMARY	1226	-0.036615286	0.060558948	0.028915717	0.304784172	0.101403967	-0.309655107	-0.115206247	-0.110542933	0.079022744	0.067035489	-0.025863554	-0.177088459	0.042898757	-0.10887247	0.045708986	-0.278734479	-0.131208463	-0.322382226	0.034379172	0.327194784	-0.154022189	0.082671538	0.026858338	-0.244752643	0.042324306
UMARY	1230	-0.253725118	-0.036625488	0.010562089	-0.045967607	-0.000803937	-0.170998457	-0.241742284	-0.177720594	-0.076209131	-0.02235831	0.001354105	0.181650606	0.065472811	-0.080336831	0.023792058	-0.121125993	0.144832516	0.093159682	0.031860649	0.056867338	0.431934819	-0.025648154	0.134216042	-0.079642137	0.021582004
UMARY	1260	0.439295765	0.162765224	0.196218132	0.11108161	0.212672979	-0.293448741	-0.190936541	-0.123234916	0.203927623	0.185880789	-0.070180831	-0.09902607	0.087350541	-0.137205944	0.165903979	1.147383522	-0.046343734	0.081536971	0.114401383	0.227451757	0.080377743	0.236995808	0.049968766	-0.213362635	0.010074979
UMARY	1326	-0.033465366	-0.049442386	0.036124236	-0.445741333	-0.033885932	0.100060699	-0.066112925	-0.079433403	0.008343312	-0.000177287	-0.032701308	-0.21103036	-0.061197671	-0.029382994	-0.031740883	-0.412848989	-0.040316109	0.252559238	-0.027333381	0.029385943	0.459083563	-0.02366062	0.013966006	0.057635355	0.065929778
UMARY	1454	-0.091146764	-0.014877086	0.048663565	0.35779633	0.048980263	0.101501796	0.114852114	0.137311138	-0.087322644	0.012738688	0.603976578	0.101970929	0.007840579	-0.349049636	0.049283592	0.019766434	0.107660686	-0.32828706	0.021679679	-0.268888818	-0.543448265	-0.026042428	0.032640825	-0.012890046	0.105056027
UMARY	1465	0.160041394	-0.051242755	-0.073951714	-0.123134988	-0.050108406	0.00994047	0.295414674	0.168437907	-0.048918386	-0.068061367	-0.319128764	-0.107231811	-0.11244012	0.401475851	-0.112672665	-0.517491643	-0.153622726	-0.291865642	-0.099198007	-0.157517021	-0.433047132	0.029880452	-0.176338483	0.2094114	0.041550156
UMARY	1486	0.131974779	-0.019079661	-0.14218358	-0.039591213	-0.111119116	0.10322236	-0.106836365	0.112133229	-0.139073916	-0.144844482	-0.151297972	-0.266360086	0.007667627	0.160531903	-0.187766264	-0.017143758	0.021060716	0.204879855	-0.115756162	0.016127097	0.298309057	-0.008545012	-0.07444914	0.11624061	-0.060109694
UMARY	1498	0.080033027	-0.093027557	-0.072929778	-0.098537541	-0.039811293	-0.032567421	0.005255558	0.340038409	0.004796699	0.010548035	0.115500601	0.130379644	-0.015340106	-0.046289515	-0.005934508	0.224802385	-0.275133408	0.189964388	0.007298463	0.080910085	0.046081554	-0.028595905	-0.044655029	0.159657976	-0.12120333
UMARY	1502	-0.092135429	-0.107418116	-0.039232943	-0.123787102	-0.040854852	0.006314422	-0.066297404	-0.570864589	-0.083972312	-0.062157447	0.064495008	-0.240242022	-0.306854783	-0.423782129	-0.086530787	-0.356421319	0.306060784	0.432663016	-0.07434815	0.089583578	0.375511283	-0.074391139	0.315776831	-0.070925584	0.074081176
UMARY	1535	-0.37129663	0.053752929	0.055900156	0.00442919	0.124273247	-0.156574535	0.055610691	0.486303366	-0.039820431	0.033842749	0.39597389	0.352628394	0.126776009	0.163773675	-0.026044107	0.528004531	0.165440328	-0.366279456	0.016933717	-0.013302741	-0.161278925	-0.011981065	0.360481374	0.137599254	0.025368875
UMARY	1540	0.219904349	-0.029643362	-0.032721814	0.112845638	-0.061075654	-0.103650044	-0.450545743	-0.298659429	-0.03472843	-0.071822229	-0.034370859	-0.165308615	0.292299815	0.051348589	-0.037766441	-0.045606989	0.081158017	0.330126845	-0.083302312	-0.043816293	-0.018319717	-0.014703591	0.064506005	-0.621355954	-0.036031374
UMARY	1541	0.066918447	0.105512296	0.084474685	-0.059657318	0.128931554	-0.062331398	0.0044398	-0.028901334	0.128122061	0.081715099	0.076430998	0.168371118	0.09121865	-0.013978329	0.101022799	-0.578750666	0.125397895	-0.032054797	0.054036484	0.059082227	0.317880967	-0.003642943	0.085380965	0.0474454	0.043621512
UMARY	1544	0.165612133	-0.044048029	-0.009027956	-0.143055341	0.00945762	0.215830018	-0.050988416	-0.050035102	-0.02295899	-0.092924237	-0.150062838	-0.072897442	0.043598767	0.268199401	-0.130543185	0.27273659	0.208687144	0.219304145	-0.040673188	0.133510225	0.288891504	-0.177933426	-0.1161372	0.071663035	-0.015797871
UMARY	1545	0.145484873	0.120162677	0.099219282	-0.034302766	0.233005278	0.015247331	-0.057958519	-0.339491121	0.026343032	0.087397826	0.033167143	-0.205786927	0.304165566	0.184640974	0.146912862	-1.259849802	0.392460527	0.169997096	0.05215678	0.186424885	0.568731825	0.120064878	0.204383996	-0.14746367	0.069840828
UMARY	1568	-0.209302145	-0.038365019	0.057885427	0.255212331	0.048040598	0.141084352	-0.082416364	-0.05809816	-0.036883259	0.012387135	-0.100492409	0.112142541	-0.020806676	-0.258753607	0.066423386	-0.817095737	0.453736406	-0.164506297	0.022211734	-0.066300027	-0.039044624	0.272731078	0.002935897	-0.278801754	-0.022707245
UMARY	1570	0.166797656	0.015484681	-0.003747778	0.148492774	0.118372351	0.151531526	0.010970201	0.241972394	0.046255977	0.029111023	0.249405028	-0.115119675	-0.106214674	-0.029936858	-0.011295821	-0.265741293	-0.09033631	0.200938697	-0.022616026	0.030902254	-0.057974955	-0.073826859	-0.020003073	0.071831703	0.083458694
UMARY	1571	-0.127051774	-0.065445702	0.019257325	-0.02183903	0.114201487	-0.067363737	0.123736407	-0.383130696	-0.135616446	0.041097907	0.053868479	-0.336417397	-0.115107122	0.083524863	-0.08977787	-1.271177471	0.499053296	0.429018513	-0.026731193	0.186715315	0.601991854	0.046106247	0.18116003	-0.010000092	0.117793669
UMARY	1578	-0.244958417	-0.061780248	-0.012262266	-0.148137596	0.010184486	-0.136977772	-0.217501011	0.196010608	-0.12215743	-0.02543441	0.258279185	-0.112833301	0.190290523	0.419260243	-0.09809897	-0.601386494	0.114470426	0.291968483	-0.040669782	0.365858332	0.677712789	-0.089991545	0.189777043	-0.081849178	-0.050559361
UMARY	1583	-0.216080461	0.096239721	0.092007239	0.15757297	0.067250008	-0.14406576	0.379288462	0.755087457	0.110570133	0.104279115	0.393333134	0.087056183	0.15098117	-0.396633404	0.037980789	0.470891131	0.080769369	-0.364973222	0.077345095	-0.309680981	-1.341677001	0.231082798	0.056356519	-0.075599343	0.024684013
UMARY	1584	0.031305676	-0.015583898	0.00799041	-0.018777601	0.07876951	0.291282385	0.081062145	-0.010124162	0.015258664	0.05075696	-0.540183624	0.120394044	-0.243231824	0.497148409	0.075083669	0.218555134	-0.018506477	0.49035855	0.026712274	0.153722102	0.314601759	-0.183180895	-0.141086545	-0.034069518	0.079137956
UMARY	1611	-0.349301214	-0.272380049	-0.178943676	-0.019833123	-0.201347123	0.278476368	-0.066886499	-0.178690902	-0.23091559	-0.047292379	0.084279451	0.06694431	-0.137981339	0.543231982	0.085562044	0.054507372	-0.037814204	0.158597108	-0.006819149	-0.046040611	0.479585372	-0.287118359	-0.008875341	0.105462616	-0.122210006
UMARY	1612	-0.084203898	-0.018949644	0.004224029	0.115353981	0.012222418	0.148894896	0.58909154	-0.340250913	-0.100406053	-0.044842634	-0.567709909	0.329977144	-0.005239309	0.260845743	0.256506735	0.295069132	-0.363914288	-0.250412056	0.095042517	-0.080484896	-0.556430215	-0.057717523	-0.176878557	0.447337749	0.041425448
UMARY	1613	-0.088849645	0.073026777	0.049982812	0.437808044	0.049588927	-0.242084747	0.479875979	0.582834643	0.049427511	0.02368589	0.649105337	0.616872788	0.014170965	-0.390957235	0.040457033	2.197076163	-0.540757159	-0.337802889	0.049962569	-0.12617291	-1.044572259	-0.058165756	-0.419980835	0.137157818	-0.174624924
UMARY	1614	-0.004426209	0.158961817	-0.016409881	-0.180397124	-0.026387288	0.065882535	-0.033968173	0.243611567	0.007130331	0.100900529	0.08121105	-0.0293027	0.111574546	0.169134465	0.05023278	-0.3293913	-0.220566	-0.228379272	-0.073888301	-0.212914141	-0.406304871	0.028473291	0.027303489	-0.004016976	-0.025551767
UMARY	1648	0.445162687	-0.017266198	-0.020783868	0.071967248	0.037479837	0.147702374	-0.011262592	-0.161731884	0.018894124	-0.015614198	0.065980913	-0.307598619	-0.133128674	-0.521384168	0.009107569	-0.568277357	-0.245476138	0.186310041	-0.045063277	0.069415663	0.405817721	0.130618083	-0.147940714	0.34284691	-0.015263793
UMARY	1652	-0.236167336	-0.016965217	-0.02278483	0.316652986	-0.031369817	-0.149276633	0.18113153	0.718969671	-0.012652523	-0.073660658	0.667750074	0.540132665	-0.088375791	-0.493636962	0.012353413	1.481631472	-0.361350586	-0.532765764	0.126194851	-0.261770549	-1.309595252	-0.053025657	-0.319672574	0.246505092	-0.037044718
UMARY	1668	-0.160224248	0.096951817	0.058673086	-0.108009442	0.098510509	-0.169750572	-0.033032296	-0.059452631	0.148913487	0.125019125	0.055577358	-0.148914259	0.15909637	0.051585411	0.045779131	0.451712095	-0.188592181	-0.147681732	0.100475157	-0.169707365	-0.06758845	0.07767095	0.065269878	-0.121794618	-0.029455416
UMARY	1710	0.036195695	-0.041265937	0.061908047	-0.046011997	-0.072888061	-0.097363718	0.03362446	0.303874547	0.049606912	0.033987562	0.0163834	-0.129197689	0.019883025	0.467763025	-0.000250946	0.114715847	-0.345362425	-0.131614873	0.002443499	-0.25063713	-0.118573805	0.055209879	-0.161316881	0.234277792	-0.246350718
UMARY	1712	-0.006241867	0.132120254	0.049714323	-0.102979482	0.110743032	-0.131166695	0.142344888	0.251538893	0.155272379	0.079534985	0.031512887	0.14359903	-0.153586829	0.117436137	0.045531599	-0.21406667	-0.074069858	-0.20787765	0.029388118	-0.23263446	-0.233864308	-0.042586377	0.099093343	-0.073048945	0.002535582
UMARY	1713	-0.174390241	-0.05448284	-0.006828478	-0.273943222	-0.02454735	0.018040278	0.140646372	-0.066019514	-0.007935441	-0.127544129	0.265134243	0.199977736	-0.227491057	-0.462589355	-0.110183146	0.096462574	0.168896408	0.15240999	-0.068855423	-0.073819646	-0.14565083	-0.151794128	0.070172026	0.235389163	-0.143689002
UMARY	1715	0.048556152	0.02097011	0.000744487	0.042107497	-0.032685805	0.009210019	-0.098027585	-0.422589078	0.046301507	-0.0300661	-0.440341901	-0.10131301	-0.030211805	-0.554421683	-0.035824639	-0.692412096	0.054558727	0.028926429	0.041291432	0.230735792	0.041613245	-0.077101358	-0.091704066	-0.024242603	0.02181603
UMARY	1792	0.117194285	-0.013955608	-0.012119557	-0.121443444	-0.013663715	0.161533081	-0.100337487	0.16791248	0.0310578	-0.004456755	0.143280094	-0.236165292	0.202536878	0.194722349	-0.033875164	0.009914004	0.197585556	0.264068931	0.057254163	-0.07196704	0.421440766	-0.055188662	0.192958801	0.009479795	0.015710278
UMARY	1795	-0.081104441	0.013708383	0.050557292	-0.00802114	-0.036726393	0.101656873	-0.078062949	0.305051082	0.076457576	0.100212543	0.228999249	-0.138269746	0.066770366	0.043098183	0.019861386	1.053679101	0.132720075	-0.251039078	-0.012849538	0.019443833	0.1714444	-0.02399102	0.03885883	0.223234284	0.002815032
UMARY	1797	0.37458693	-0.088720936	0.055317768	-0.01005146	0.118395738	0.158215999	-0.001074761	0.049643084	-0.019792631	0.130116882	-0.156338323	-0.293735287	0.011905726	0.238769633	-0.047562123	0.08792228	0.006842344	-0.109297031	-0.063769362	-0.091166564	0.475784807	0.229520841	-0.205548997	0.010120727	0.162279775
UMARY	1825	0.0385957	0.001492723	-0.088642972	-0.103212296	-0.031394131	-0.204413166	-0.129077725	-0.11339261	-0.007289644	-0.030465862	0.042620079	-0.263003318	-0.018309164	0.145304216	-0.029787626	-0.509809736	0.080638799	0.062778412	-0.167387068	-0.178403624	0.315640259	0.107564632	0.014604131	-0.231247177	0.052089393
UMARY	1827	-0.001738488	0.016966671	-0.015259481	0.027462379	0.027355361	0.216986121	-0.319470386	0.537110058	-0.017098433	-0.058955159	0.594595051	-0.023905818	0.213670201	0.57383633	-0.004135272	-0.472451804	0.049378789	0.32527028	-0.014495204	0.281180741	0.462361629	-0.121356343	0.008418503	-0.180578972	-0.08507266
UMARY	1830	-0.129831701	0.176143795	0.184578579	0.220225098	0.201170316	-0.288822179	-0.101948871	0.316976304	0.184498122	0.165110241	0.486587502	-0.242821358	0.110262312	-0.090077993	0.119787713	0.371111502	0.47585626	-0.376825202	0.172477088	-0.220278258	-0.97162897	0.069471909	0.020275166	0.082008521	0.133617163
UMARY	1846	0.353243163	0.012158314	-0.023142286	0.432886298	0.017761153	0.013803547	-0.204409792	-0.102323499	0.140781627	-0.01702438	0.454424054	-0.115174987	0.198440891	0.206177493	-0.053494034	0.037480644	-0.017247386	-0.006473671	-0.047768276	-0.158870681	0.236753116	-0.012176841	0.201116481	-0.206460319	0.030531924
UMARY	1847	0.103399546	0.057586803	1.80E-05	-0.030631477	-0.052991293	-0.195519552	-0.14364722	0.31372921	0.019231203	-0.026091639	0.114110417	-0.273211036	-0.133812905	0.427322224	0.020083934	0.427947362	0.144282646	-0.010185926	-0.01945901	-0.013248815	-0.127500937	-0.043270591	0.071032114	0.135234243	-0.005739172
UMARY	1849	-0.25719121	0.000555117	-0.102477547	-0.150398476	-0.196762126	0.186228998	-0.185574999	-0.080369306	-0.042101436	0.008358594	0.263093571	0.053826655	-0.098660114	-0.225462453	-0.119845434	-1.336714144	0.672234547	0.112174652	-0.120683732	-0.223071846	0.125900663	-0.024117569	0.318112875	-0.331452975	0.066934631
UMARY	1862	-0.135123989	0.077797122	0.103498194	0.126276458	0.042955321	-0.141617392	-0.155165192	0.269174754	0.014323463	0.076445688	0.625993454	-0.055584424	0.065181254	-0.337900133	0.027672181	0.945679126	0.075540527	0.025617947	0.026151835	-0.158466809	0.272735416	-0.03961843	0.097590079	-0.226958976	0.083639898
UMARY	1865	0.338785096	0.038219965	0.048316134	0.331632511	0.007765012	0.009064934	-0.002885513	0.034130282	0.033952014	0.044693214	-0.216357135	0.239813932	0.101046407	-0.045286735	-0.058916565	-0.142838949	-0.376176079	0.105941003	-0.02439887	0.148323722	0.23618258	0.06523302	-0.131077297	0.255538063	-0.002167535
UMARY	1866	0.065750452	-0.175173702	-0.107978002	-0.166611549	-0.114078094	0.102831797	-0.002268044	-0.114835047	-0.169266185	-0.121372497	-0.186641439	-0.001603919	0.053833448	-0.135738026	-0.172167372	-0.250802502	-0.039713338	-0.034103658	-0.085210967	-0.073779987	-0.051684551	-0.20422348	-0.023991626	0.350151519	-0.160000762
UMARY	1867	0.243936429	-0.047883649	-0.028934462	-0.020242368	0.004695876	0.042127594	-0.191200626	0.127272216	-0.087116365	-0.07929272	0.081513956	-0.353057915	-0.023069132	0.081412013	-0.092015461	-0.410541923	-0.218868685	0.196110874	-0.053966927	0.249928003	0.365474634	0.02120096	0.012772614	-0.164103339	0.053742062
UMARY	1902	0.386520145	0.047197725	0.069407836	0.201442883	0.077214094	0.281792599	-0.00144092	0.309974816	0.017075308	0.019810947	-0.4268507	-0.188843971	-0.072677473	-0.144562615	-0.057975032	0.385709844	-0.294478317	0.165736295	0.031329275	0.290047686	0.412873395	0.074942841	-0.135687506	-0.013803303	0.028719687
UMARY	1903	0.038427659	0.048057694	0.136276834	-0.174007501	0.057573944	-0.052349216	-0.069697222	-0.436593228	0.081538705	0.100935527	-0.22978111	0.073290912	0.00929043	0.220439388	0.03505509	-0.297577286	-0.364330005	0.303802459	0.147683709	0.040641417	0.185145411	0.189764622	-0.046192345	0.10856039	-0.021419025
UMARY	1907	-0.318927534	-0.185271895	-0.147052493	0.25571684	-0.083612726	-0.00416039	-0.00978069	0.114664296	-0.188616329	-0.106716879	-0.112142363	-0.054965766	0.002919486	0.294161512	-0.144721263	-0.112146491	-0.320126389	-0.121701921	-0.131297991	-0.042386683	0.517493085	-0.218791109	-0.118844935	-0.014979319	-0.030110615
UMARY	1917	0.27647913	-0.085268809	0.039266295	0.045707005	-0.035069971	0.308584437	-0.1216083	0.276810346	0.047577515	-0.090896252	-0.045131942	-0.233486386	-0.041190484	0.611353422	-0.074903101	0.527649486	-0.192635072	0.17128072	-0.040427539	0.019617809	0.259280272	-0.018337648	-0.033409893	0.376488718	-0.105661704
UMARY	1935	-0.036663698	-0.170255566	-0.138407267	-0.062251619	-0.027043791	-0.119746121	-0.325346117	-0.051127007	-0.189494068	-0.170743189	-0.390480091	-0.173308582	0.115929767	-0.483723863	-0.208565824	-0.082929457	0.018347475	0.052917917	-0.173623733	0.012522212	0.192003643	-0.045507179	-0.044039913	-0.184857792	-0.116742622
UMARY	1936	-0.469536955	-0.034070874	0.093910283	-0.419520819	0.044031185	0.275579633	-0.050572775	-0.262927388	-0.035358351	0.047269127	-0.199594384	0.091530972	-0.014087545	0.286693135	-0.017645501	-0.705866809	0.273248599	0.073835106	-0.004263951	0.080312158	0.284354135	-0.050603771	0.128979417	0.133464654	-0.143694656
UMARY	1939	0.857390947	0.210289993	-0.441526725	-0.237674815	-0.671629874	-0.422767086	-0.087789933	0.076760424	0.456680656	-0.02192377	-0.68796125	-0.183646449	-0.426894154	-0.814423142	-0.017068526	0.228663138	0.221166643	-0.66385349	-0.058505059	0.155671174	0.111114187	-0.059057404	0.033440671	-0.667876231	0.528201215
UMARY	1940	0.200259527	-0.042349373	0.000225658	-0.115202506	-0.016637922	0.664390966	-0.083551079	0.23883732	-0.144598275	0.008294234	-0.659978076	-0.097346978	-0.275122999	0.783829878	0.02180569	0.529727579	-0.111881702	0.116974482	0.050047131	0.133572028	0.035004856	-0.088922726	-0.064544162	0.134050731	-0.172386313
UMARY	4263	-0.14247491	0.010447537	-0.009734879	0.47641867	0.155797722	-0.380988778	0.545079185	0.407213596	0.018477312	-0.080878088	-0.215496195	0.099068339	0.489579859	0.171218712	-0.028816653	2.5769337	-0.347069128	-0.431991557	-0.060108374	-0.161758882	-0.590076135	0.19108783	-0.381868467	-0.159418642	-0.079976687
UMARY	4540	0.047742951	0.021073117	0.034830194	0.079032486	-0.062360424	-0.09543137	0.030252268	-0.800493728	-0.045111799	-0.072507866	-0.668877832	0.162479173	-0.076519295	-0.596730891	-0.121067957	-0.947556288	-0.070922728	-0.022191101	-0.118892379	-0.016217915	0.66391476	0.083713012	-0.20570641	0.155434625	0.163069726
UMARY	4542	-0.055122827	0.112038716	0.120528728	-0.134615977	0.092838456	0.197155392	0.155710838	0.109681238	-0.071385797	-0.067324299	-0.278585927	0.127273243	-0.165296243	0.275314436	0.050993625	0.85421238	-0.192779612	-0.071340766	-0.036227965	0.232717965	-0.145139518	-0.032916424	-0.043418283	-0.050067124	0.027426706
UMARY	4543	-0.126950025	-0.032967611	-0.003820417	-0.08673537	-0.030346507	0.140744502	0.204653166	-0.187483006	-0.072650354	-0.006537015	-0.197511822	0.051401433	-0.072525807	-0.181715277	-0.048403161	0.164238377	0.026158743	0.087548653	-0.007509612	0.243504903	0.188382716	-0.106824538	-0.083202732	-0.020554202	0.002689578
UMARY	4549	0.165701107	-0.06359305	0.128974824	-0.331360335	-0.071753671	0.21508644	-0.029567094	0.24925635	0.11213847	0.032056824	-0.036696402	0.288564732	0.122559263	-0.158182161	-0.064980873	-0.601614897	-0.130423646	0.698901374	0.074386302	0.159033867	0.675663602	0.024339675	-0.118225512	0.165658939	0.021951313
UMARY	4590	0.225966212	-0.010294019	0.056021254	0.225141479	-0.004330426	-0.020065716	0.140429165	0.011417262	-0.074258406	-0.056812383	0.313683344	-0.150119439	-0.020312289	-0.018613642	0.147926644	0.324844712	0.230700951	0.215926964	-0.044241769	0.162667612	0.027179313	0.201549449	-0.048489014	0.142268208	0.060706453
UMARY	4593	0.005258184	0.037986452	-0.130965537	-0.097622749	0.043587334	-0.039044306	0.024901942	0.110896925	0.017805622	-0.104006103	-0.06831884	-0.008529719	-0.145506653	-0.211224759	-0.005244526	-0.501383537	0.148104775	-0.113440522	-0.02119371	0.110216164	-0.364006859	0.001640176	0.034821826	0.008429288	-0.01697825
UMARY	4598	-0.070218208	-0.060253079	-0.080368672	-0.270897464	-0.057294524	0.061171461	-0.160900632	0.12551922	-0.051080725	-0.042881625	-0.173383016	0.029756446	-0.110776893	0.190582294	-0.141946792	-0.250842879	-0.102952853	0.152434401	-0.039533639	0.240592071	0.149606205	-0.099498384	-0.068328793	0.182458508	-0.108664089
UMARY	4636	-0.074410735	-0.0171744	-0.060667205	-0.30221902	-0.066831504	0.036235175	-0.166980746	0.226156943	-0.070906591	-0.100625682	-0.222222998	0.412045658	0.049697584	-0.071166686	-0.039834458	-0.038990226	-0.147826805	0.059900023	-0.060705978	0.184428465	0.369264387	-0.118031004	0.031476894	-0.009895053	-0.01049465
UMARY	4640	-0.198681875	-0.1437118	-0.049282736	-0.069098698	0.021751038	0.106987671	-0.06667088	0.407849702	-0.128723454	-0.063288287	-0.423710365	0.059548095	0.01467846	0.124154546	-0.017948457	0.942178067	0.218317967	-0.137869587	0.058588741	-0.146976622	-0.1518575	-0.034618901	0.136532962	-0.408751974	-0.113039143
UMARY	4725	0.116953652	-0.076357708	-0.123102228	-0.006908539	-0.092141628	-0.026700158	-0.123254178	-0.432264619	-0.085507117	0.033519705	-0.143440563	-0.251620178	0.081964674	0.034168883	-0.059305678	-1.608840368	-0.180263085	0.130381173	-0.051948984	0.272971685	0.542897442	0.05271104	-0.159330116	0.203004026	0.132678864
UMARY	4726	-0.124403294	0.033023157	0.074272141	-0.41120063	0.102342211	0.086887979	-0.042711478	-0.094672924	-0.027901959	-0.024583555	0.33682984	-0.094503828	0.017650269	0.440843433	0.025794323	-0.924030581	0.145531779	0.078449966	0.04511154	0.003076149	0.409414947	0.006921207	0.291480343	0.123219003	0.085647527
UMARY	4727	-0.550755412	0.097191065	-0.004941494	-0.20668413	0.110319902	-0.371899085	-0.130040565	-0.97018433	0.04838735	0.043434367	-0.260835964	0.073109793	0.033305906	-0.213265534	0.124559965	-0.940191893	0.307831874	0.014595766	-0.007525985	0.028836029	0.021263213	0.035202754	0.119403946	-0.134525462	0.006034535
UMARY	4729	0.047545298	0.036606686	0.073687808	0.381778571	0.120596698	-0.144140283	0.061343355	0.270283527	0.058920545	0.086778675	0.153051005	-0.010122502	-0.009707947	-0.359529986	-0.021943716	0.665796593	-0.131971408	-0.329800951	0.000666808	-0.1750804	-0.424035453	0.177064826	0.049211663	-0.138630563	0.052571244
UMARY	4782	-0.02279096	-0.16562179	-0.018680081	-0.618469259	-0.239337965	-0.036559339	0.035555489	-0.324851794	-0.125215066	-0.001744646	0.048941168	-0.253172989	-0.018494533	-0.108012645	-0.116011759	-0.328993786	-0.013312312	0.175229996	0.011633834	0.206521471	0.099931718	-0.074595474	-0.009695329	0.162243656	-0.157924977
UMARY	4786	-0.323182109	0.0872058	0.047673347	-0.118409607	0.04817181	-0.470533562	-0.101548955	-0.000550996	0.063329553	0.130734957	0.073557476	0.158766728	0.202569444	0.18548721	-0.014402315	-0.397846516	-0.133810352	-0.031400093	0.037100391	0.046302624	-0.134129629	0.050933367	0.143250307	0.067229219	-0.103454538
UMARY	4788	-0.282564732	-0.099753649	-0.26621672	-0.362347467	-0.222023055	-0.326718287	0.83546811	-0.273675406	0.095301696	0.05723072	-0.011808806	0.603065181	-0.280289176	-0.518992284	-0.126451356	0.553052625	0.052934555	-0.425450133	-0.03964167	-0.452833393	-1.095907284	-0.092734222	0.033713558	0.113890814	-0.083210563
UMARY	4789	-0.828898892	-0.03219553	0.009845505	-0.630685182	0.068600888	-0.61490617	0.156305757	-1.811107986	-0.052841557	-0.024524299	-0.323157622	-0.20297695	-0.076577005	0.378884772	0.228519612	-1.501164428	-0.042191473	-0.074021638	0.131515789	-0.355821412	-1.040314823	0.060799722	0.016628607	0.294442771	-0.140861824
UMARY	4841	0.335213572	0.028464331	0.019652341	0.454805438	-0.059384895	0.091342047	-0.076507247	0.164082543	-0.040966194	-0.116099578	-0.238546621	-0.005699184	0.095060304	0.364880483	-0.082030297	0.196733948	-0.042232463	0.09421679	-0.017825325	-0.073104953	0.481794869	-0.041481263	-0.278059636	0.227682841	-0.081357018
UMARY	4842	0.377630827	-0.044888543	0.189770571	0.826945571	0.078591925	0.029823066	0.195796334	0.187781984	0.079879364	0.193185753	0.221374374	-0.005901594	-0.051290427	-0.207559628	0.071508733	-0.287548641	0.103911224	-0.240308508	0.077187454	-0.436505673	-1.070476736	0.110705806	-0.256545495	0.145265811	0.206540563
UMARY	4903	0.035494423	0.042080581	0.155723668	-0.245722979	0.026293125	0.018359299	-0.259619871	-0.006246089	-0.004436013	-0.003091299	-0.133972938	-0.171825607	-0.024568271	-0.020612301	-0.014940268	-0.128216229	-0.002384333	0.137626846	-0.022218204	0.075799097	0.478442108	0.138640145	0.031580362	-0.175407408	-0.053764007
UMARY	4915	0.292191035	0.098366758	0.099586	0.524930872	0.07484557	0.176458565	-0.064443896	-0.278801787	0.082696038	0.042893206	-0.393967676	-0.175271441	-0.049935187	0.042711484	-0.02503925	-0.262754911	-0.17625826	0.068007377	0.067282009	0.132124118	0.010766791	0.066416716	-0.219452196	0.216303323	0.00609819
UMARY	4916	0.386504049	-0.075693591	-0.104407323	0.179204864	-0.058056827	0.141563695	-0.097488978	0.120418573	0.019945462	-0.046139421	0.164842707	0.146707242	0.070534627	0.216408856	0.042828338	0.077142864	-0.090906961	0.06778568	-0.066619732	0.011074037	0.419483727	0.043139696	-0.262426324	0.129921343	-0.200022438
UMARY	4924	0.145655085	0.248100638	0.095424052	-0.391119843	0.090505589	0.273563572	0.487156965	0.459408883	0.364408774	0.201036859	0.562046809	0.117633647	-0.204696923	0.114225442	0.128287495	1.442203051	0.379405999	-0.295468449	-0.106627101	-0.03025888	-1.054508956	0.110601669	0.162772568	-0.124077374	0.336946636
UMARY	5024	0.121968463	0.020418891	0.020916929	0.172696683	0.038799157	-0.187528	0.748097818	-0.280126106	-0.041467333	-0.008829325	0.469830968	-0.222229475	-0.228719414	-0.345624385	-0.010405095	1.037816254	-0.064367898	-0.032905111	0.149149211	-0.191406205	0.373818996	-0.036054674	-0.047727918	-0.234451379	0.460818535
UMARY	5028	-0.02042248	0.055331276	-0.009134546	-0.437142646	-0.087065656	0.089700174	0.022987256	0.23378177	-0.112413993	-0.058659628	-0.151746461	-0.174872181	-0.072533938	0.003752762	-0.108765845	0.386748219	0.373354971	-0.166620976	-0.003560968	0.087683338	-0.029532226	-0.041180829	0.18309535	-0.00958447	0.064868941
UMARY	5078	-0.113644397	-0.161137934	-0.19692724	-0.048450107	-0.178849452	0.033041327	-0.058836323	-0.106424216	-0.129826494	-0.155936217	-0.037870663	0.225684908	-0.048522506	-0.013933653	-0.069046743	-0.321717702	-0.049301166	0.251758951	-0.06134147	0.077045778	0.328328247	-0.159508099	0.065908966	-0.171517314	-0.112882283
UMARY	5079	-0.119787562	-0.014504235	-0.023415429	0.045659727	-0.015281292	-0.12220059	-0.111768576	-0.345832718	-0.036196565	-0.052983685	-0.05828992	-0.056165365	0.100051533	-0.025771634	0.00413354	-0.335992642	-0.021047331	-0.056379925	-0.036168718	0.043850406	0.110935272	-0.087478448	0.178681897	-0.243045119	-0.01059953
UMARY	5081	0.052980471	-0.0389107	-0.020925139	-0.056174073	-0.075997188	0.124291168	-0.089733738	0.249721962	-0.069120237	-0.052012482	-0.134536415	-0.218899062	-0.067582565	0.277416357	0.033405446	0.79871964	0.063820562	0.10684209	-0.032514309	-0.022681858	0.293170835	-0.012449908	-0.120154147	0.066769863	-0.106703887
UMARY	5086	0.044112602	0.0368646	-0.041574026	0.117539168	0.015830188	0.160948543	-0.002256162	0.168057778	-0.017182013	0.015632214	-0.122531385	-0.265040158	0.200495199	-0.293751426	0.119638351	0.212654395	0.03917632	-0.00920048	0.041515085	-0.073432046	-0.200995967	-0.139442256	0.000746131	-0.161244209	0.018564654
UMARY	5087	-0.376437756	0.07277323	0.105668619	0.068003758	0.126420276	0.01147783	-0.110650722	0.294379459	0.069434609	0.055434181	0.314083751	0.517098799	-0.008435644	-0.203898609	0.09282106	-0.3862316	-0.038642347	-0.223020276	0.062738536	-0.164092867	-0.729220455	0.030615516	0.237257289	0.157435698	-0.083549463
