FID	IID	1	2	3	4	5	6	7	8	9	10	11	12	13	14	15	16	17	18	19	20	21	22	23	24	25
BLSA	745	-0.084494176	0.215313474	0.267630629	0.109920748	0.666341126	0.419516777	-0.085120063	0.364983723	0.392936638	-0.053103357	-0.024403271	-0.30652074	-1.274098064	-0.578971287	-0.482795132	0.515038604	1.040946715	0.087964908	0.632974079	0.329322992	0.423161155	0.687233832	0.086439779	-0.187662685	0.467351888
BLSA	827	0.224454803	0.658608088	-0.304567352	-0.004105505	0.051770589	-0.001149266	-0.481403747	-0.007169836	0.221903553	-0.07504587	0.124823183	-0.663735327	-0.966132976	0.045547528	0.099295977	-0.05851468	0.581792148	0.077921761	0.365681355	0.185407183	-0.05658132	0.397202662	-0.148908963	-0.138512117	0.210651721
BLSA	1556	0.313982031	0.221875914	0.161312232	-0.260191211	0.066860229	-0.147288017	0.044137459	-0.073463321	0.035055289	0.28527197	0.021385238	-0.26884186	0.538034465	0.247292849	-0.183281808	0.252965096	0.143935924	0.104373327	0.007145196	0.016568891	0.345178472	0.069632529	-0.085266383	0.061337606	0.295510226
BLSA	1579	0.060358142	0.089378205	-0.209526233	-0.307230335	-0.390806496	-0.111471336	-0.026439207	-0.189045312	-0.360178104	-0.216429345	-0.240029435	-0.108659708	-0.057729125	0.300736585	0.554892113	-0.209887437	0.04068744	-0.039009999	-0.09071241	-0.017328822	-0.256797306	0.001757268	-0.158745629	-0.155323614	-0.218704321
BLSA	1595	0.230717669	0.149848222	NA	0.130344132	0.173085239	-0.232490675	0.223201319	0.436416476	0.53083275	0.386541314	0.711002003	0.430485455	-0.303277577	-0.118170146	0.347800985	-0.342397383	-0.034723501	-0.61201314	0.374289787	0.342422572	0.910246408	0.017554772	0.106087752	-0.321432692	-3.365219983
BLSA	1603	-0.244041971	-0.705673384	0.041094589	0.063891646	-0.200925879	-0.03906887	-0.045989783	-0.075651921	-0.141386387	-0.010002733	-0.005635504	0.650684807	-0.034622733	-0.388593853	-0.264601546	-0.080134953	-0.573116474	-0.088454271	-0.176277082	0.074745428	-0.152461557	-0.199880001	0.178687184	0.161793434	0.082712971
BLSA	1640	0.031810484	0.173885163	0.09349246	0.017193117	0.074328226	0.035015477	0.140679992	-0.048654599	0.211815036	0.091437476	0.119793266	-0.215103858	0.51956581	0.293754026	-0.206299195	0.167505346	-0.346917604	-0.039915478	0.125627552	-0.128227348	0.077905162	0.389526491	-0.052168409	0.082763414	0.022992847
BLSA	1775	0.190444758	0.160720788	-0.15617744	-0.318253326	0.130416802	0.066292492	-0.20735525	0.066294592	0.069733745	0.099120996	0.21801316	0.206400527	-0.607417917	0.101882594	-0.035237902	-0.430708048	0.123593907	0.125867296	-0.041212375	0.246526669	-0.315835298	-0.432922014	-0.174359593	0.069249344	-0.573539585
BLSA	1802	-0.277434199	0.044344661	-0.079979875	0.182859833	-0.119981217	0.014602194	-0.145352968	-0.057656342	-0.171151902	-0.166386465	-0.228474632	0.759624105	0.242823277	0.090120867	-0.036416342	0.005629173	-0.070128816	0.071904388	0.016241122	-0.047794835	-0.160034735	-0.126960274	0.086710857	0.053622689	0.410617525
BLSA	1805	-0.287990909	-0.769969144	0.048814648	-0.02604523	-0.312283842	-0.096180825	0.079035335	0.120348544	-0.132316929	-0.039989175	-0.138915245	1.087385647	0.296559398	-0.123389148	0.071060724	-0.090725518	-0.533069292	-0.160532821	-0.438750536	0.070514885	-0.168790682	-0.131446244	-0.000275999	0.131010667	-0.013580222
BLSA	1838	-0.143129912	0.177301548	-0.142314983	0.145835023	0.010161853	-0.094170622	0.070361388	0.086223859	-0.012603136	-0.052689224	-0.157843637	0.061737764	-0.261565264	-0.375175124	-0.201916414	0.052265546	-0.280724565	0.168095635	-0.122311502	0.011661262	-0.144189941	-0.002889821	0.079282698	0.043514716	0.318380479
BLSA	1839	-0.261071019	-0.354540425	-0.024709721	-0.107309188	-0.168132469	0.197532124	0.121777827	-0.144613602	-0.120547972	-0.019842143	-0.03419429	0.417658422	-0.053793072	-0.361324939	0.025577611	0.039899165	-0.170876231	-0.104996787	-0.264050445	-0.180195719	-0.29872443	-0.286695181	0.076975806	0.153925162	0.744321984
BLSA	1840	0.056112854	-0.29880133	-0.015713354	-0.326067655	-0.126137852	-0.01176213	-0.118328616	-0.009421724	-0.203091124	-0.093946553	-0.203289258	0.293508255	0.107100076	-0.265617358	-0.237734183	-0.131278659	-0.070082218	-0.195679087	-0.102453483	0.028228423	-0.296517598	-0.17492781	0.02603546	-0.07524983	0.412737951
BLSA	1883	-0.232887942	-0.16176704	-0.015197695	-0.110650212	0.053737297	-0.087860778	0.03522888	-0.146658572	-0.106966964	-0.151675614	-0.132785443	-0.048180425	-0.056604334	-0.222073616	-0.062966623	-0.076728272	-0.100394411	0.157376867	-0.145829443	-0.05102884	-0.096079051	-0.031210666	-0.118245041	-0.074083863	-0.059068588
BLSA	1889	0.031435138	-0.3822866	0.093929073	0.117956356	-0.093733539	0.109448171	-0.023222545	-0.026864109	-0.205007848	-0.204451746	-0.095101852	0.532592472	0.142969309	-0.080819228	-0.211364309	0.090035534	0.090212811	0.116101764	-0.20398964	-0.061993888	-0.148310651	-0.179364133	0.06148173	0.05209645	0.378789855
BLSA	1924	0.059767243	-0.073908879	0.032117549	0.185688506	-0.20988524	-0.209585288	0.089624967	-0.09107194	-0.119578609	0.048507668	-0.000920966	0.025558823	-0.028426554	-0.445095842	0.433943998	-0.056838822	-0.344485749	-0.057450247	0.006383792	-0.095235357	-0.00306521	0.177870706	-0.07128008	-0.155093594	-0.211308888
BLSA	1961	-0.006596522	-0.661999337	0.21323588	0.034976444	-0.03847957	0.01269217	0.046218386	0.000480569	-0.039837082	0.178731625	0.088794048	-0.209550011	0.422761147	-0.084169897	0.045445803	0.060507512	-0.384796474	0.292177444	-0.161900122	-0.000260425	0.023012332	-0.204657227	0.288721534	0.144715195	0.388415735
BLSA	2000	0.042051064	0.014997423	0.098428299	0.033068677	-0.002209842	-0.059888682	-0.157688713	-0.022028692	-0.007328989	0.114982655	-0.197664633	-0.254968049	0.339401904	0.929416185	-0.097394611	-0.109944614	0.140991094	0.093652594	0.014472892	-0.095763257	-0.100304023	0.005190309	-0.012661953	0.237554703	0.145436255
BLSA	2020	-0.007568293	-0.001678571	0.009295206	-0.027127989	0.073294729	0.028414833	0.152413573	-0.028473341	0.056199759	-0.035495027	0.005504219	-0.327277291	-0.08045575	-0.188294628	0.23349773	0.123136952	-0.065475191	0.093682901	0.11251803	-0.008734961	0.089807541	0.20242051	-0.11168044	-0.205814065	-0.160893441
BLSA	2037	-0.100987535	0.471732535	0.024732321	0.044318583	0.068118354	-0.153989964	0.070104624	0.005060075	-0.007111781	-0.302934343	0.040162133	-0.190444766	0.440122877	0.510171454	-0.039818221	0.147037223	0.066800507	0.183414739	-0.136217145	-0.327509959	0.187632639	0.041114255	-0.104204513	-0.07324039	0.364450054
BLSA	2066	0.01632265	-0.066846846	-0.04749573	0.098952546	-0.079685129	0.041866058	0.178999552	-0.022616858	-0.116572665	-0.148882281	-0.023725208	-0.530757402	0.11151397	0.071183716	0.041186863	0.013630518	-0.065027889	0.17240362	-0.17940747	-0.124295506	-0.132039351	-0.145620082	-0.206125192	-0.00360101	0.053289771
BLSA	2069	0.007015157	-0.001055045	0.2670139	0.126435192	0.160970112	0.242746789	0.09987659	0.016326062	0.099279249	0.161618983	0.210364311	-0.401846119	0.23998597	0.227913894	0.283715124	0.141301626	-0.099499156	-0.142823842	0.127693602	-0.014481324	0.08754868	0.255667184	0.24631367	0.216642252	0.615446245
BLSA	2093	0.006553612	0.178705092	0.031347215	-0.047479132	-0.239882379	0.060384682	-0.233637549	-0.280360453	-0.29415263	-0.118837844	-0.159585014	-0.137900262	-0.040786274	0.087940737	0.108572976	-0.133026917	0.275239165	-0.180796618	-0.056392156	-0.186243806	-0.19983355	-0.4550215	-0.03650324	-0.285348863	0.021167579
BLSA	2102	0.375176874	0.921815487	-0.38676162	0.243018978	0.453058898	0.016394686	0.172878547	0.127616721	0.420076103	0.323499032	0.102726829	-0.801850458	0.364071437	0.325734632	-0.185163619	0.11123301	0.635117859	-0.123264953	0.336476403	0.033695743	0.385072314	0.126424433	0.043688967	0.267137093	-0.329958059
JHU	384	0.229990331	-0.219290515	-0.004415875	-0.218041339	-0.166859194	-0.044911358	0.139853613	0.085186246	-0.156313331	-0.012617288	-0.003599355	-0.217619007	-0.016321844	-0.003093379	0.092188226	-0.170841889	-0.451783162	-0.204409178	-0.055844665	-0.019691638	-0.20099981	-0.08842085	-0.092140443	0.033968774	0.057037863
JHU	705	-0.120015595	-0.124327252	-0.011187073	0.281202617	-0.079989767	-0.025769005	-0.058279568	-0.025356545	0.017980636	-0.015587551	0.0308703	0.345015296	-0.113707754	-0.198972151	-0.392071359	-0.198929756	-0.299500867	0.02692474	-0.020016994	0.014260959	-0.127426086	-0.326766099	0.295952483	-0.028150149	-0.068963463
JHU	710	0.170686189	0.254941286	0.209367003	0.046355567	-0.022435351	0.109427361	-0.055125298	0.084848702	0.055940151	0.146513457	0.143344129	-0.037855933	-0.109877451	0.092584342	0.067897303	0.034435899	0.03005572	-0.05254165	-0.080681812	-0.091903413	0.017015004	-0.204404083	0.045222355	0.052973679	0.073344723
JHU	712	0.192062901	0.260646353	0.183371272	-0.22172689	0.074046865	-0.169796184	-0.123050127	0.081540663	-0.048615305	0.074633679	0.124097587	0.290312482	-0.357580701	-0.19574455	-0.221273344	0.017560283	0.080378408	-0.310089467	-0.180729078	-0.057257481	-0.025311078	-0.058628379	-0.08595529	-0.03449082	0.117068261
JHU	713	-0.377289602	0.559621766	-0.336167396	0.098841138	0.100682804	-0.066067387	-0.138724846	0.244973333	0.066593371	0.020058135	-0.582104691	-0.611410486	-0.62425662	-0.292083406	-0.117866134	0.369310776	1.157916014	-0.221655518	0.31555162	-0.015674143	0.041849669	0.183786434	0.013996376	-0.175345126	-0.220120022
JHU	719	-0.11323348	-0.69599385	0.139484528	-0.161041989	-0.032843983	-0.048666863	0.130916045	0.151161356	-0.065015563	0.016618725	0.144636427	0.293090175	0.443133224	0.102309078	-0.021962192	0.067327265	-0.264815487	0.169106137	-0.319944895	0.017690619	0.004699915	-0.067418486	0.14576698	0.070752899	0.230413651
JHU	993	-0.045696171	0.196005189	-0.265861331	0.115061146	0.032184776	0.288067344	-0.143465932	-0.190798787	0.178780921	-0.200953942	-0.094005949	-0.518666448	0.005262176	0.077097112	0.419706148	0.10171531	0.102492396	0.093415473	0.198403548	0.109489863	0.220061706	0.302711482	-0.492475614	0.02819073	-0.111564756
JHU	994	-0.0895681	-0.224863048	-0.044785917	0.055356363	-0.089413576	-0.06939701	0.144689225	-0.307254493	-0.06470266	-0.136704982	-0.012075794	0.550772719	0.215973008	0.244061097	-0.047310928	-0.227537326	-0.258722375	0.255229626	0.060811263	0.057090973	-0.096350399	-0.066859877	0.12306755	0.014836289	-0.102146534
JHU	995	0.153063528	-0.00673993	0.130194789	0.003993386	0.184627426	0.027113102	0.103186888	-0.124300474	0.01535178	0.108039767	0.248837348	-0.093638799	0.557375962	0.173841857	0.22069228	0.006959439	-0.096020646	0.244019836	0.082451013	-0.014005741	0.166461079	0.325999858	0.046565603	0.037263726	0.024930277
UMARY	142	0.038801885	0.235836857	-0.162226438	0.09276946	0.01645647	0.060757113	0.050212585	0.162870561	0.022440752	0.046303585	0.058087404	-0.120008462	-0.317868007	-0.260687448	0.27200494	-0.086034798	-0.408997715	-0.306779134	0.075981209	0.009279196	0.101475134	0.217199585	-0.169025198	-0.16348901	-0.1427478
UMARY	602	0.013378121	-0.297648534	0.058834562	-0.229625577	0.079542722	0.095787525	-0.09893852	-0.063876791	-0.073032387	-0.015269433	-0.021828324	-0.076916954	-0.43854145	-0.36016313	-0.168127946	0.082373455	-0.07435532	0.049249103	-0.187934776	-0.122668092	-0.121929032	0.053996411	0.004540335	-0.041735898	0.450405945
UMARY	604	-0.138340376	-0.239407925	0.013970145	-0.062504131	0.045605089	-0.058533452	-0.093299479	-0.022109213	0.093151972	0.108865561	0.124469682	0.215101336	0.136033523	0.042802694	-0.046769597	0.059057678	0.042163678	0.007741557	-0.047152995	0.033743668	-0.014932874	-0.007477658	0.200209173	0.051265401	-0.067238934
UMARY	813	-0.007360423	-0.311597443	0.092773137	-0.189831159	0.043372477	0.020398048	0.018552414	-0.053047661	0.025573696	0.017567404	0.035077533	0.104812652	-0.001861365	0.066206949	-0.201788641	0.084618978	-0.294058622	-0.002274756	-0.042742902	0.059306944	0.116312019	0.092742832	0.051182037	0.006923399	-0.065934739
UMARY	819	-0.005575295	-0.011020298	0.037792948	0.445335305	0.015689157	0.006577636	0.077477912	0.13403363	0.042576959	-0.029180944	-0.058629948	0.169979307	-0.049865334	-0.009786444	-0.58971836	0.052524336	-0.092993583	0.131980584	-0.026688765	0.087001056	-0.006201733	-0.106064595	0.080738167	0.006545772	-0.165856086
UMARY	871	0.105920103	-0.177637162	0.085297543	-0.075454946	-0.012467971	-0.000881018	0.030598856	0.068229691	0.055065126	-0.077695634	-0.023974416	0.166611975	-0.070985272	-0.20355816	-0.457284234	0.028144525	-0.34804577	-0.049484327	-0.021069547	-0.010745322	0.082508607	-0.129973006	0.04757857	0.006415103	-0.033292765
UMARY	879	-0.148173133	-0.176961033	-0.031581689	0.023527936	-0.01298066	-0.083659998	0.054480154	-0.076686309	0.039009018	-0.122644494	-0.079030278	0.128327123	0.121030273	0.107615104	-0.063149381	-0.008967985	-0.210121065	-0.059748245	0.002190992	0.142074618	0.034006748	-0.048950523	0.165401314	-0.032057189	-0.168960645
UMARY	880	0.133604642	0.065406631	0.090938738	-0.029422372	0.127471744	0.17738436	0.06391044	-0.015823259	0.168580755	0.204672452	0.198143263	-0.221263645	-0.332467142	-0.301498025	-0.841111106	0.089660061	-0.467657898	-0.157445386	0.151482187	-0.068671918	0.213164137	-0.060263687	-0.138875349	0.012911096	0.206083432
UMARY	914	-0.098766753	-0.086273295	-0.035512249	0.258479687	0.039859367	0.078312436	0.084825627	0.049846946	0.040575812	0.332542449	-0.022902319	-0.125580519	-0.128906167	-0.320263687	-0.154048142	-0.043745067	0.170696146	-0.283462973	-0.028227857	0.061472757	0.035915529	-0.057657983	0.004197206	0.098603101	-0.056483937
UMARY	933	-0.124812079	-0.235077203	0.074371552	-0.281118939	-0.024749105	0.060281076	0.124230513	-0.229238437	-0.135277428	-0.058776828	-0.178686891	-0.079544578	0.134478458	-0.066673579	0.270617355	-0.050940644	-0.256275039	0.205938513	-0.190781703	-0.02523479	-0.181308594	0.00347152	-0.033106448	-0.045653737	0.440620563
UMARY	1028	-0.219170019	-0.167923766	-0.10830128	-0.102160459	-0.232954686	-0.060182782	-0.226250252	-0.082781111	-0.183620227	0.133756331	0.076330344	0.470992553	0.074155315	0.089515876	0.535437154	-0.224206245	-0.033041031	-0.188537425	0.27690675	-0.014529487	-0.205120769	0.036578182	0.158919887	-0.044332792	-0.104637562
UMARY	1037	-0.005833954	-0.311574161	-0.058627691	-0.098247421	-0.060925184	-0.054229425	-0.037862398	0.048318699	-0.148187305	-0.153601561	-0.102732057	0.079617727	-0.180743132	-0.055901078	0.364098492	-0.182490711	0.060176255	0.139987822	0.003105607	-0.077671176	-0.10396591	0.071743596	-0.088196438	0.024523991	-0.0327741
UMARY	1064	-0.042741573	-0.399492724	0.143555405	0.086911291	0.053521637	0.037259964	0.131949915	-0.112718683	-0.009927743	-0.025622531	-0.036601517	-0.172885918	0.23154141	-0.179139049	0.136638583	0.082277825	-0.461062475	-0.049593696	-0.031833653	-0.083085959	-0.083810046	0.009969429	-0.199557747	0.131165275	0.562665196
UMARY	1065	0.22276027	0.268444642	0.169064969	0.06182591	-0.078622205	-0.073351988	-0.19964545	-0.26553319	0.16652503	0.014291973	-0.061565321	0.189566118	-0.056798625	0.239540572	0.146373412	-0.135448142	-0.226276554	0.159211046	-0.025446324	0.001613515	0.022809601	-0.010879532	-0.005983066	0.143995755	0.472882866
UMARY	1076	-0.118651696	-0.167882595	0.035750638	0.161924634	0.098028781	0.194855417	0.16354724	0.0466196	0.066167329	-0.006222863	0.041911599	-0.276476433	-0.027281674	-0.153245819	-0.083933172	0.080425171	0.202892559	0.130905106	0.139775582	0.082925341	0.070850369	0.086073771	0.00173223	0.010286241	-0.001783809
UMARY	1078	-0.041355095	0.538958508	-0.06311368	-0.083729446	-0.051066085	-0.078745485	-0.175336596	-0.270972952	-0.126432657	-0.073035367	-0.017102468	-0.179186745	0.676975423	0.353538563	-0.295731778	-0.111422901	-0.298898396	0.205180146	-0.318948264	-0.092438783	-0.233133834	-0.160048668	-0.110904065	-0.08160422	0.462011515
UMARY	1079	-0.249387552	-0.250343001	-0.118022809	-0.026922169	-0.111894657	-0.210668433	0.124183927	0.134638948	-0.118478507	-0.162980468	-0.18396179	0.203670987	0.274576867	0.102335236	0.390186794	-0.166928615	0.000626792	0.001047036	-0.009316161	-0.043419147	-0.17282778	-0.133158164	0.111994417	-0.053082739	-0.179569628
UMARY	1104	-0.043001079	-0.27910919	-0.043077695	-0.122527653	0.01246931	0.072454919	0.003657162	0.071391705	-0.056891804	0.168800137	-0.034541747	0.178454394	-0.010122334	-0.060253905	0.039505425	-0.025202582	-0.040149662	-0.106118352	-0.06618392	-0.027681798	0.02943437	-0.060415537	0.232001868	0.061920665	-0.078009751
UMARY	1105	-0.103458673	0.906381431	-0.030922086	-0.071598328	0.017548922	-0.008082558	0.053228633	0.073403511	0.15843625	-0.034367947	0.027679707	0.433666553	-0.001042554	0.767574783	0.117379875	0.021882654	1.088852481	0.038441779	0.078251341	0.043803541	0.141489376	-0.019508324	-0.098346895	-0.033325857	-0.223919251
UMARY	1114	-0.116709003	-0.436708673	0.129445971	-0.287976304	0.070095938	0.094730929	-0.052299529	0.156059508	0.04478182	-0.000334335	0.122320684	0.151283141	0.19385877	-0.07514103	-0.444190338	0.125970898	-0.059825365	-0.081090644	0.016020818	-0.138581456	0.120614045	0.013884713	-0.077250869	0.074947239	0.098000818
UMARY	1133	0.145358913	-0.136417579	0.174318424	-0.267299925	0.185904429	0.071729199	0.073131163	-0.048343146	0.079797577	0.228072926	0.278998642	0.130839503	-0.202326351	-0.14185651	0.493422949	0.124527907	-0.250027324	-0.131918684	-0.100441688	0.06738856	0.053758317	0.291737822	-0.100309249	0.198450493	0.50962694
UMARY	1134	0.172711849	0.028039379	0.081842696	0.114021694	0.052727654	-0.014962121	0.00225743	-0.029738535	-0.003065922	0.027753228	0.050136281	0.216013715	0.02898988	0.275916419	-0.472061371	0.079078577	-0.010270814	0.061674667	0.001656748	0.093149647	0.112293406	-0.156422936	-0.090982908	0.010596072	-0.075699254
UMARY	1136	0.036836249	-0.027143936	-0.018535119	0.024178269	-0.033480625	-0.051640067	0.055402197	-0.113498315	-0.090006906	0.017971567	-0.019890733	0.470347924	0.08622961	0.186947725	0.110841828	-0.026985558	0.148255339	0.012225748	0.021990962	-0.031519877	-0.050876958	-0.095180739	0.055317966	-0.019922992	-0.040153422
UMARY	1158	0.124316882	0.21335308	-0.056776309	0.130378329	0.018014558	0.027741316	0.053085944	0.047597102	-0.017656652	-0.012672143	0.005139222	0.10510352	-0.342569087	-0.262530669	-0.090261405	-0.00074534	0.352815749	-0.068011354	0.045738995	-0.003802415	0.043593149	-0.054574347	-0.122437521	-0.047788955	-0.12096715
UMARY	1170	-0.010715074	0.155789947	-0.012310536	-0.109029979	0.035350708	0.006483658	-0.112943555	-0.086467295	-0.019758841	-0.062772011	0.051539212	-0.008596792	-0.266598285	-0.09614836	0.443354857	0.007960491	0.08272276	0.062041108	0.05156604	-0.047664865	0.001247767	0.104520237	-0.136690128	-0.022005541	-0.003108901
UMARY	1206	0.243144317	0.167512093	0.083104212	0.064822362	0.069706223	-0.010921323	-0.026265859	0.076346182	-0.011397981	0.014024718	-0.006002847	-0.596857467	-0.259335306	-0.488618082	0.214872934	-0.064247393	-0.435804488	-0.182818508	-0.014014315	0.051092134	-0.026720919	0.119734579	-0.240596113	-0.086651667	0.076286783
UMARY	1209	0.167316613	0.372285813	-0.034074184	-0.069925823	-0.022977901	-0.027330388	-0.086029896	-0.050139465	0.021320835	-0.037924965	-0.005496752	-0.245948581	0.069402653	0.025168932	-0.220015549	0.087783591	-0.14807151	0.078731027	-0.015355928	0.088175838	0.095219781	-0.06864986	0.149071584	-0.025863226	-0.080576096
UMARY	1226	-0.095490068	0.019251181	0.031620543	-0.148118636	0.082219912	0.027257947	-0.124080123	0.112819392	0.072468069	-0.059665588	0.054839264	0.065949663	0.291261047	0.245162562	-0.338339278	0.063685087	-0.02838508	-0.167135887	0.056020669	-0.099373664	0.118353065	-0.006990192	-0.221131872	0.010061427	-0.04020136
UMARY	1230	-0.063280036	-0.086851579	-0.020667528	-0.202414268	0.001795787	0.051118506	0.006337199	0.24119837	-0.011588846	-0.02735803	0.053263395	0.114120517	0.041909982	-0.002442533	0.250359392	0.09849248	0.120629229	-0.148680897	0.140430721	0.035245143	0.060597805	0.041686324	0.038529154	0.029984839	-0.043978095
UMARY	1260	0.105820895	-0.028152418	0.110069182	0.061042733	0.197617972	0.065367509	-0.017995896	0.041527465	0.159167087	0.143117296	0.160416271	0.136075548	-0.153727857	0.02671876	-0.193009369	0.21024819	0.073021309	-0.200536468	0.084504016	-0.018030258	0.224554965	0.030542442	0.058468655	0.115873154	-0.086713504
UMARY	1326	0.021966075	-0.266982136	0.061155488	-0.151387425	0.01296524	-0.029709897	0.063820402	0.030584436	0.057708385	-0.03205406	-0.039134901	-0.055929893	0.130918457	-0.112744449	-0.42283858	-0.011134492	-0.161621439	-0.007418558	-0.03831185	0.073270718	0.001959887	0.034752973	0.030716705	0.0293171	-0.189112016
UMARY	1454	0.108644398	-0.196589213	-0.055851685	-0.145345496	-0.010382648	-0.087570907	0.128705021	-0.006065298	-0.066389841	-0.055109984	0.029249483	-0.298032519	-0.058974581	-0.174505227	0.545566375	-0.048649154	-0.337458167	0.004128664	0.074910206	-0.102339196	-0.068313226	0.240743199	-0.25892071	-0.125710238	0.138987621
UMARY	1465	-0.158916008	0.374853333	-0.07209784	0.374693625	-0.066873175	-0.075573692	0.067181007	-0.11952857	-0.019956082	-0.046839454	0.063733225	-0.061920817	-0.063124523	0.200498015	0.065676097	-0.035274868	0.144506663	0.114625467	0.102485011	-0.072273946	0.010472635	-0.069070264	-0.007118444	-0.151186928	-0.204674608
UMARY	1486	-0.021880065	-0.178646629	-0.094757462	0.217929917	-0.077592128	0.18264775	0.002281237	0.043279611	-0.081194467	-0.012265064	-0.125928124	0.14374668	-0.124296674	-0.151892404	-0.14744173	-0.084347183	-0.004810465	0.138109872	0.00983573	-0.061648652	-0.096273457	-0.032651347	0.057663261	-0.047651573	-0.187802716
UMARY	1498	0.013329899	-0.052436351	-0.079400394	0.198727595	-0.048357618	-0.090724659	-0.011185985	-0.17429413	-0.01904416	-0.144175621	-0.085785051	0.123959831	-0.148249544	-0.062881708	0.087771214	-0.043851638	-0.23901415	-0.044928651	-0.12284779	0.09140377	-0.025354098	0.019748338	0.122918346	-0.038543541	-0.112302604
UMARY	1502	-0.077617729	-0.391039179	-0.023324315	-0.435982263	-0.186530605	-0.162138284	-0.218108813	0.057682136	-0.14459338	0.335041419	-0.047520891	0.280535092	0.120982248	-0.004554968	-0.068767316	-0.134943393	-0.242048962	-0.107720627	-0.139424773	0.103035609	-0.091756607	0.120232152	0.060062292	-0.039273608	-0.073195839
UMARY	1535	0.076041177	-0.032490614	0.09475478	0.337066351	0.006288772	-0.00715959	0.110388126	0.041021676	0.030960645	-0.046645309	0.03071377	-0.185238794	0.140351939	0.078695528	-0.209941285	-0.04014202	0.202832218	0.274550812	0.037378961	-0.140510525	0.024706979	0.151087545	-0.080419712	-0.075717169	-0.062395745
UMARY	1540	-0.042524832	-0.245162549	0.067503021	0.160334495	-0.056913358	-0.019274404	-0.052508228	0.228759973	-0.049092769	-0.054717905	-0.061441754	-0.206336917	-0.056874988	-0.191578692	0.419941199	0.019509122	-0.161999188	-0.025502984	-0.094714837	0.124223131	-0.017396699	-0.088423221	-0.017180639	-0.183104333	-0.139754897
UMARY	1541	-0.132833208	-0.252129589	0.036533859	0.066432978	0.092342374	0.120894846	-0.061533343	0.067401627	0.087075587	0.095929543	0.079065608	-0.112991712	-0.181519299	0.044397449	0.01077283	0.176175344	0.050529486	0.174225218	0.076720993	0.067249316	0.138127497	0.118858924	0.081002615	0.106326076	0.073519466
UMARY	1544	0.015180082	-0.02674378	0.023820753	-0.171390616	-0.020567869	-0.038551361	-0.073939518	0.013665885	0.072526766	-0.156408607	-0.036216656	0.232979479	0.047887775	0.453606136	-0.512952613	-0.08524345	0.240245551	0.163949059	-0.124896757	-0.045244546	-0.145328263	-0.061486076	0.114174345	-0.078196618	-0.049429257
UMARY	1545	-0.091523943	0.227942206	0.110159999	-0.035892491	0.12451526	0.172107328	-0.015175466	0.045063835	0.070954633	-0.056437529	0.14719122	0.315414069	0.211694097	0.479468489	-0.638496661	0.145801587	0.193993846	0.127058395	-0.020417644	-0.073841551	0.103085323	-0.146983564	-0.004560319	0.188429152	0.255112038
UMARY	1568	-0.177712968	-0.233103908	-0.037194917	-0.132112522	-0.008391323	0.262375122	0.021349565	0.356569032	-0.070995929	-0.023046314	0.052913094	0.261395191	0.019951957	-0.062326817	0.74066823	-0.037245109	-0.257686212	-0.062646954	0.024471719	-0.204704861	-0.019938527	0.236697914	-0.238601862	-0.115081005	0.174683169
UMARY	1570	-0.042928304	-0.138943661	0.027260713	0.035880655	0.043663483	-0.03961085	0.083292557	0.061517692	0.008721169	-0.056275558	0.001290713	0.125043004	-0.045669944	-0.17062836	0.104938266	0.031169724	-0.137225761	0.010723459	-0.008167196	0.148045465	0.05657087	0.025783725	0.096520583	-0.025993889	-0.109528861
UMARY	1571	-0.36143062	-0.438541945	0.104729464	-0.234561617	-0.079427797	0.058303545	-0.085559965	0.068893888	0.054087815	-0.084446272	0.020550999	0.281478838	0.184660573	0.351208233	-0.31048036	0.083340993	0.063062332	-0.041967564	-0.021555811	0.05595847	0.031185167	-0.01886846	0.271679339	0.158655891	0.196508491
UMARY	1578	-0.267479158	-0.239450926	0.035811526	0.147801586	-0.074286177	0.025080372	0.195135956	-0.012174165	-0.105636027	-0.059008876	-0.10921491	0.304499594	0.255694401	0.398815506	-0.246725661	0.011860027	-0.057644894	0.168800494	-0.093544801	0.027580652	-0.091441192	-0.147606125	-0.00509855	0.109941308	0.148747496
UMARY	1583	0.163175097	0.123782389	0.034419567	0.191353683	0.079243252	0.025133469	-0.099971126	0.054276494	0.093208355	0.096256172	0.135759511	-0.684245695	-0.015645678	-0.221783036	0.532122774	0.088337852	-0.122660572	-0.30328276	0.250988275	-0.110705106	0.043402774	0.428625588	-0.246320216	0.003478203	0.069748266
UMARY	1584	-0.094081403	0.198677023	0.179459081	-0.052588024	-0.075324485	-0.0205312	-0.073481876	-0.093073015	-0.102874923	0.091742444	0.081046747	0.102626432	0.322192259	0.372788062	0.342450567	0.015548135	-0.117429247	0.314539189	-0.100459991	0.012932989	0.083665452	-0.000717766	0.038550546	0.077309848	0.301393989
UMARY	1611	-0.21265313	-0.099736858	-0.023078444	0.018975659	-0.076019673	-0.080497008	0.031280706	-0.027732619	-0.063743832	-0.11681243	-0.21465899	-0.172501074	0.180745333	-0.045430985	-0.16026724	-0.060270432	-0.078898154	0.024791727	-0.182547354	-0.118524832	-0.316874029	-0.216943666	0.137341952	0.100582914	0.404045458
UMARY	1612	0.210959754	0.252713696	0.008153922	-0.062206083	0.095192465	-0.065974444	0.066142732	-0.164746105	-0.056280737	-0.033899105	0.031887932	-0.29994998	0.005092538	-0.124033746	-0.072893673	-0.070708844	-0.027500132	0.256834314	-0.158112661	0.050482243	-0.125001654	-0.089965242	-0.234361985	0.007181988	0.439039049
UMARY	1613	0.204294839	0.163717986	0.061558782	-0.208945578	-0.001670736	-0.037077708	-0.126060237	0.016170279	-0.082271208	0.032766975	-0.021443532	-0.04861867	-0.234967832	-0.556148884	0.099039972	-0.08124382	-0.393017892	-0.267171589	-0.133555361	-0.013484489	-0.033511452	0.05732269	-0.097880381	-0.0470194	0.231919619
UMARY	1614	0.255233965	-0.025009557	0.174395308	0.312778442	0.02014759	0.147017686	-0.069517983	-0.049006585	0.090603208	-0.018432962	0.063618045	0.048409922	0.025880148	-0.418612622	-0.299299096	0.02745173	-0.228294859	-0.235807165	0.101346404	-0.0017839	0.011808118	-0.0376754	-0.080053583	0.117149217	0.185204718
UMARY	1648	-0.048461912	0.021762149	0.031752879	-0.0736076	0.108779127	0.13024785	0.10635172	-0.010083838	0.115042621	-0.063018273	-0.08904213	0.021272537	-0.224108946	-0.464417648	-0.177174599	-0.089670734	0.161203807	-0.23058371	-0.024496409	0.182795343	-0.083719076	-0.058490547	0.027928928	-0.058783372	-0.048551946
UMARY	1652	0.369699379	0.002671332	0.127052527	-0.034312543	-0.058117733	0.020894281	-0.090469788	-0.093774372	-0.116423561	0.312940525	0.059337565	-0.3905887	-0.202459346	-0.745245628	0.258815843	-0.001479754	-0.464536116	-0.393055316	-0.086079668	-0.127425779	0.039975962	0.027000604	-0.297709	0.002252866	0.155874086
UMARY	1668	0.13614655	-0.21127262	0.147990337	-0.024387541	0.050884641	0.088642875	-0.006292932	0.164310676	0.072106238	0.003701968	0.100995819	-0.073308878	-0.309863586	-0.245216206	0.281372004	0.166681376	0.136463921	-0.065877734	0.019196869	0.00349948	0.069825326	0.067728416	0.064576969	0.055160733	-0.013481497
UMARY	1710	0.082042002	0.272830023	0.009055784	0.053363818	-0.002759533	-0.010856998	0.055359555	-0.099320662	-0.040500208	0.014128266	0.004750899	-0.19821701	-0.206333916	0.021281106	-0.460431301	0.048293925	0.156673619	0.122817625	0.034250913	0.013793212	0.043974508	-0.103119438	0.068691238	0.077669117	-0.000692449
UMARY	1712	-0.003249361	0.044569997	0.074754228	0.154871991	0.117197468	0.051378992	0.173726929	0.111815206	0.086635188	0.007068253	0.060950337	-0.116627874	-0.050082622	0.155319998	-0.348470891	0.087171855	0.136064893	0.101625389	0.018003787	-0.050191145	0.078600672	0.022292996	-0.064945148	-0.03042833	-0.068659675
UMARY	1713	0.102479819	-0.023404284	-0.007091572	-0.094457909	-0.08986381	-0.089026715	0.136997303	-0.07815193	-0.014683961	0.240332605	-0.071731715	-0.116720749	0.08735609	0.038872392	-0.134086158	-0.051430383	0.192884648	0.087906525	-0.044325108	-0.108611736	-0.048029572	0.058010164	-0.112900334	-0.036717729	-0.04121689
UMARY	1715	0.095853259	0.231611906	-0.032731325	-0.110884038	0.03610823	-0.083185326	-0.221946277	-0.025240595	0.03415824	-0.004254785	-0.012561683	-0.199261392	0.042313969	0.238009874	0.28506312	0.045425241	0.222753402	-0.1383545	-0.00888541	0.008922657	0.096476828	0.011457011	0.087933908	-0.103512448	-0.189226562
UMARY	1792	-0.095807566	-0.13152267	-0.007552851	0.254759368	-0.089582817	-0.013498886	0.127596689	-0.129027375	-0.0127146	0.074313473	0.022687579	0.058324864	0.01145295	-0.225818942	-0.369988052	0.02586581	-0.028060823	0.021032812	-0.000187157	0.054123241	-0.01864277	-0.034156617	0.146619518	0.11385703	-0.03397543
UMARY	1795	0.080787471	0.133010232	-0.004396487	0.329979736	-0.058019652	-0.080517728	0.016484176	-0.097468889	0.038568457	0.064269031	0.024964608	0.191577561	-0.026334887	0.148801021	0.098949838	-0.019236435	0.207229074	0.128546325	0.078863276	0.029353324	0.017382241	-0.072168715	0.157583766	0.006809861	0.015309534
UMARY	1797	-0.12816046	0.227169014	-0.17450159	0.016399848	-0.07770633	0.01950908	-0.112473626	0.042458151	-0.025110439	-0.026220009	-0.044449266	-0.764163189	-0.029516294	0.382797951	-0.145104171	0.002597128	0.318980424	-0.03990793	0.109251037	0.014964832	-0.012603967	-0.040786475	0.005697808	-0.099572746	-0.242619054
UMARY	1825	-0.03425172	-0.09026045	0.007615659	-0.198318287	-0.0543689	0.021983747	0.016453276	0.143256349	0.007136941	-0.180912841	-0.05438451	0.005902932	-0.116753081	-0.199867573	-0.268093057	0.036554378	-0.237376801	0.050410833	0.031265717	0.119855556	-0.085825744	-0.093919347	0.078635542	0.043162818	-0.14101455
UMARY	1827	-0.05892029	0.026979893	0.034132645	0.275531429	-0.025347545	-0.035176858	0.14883623	-0.107715441	-0.021351158	-0.003034867	-0.056436196	0.51164712	0.342890754	0.321309516	0.273863525	-0.022174327	0.160932705	0.071583633	-0.049596612	-0.019355113	-0.047936673	-0.117886444	0.1967093	0.092551999	0.144469738
UMARY	1830	0.070296426	-0.017566534	0.128635924	-0.076693509	0.156022515	0.075379743	-0.069928315	0.035729375	0.259921408	0.132943519	0.136635198	-0.826467642	-0.060586083	-0.241062934	0.511683339	0.104795793	-0.243890462	-0.182166113	0.160358339	0.077634805	0.198686576	0.18208306	-0.218618512	0.048970592	0.071314383
UMARY	1846	-0.117274942	0.009395697	-0.115643813	0.271279555	0.079391576	-0.010952659	-0.048061635	0.134104704	0.039585461	0.182521834	0.052579989	0.107431457	-0.10139619	-0.097465067	0.027892849	0.088140078	0.331105772	0.183885972	0.102380275	-0.007041859	0.09548464	0.046867586	-0.099025422	-0.054359207	-0.262656095
UMARY	1847	0.18835723	0.816287194	0.081699108	0.097349863	0.130316118	-0.022531138	-0.048652612	-0.113401048	0.029286128	-0.084487549	0.084066947	-0.491256229	0.247700988	0.912168267	0.014818023	0.073508589	0.379442989	0.263900181	0.054629881	0.019107836	0.004767541	0.146876548	0.02968829	0.043316324	-0.036769347
UMARY	1849	-0.193090989	-0.561086705	-0.000442891	0.085403115	-0.073983086	-0.128741088	0.149689135	-0.026469782	-0.095308921	-0.076781343	-0.051752159	0.247771318	0.20776139	-0.634933552	0.25961483	-0.045960532	-0.389273062	0.087989345	0.031494197	0.043068548	-0.022160052	0.20084902	0.019895913	-0.090395761	-0.048233477
UMARY	1862	0.077578488	-0.244568057	0.076965522	0.075614631	0.0830739	0.053227491	-0.014067699	0.043624429	0.002609618	0.050711289	0.0286182	-0.173894913	0.083194487	0.096651103	-0.079527287	0.034086592	-0.002116569	-0.0841273	-0.009488093	-0.003320264	0.071684155	0.036946554	0.111452707	0.109404231	0.107639927
UMARY	1865	-0.024925276	0.33050318	-0.054876353	-0.173743375	0.011414814	-0.02087294	-0.107291759	-0.013615072	0.056854072	-0.00685978	-0.001103298	0.119805686	-0.125949596	-0.016687676	0.659014002	-0.035282631	-0.032189202	-0.109805697	-0.022610201	0.057854876	0.043017154	-0.076932648	0.017034534	-0.017328435	-0.152213936
UMARY	1866	-0.048977979	0.022650622	-0.07754728	-0.101290967	-0.11127209	-0.161915795	0.033657933	-0.287811436	-0.146906462	-0.105580932	-0.104577575	0.082612376	0.035569669	-0.186945145	0.297502735	-0.146468496	-0.067948894	0.035784864	-0.095491762	0.094930203	-0.139802528	0.087234868	-0.030716659	-0.055852147	-0.111257028
UMARY	1867	-0.022780481	-0.157460207	-0.058616936	-0.086140868	-0.003977312	-0.080581401	0.04854931	-0.134822234	-0.012342093	-0.0596131	-0.121821479	0.174613936	0.097832133	-0.255850595	0.046021862	-0.085550715	-0.45594534	-0.246957616	-0.120748747	0.048056948	-0.024674228	-0.067616812	0.144508968	-0.006738928	-0.102512927
UMARY	1902	0.029039142	0.299859726	-0.026137693	-0.017983138	0.0060686	0.051276337	-0.043244766	-0.003189507	-0.033366997	0.495896588	-0.035858507	0.444153618	-0.074707003	-0.569199486	-0.090613451	0.039937148	0.087530075	-0.209920516	-0.077121722	0.096178931	0.059610241	-0.058312661	0.065340518	0.002859379	-0.156678271
UMARY	1903	0.049241539	0.051806861	0.024284209	0.051006589	0.060289259	0.057458422	0.126559956	-0.005388887	0.169988075	-0.017483377	0.042399951	0.167884286	0.129861695	0.007705887	-0.287682937	-0.023872265	0.568204691	0.02169325	0.097878659	0.013496173	0.160011497	-0.049441603	0.166781253	0.130249287	-0.031485129
UMARY	1907	0.050438073	-0.340473378	-0.074602323	-0.216578851	-0.147431949	-0.169381919	0.058962129	0.026341391	-0.218527077	-0.122704203	-0.009117192	-0.393997973	-0.206473512	-0.205110375	-0.233033917	-0.145673623	0.038688052	0.155271347	-0.200940938	-0.136977885	-0.11058114	-0.060757621	-0.11619368	-0.07247327	-0.12872557
UMARY	1917	0.074542044	0.573141695	0.136233284	0.321645308	-0.094170643	0.007964902	0.034952126	-0.083527892	0.00304675	-0.136729712	-0.042210324	-0.077392659	0.133468294	0.269669346	0.030928823	-0.108453843	0.087827626	0.092243681	0.138004175	0.01616232	-0.104099822	-0.186038797	0.278130597	0.023009279	0.015241071
UMARY	1935	-0.414083754	-0.292273882	-0.026525598	-0.063129454	-0.157957168	-0.057770466	-0.07063452	-0.003726998	-0.094208294	-0.17656452	-0.066831582	0.266681337	-0.011420582	-0.081249054	0.281756839	-0.234312646	0.113133628	-0.159122642	-0.052261826	-0.213824165	-0.171157298	0.027278461	-0.248436596	-0.163828351	-0.034880926
UMARY	1936	-0.288318691	-0.223190533	0.188791494	0.052964581	0.009613628	0.069723814	0.116623086	-0.367248371	-0.0089367	0.198819369	-0.015382812	-0.108112096	0.399963935	0.514361376	-0.249135753	-0.022640393	0.213990275	0.059177792	-0.095562613	0.018205752	0.088607672	-0.214015991	0.221500699	0.127795752	0.162276489
UMARY	1939	0.28120928	0.789605734	-1.382610634	0.237500659	0.350789331	-0.532910834	-0.079818516	-0.004001193	0.258886826	-0.00719222	-0.175350933	-0.397380552	-0.692678081	0.120289824	0.533441403	0.460118531	0.149984155	-0.016336991	0.617645245	0.300993639	0.294817813	0.274741249	0.251147128	-0.188090343	-1.95112015
UMARY	1940	0.148226153	-0.080083274	0.096414394	0.156874524	-0.048961147	0.036580944	0.006040221	-0.063168848	-0.020000451	0.018445179	0.020221176	0.306455614	0.025506172	0.171652806	-0.144898299	-0.087836728	0.171956237	0.134251043	-0.047194113	-0.068574327	-0.027035906	-0.149109703	-0.000378467	0.050360079	0.223986214
UMARY	4263	-0.142682632	0.328232159	0.057442147	-0.090946567	0.016018552	-0.070380123	0.022453537	0.248174008	0.024801129	-0.074492064	0.016060192	0.381462733	-0.389931328	0.00451621	-0.109139545	-0.103295312	0.421238343	-0.243763526	0.171132542	-0.293085071	0.054375597	-0.058772688	-0.232881105	-0.107360804	-0.178221573
UMARY	4540	-0.116405191	-0.081675659	-0.214019351	-0.351406013	-0.039313609	-0.091066482	-0.186820328	0.049269686	0.096909285	-0.138529236	-0.073560689	0.083834951	-0.460942365	-0.209983053	0.067264412	-0.052146265	0.143523388	-0.087971529	-0.060995294	0.023070129	-0.037527064	-0.125013518	-0.036168076	-0.156286827	-0.482138366
UMARY	4542	0.226027234	0.177162319	0.098508812	-0.075632571	-0.042848682	0.049862956	-0.144366032	0.133777039	-0.029494466	0.032272466	0.075061409	-0.089123356	0.183971808	0.198315542	0.164136803	0.005282977	-0.22889587	0.01788793	-0.182327163	0.014485691	-0.052745451	-0.155559258	-0.018038218	0.097537298	0.191055343
UMARY	4543	-0.002118322	0.058704162	-0.044538667	-0.081360541	-0.006031495	-0.011552918	-0.054445251	-0.104834555	-0.007163675	-0.058162828	-0.123386026	-0.003439395	0.147003952	0.196893037	0.338640443	-0.12648996	-0.163137459	0.249238864	0.10354225	0.057950279	-0.042192832	0.091695939	0.176197471	0.03039163	-0.182614553
UMARY	4549	-0.00687157	-0.125142822	-0.052959183	0.082102339	0.000947983	0.020469573	0.05301908	0.022594337	0.027196225	0.025051977	0.010837843	0.444470225	0.031031578	-0.24005085	-0.303570986	0.023411149	0.006610651	-0.117221638	-0.028509187	0.289325471	0.080158728	-0.216885997	0.340509696	0.156852192	-0.074959639
UMARY	4590	-0.15632678	0.339565033	-0.124377153	0.23799396	-0.110296881	0.144046034	0.194117868	0.162303662	-0.129650453	-0.009447982	-0.081858218	-0.288276323	0.23735975	0.467434874	-0.094895256	-0.001157945	0.159502422	0.011326254	0.033729666	-0.085096249	-0.186576473	-0.028559252	0.070676915	0.14852951	0.211913493
UMARY	4593	0.112885405	-0.176137095	0.04688043	-0.074684154	0.088603244	-0.020668313	-0.001329279	-0.064088556	-0.04903943	-0.105250859	-0.05918526	0.027737073	0.017386819	-0.046080019	0.203027706	0.016057139	-0.456478557	0.016594071	-0.01851629	-0.03576459	-0.024988184	0.194396378	-0.17446791	-0.088337743	0.037827191
UMARY	4598	-0.107699768	-0.136252494	0.067717422	0.009169275	-0.102551094	-0.030860817	-0.033134333	-0.117546269	-0.090234031	-0.1152267	-0.051794215	-0.440353628	0.145881979	-0.083501715	-0.150489572	-0.078992909	-0.179245831	-0.010781585	-0.207825595	0.047192776	-0.064113276	-0.078382974	0.079575085	0.012351101	-0.08170677
UMARY	4636	-0.012219689	0.050713428	-0.03961697	-0.051745327	-0.024515312	-0.119280911	-0.114341817	0.013382358	-0.081003993	-0.179952223	-0.072861138	0.125312424	-0.01775918	0.119077803	-0.132654439	0.029546177	0.054141442	0.04472399	-0.100069328	0.009779664	-0.061020248	-0.124949427	-0.027264078	-0.06390747	-0.017803993
UMARY	4640	0.183563069	-0.158830099	-0.09050935	0.302146871	-0.140591716	-0.084961969	0.026355791	-0.093879926	-0.041113543	-0.141978949	-0.164926674	-0.143830981	0.010724313	-0.248291389	0.081502196	-0.06697773	-0.105834457	0.200434202	-0.200596112	0.057061629	-0.028018307	0.232584888	-0.23852112	-0.065931092	-0.112084199
UMARY	4725	-0.178130065	-0.13638693	-0.215552735	-0.275715281	0.025803423	-0.086894629	0.092311525	-0.115231943	-0.005525084	-0.188404457	-0.140404764	0.14513456	-0.042712614	0.135418183	-0.007804204	-0.103175671	-0.004997676	-0.138801996	-0.03493787	-0.066636594	-0.048647743	-0.01003992	0.124584402	-0.088358884	-0.166765348
UMARY	4726	0.045898617	0.037656351	0.043910402	-0.005789756	0.077104698	0.06106888	0.201122195	-0.085963164	-0.02021574	-0.010444123	0.084597347	0.090922366	0.232850708	0.278432526	-0.168687573	0.102917914	0.182583716	0.12028633	0.228710095	0.050362085	-0.084023665	-0.081157339	0.177047041	0.050830041	0.002066956
UMARY	4727	0.019055011	0.14403631	0.184134748	-0.237487454	0.044214792	0.039982199	-0.034039309	0.2389394	0.016831886	-0.112128628	0.127643842	-0.506118907	0.014219751	0.320112309	0.222489386	0.044611736	0.153639941	-0.053559607	-0.008574618	-0.089661437	0.041425525	0.194005223	-0.237364467	-0.008981023	0.095238117
UMARY	4729	0.17040057	0.089562727	-0.097946956	-0.031130048	0.057881513	-0.009581442	0.010937881	0.110831734	0.033800954	-0.210695573	0.083964904	-0.291535582	-0.343655199	-0.546084597	0.339098511	0.026393637	-0.106952313	-0.049797252	0.132695477	0.074761147	0.157705509	0.111496516	-0.191400892	-0.092556673	-0.266015021
UMARY	4782	0.1317937	-0.161971968	-0.156029493	-0.160481059	-0.158446064	-0.117553176	-0.059524526	-0.125674171	-0.052900551	-0.004360557	-0.194248133	0.202149285	0.212897161	0.285446537	-0.112431032	-0.075605285	-0.106297601	0.109527639	-0.004934294	0.130780022	-0.073068766	-0.152593796	0.195410721	-0.062605433	-0.088473544
UMARY	4786	0.156348936	0.036205894	0.009155997	0.027503076	0.002527575	0.108230033	0.057510012	-0.035554727	-0.041968622	-0.060564856	0.068899994	-0.007087252	0.111048508	-0.022406904	0.032194245	0.035549769	-0.086763728	0.174633762	0.109104351	0.109408596	0.041551723	0.08323746	-0.05924392	0.09009383	0.03812472
UMARY	4788	0.312240219	0.031116286	-0.18080323	-0.130927772	-0.068643242	0.200826593	-0.143314333	0.145625873	-0.215720132	-0.105687035	-0.128585287	-0.335991273	0.004192633	-0.113621068	-0.257790422	0.033485612	1.275083001	-0.180907283	-0.029821764	-0.083973975	-0.185264571	-0.2745356	-0.408973063	-0.269602017	-0.006808439
UMARY	4789	0.099652137	-0.043389734	0.103151741	-0.089985738	-0.056965903	-0.00664161	0.159218439	0.15329463	0.043145729	-0.134012777	0.16305075	-0.413543814	0.026463753	0.224029442	-0.449696665	0.130321976	0.509812381	0.475455857	-0.037936236	-0.027838263	0.030115102	0.251165578	-0.057440748	0.012800192	0.439323004
UMARY	4841	-0.088256633	0.197073137	0.038293637	0.112153452	-0.036533103	-0.019969647	0.04717261	-0.152562252	0.012867623	-0.132527963	0.02112153	0.096789632	-0.405399708	-0.066480219	0.282709411	0.054769155	0.168683452	0.131697377	0.021561727	0.030545947	0.059139208	0.151910978	0.11553424	-0.01374179	0.027356377
UMARY	4842	0.140666776	0.271106187	-0.000141006	-0.110509009	0.080686344	0.10268807	-0.017589556	0.060841813	0.048041774	0.645640567	-0.037318927	-0.034834199	-0.34143245	-0.637068848	0.371640169	0.014548125	-0.284962156	-0.346871587	0.106907112	0.04143754	0.086594779	-0.03014546	-0.380041259	-0.071167439	-0.097587466
UMARY	4903	-0.011386488	-0.246878672	-0.053401155	-0.097925935	0.056695497	0.068038123	0.007430518	-0.025114256	-0.053010201	-0.03144109	0.019394693	0.431839226	-0.117741202	0.064625261	-0.258028421	0.0104373	0.105877674	-0.036316151	0.055579226	-0.058919599	-0.025014909	-0.138305518	-0.04012963	0.046210462	0.062269669
UMARY	4915	-0.024279852	0.077410239	0.158190869	-0.244654786	0.103843774	0.05568928	-0.156102779	0.156661203	0.062215686	0.265219618	0.050877335	-0.006180409	-0.191519601	-0.238292122	0.191395527	0.040849432	-0.028969305	-0.166893276	-0.005300134	0.075243914	0.024176489	0.025134123	0.135192346	-0.008390038	-0.007884979
UMARY	4916	-0.09054413	0.18374139	-0.022943022	0.271412201	-0.023389361	0.015348119	-0.095926704	0.078825943	0.077928014	-0.122002941	-0.076708701	-0.14390299	-0.068732149	0.18279905	-0.196862834	-0.083245187	0.318806899	-0.051482436	0.05717716	-0.143989416	-0.125760994	-0.035789623	0.183355887	0.05518895	0.002309442
UMARY	4924	0.488984077	1.206848633	-0.060800614	0.169692409	0.136491247	-0.118435495	0.221777337	0.056181936	0.247317661	0.220199534	0.243044957	-0.309070704	0.186979747	0.765015973	-0.211739304	0.025601244	0.376919897	0.105266135	0.262509941	0.020084362	0.205741157	0.202551755	0.006115601	0.115012925	0.085105819
UMARY	5024	-0.432291591	0.147526819	0.074341392	0.118202941	-0.001706586	0.046759453	-0.345094183	-0.012107013	-0.015084048	-0.075946054	0.055806752	0.546873798	0.297768784	0.595257314	-0.171587025	0.045043773	0.09534686	-0.165429299	-0.077082064	0.067029305	0.025669328	-0.104554671	0.163324468	-0.000110622	0.058231192
UMARY	5028	0.065691942	0.079745517	-0.053030591	0.096752712	-0.072337468	0.001926052	-0.061651213	-0.097036673	-0.03698102	-0.081880445	-0.047199831	-0.005309277	0.449603319	0.348889409	0.634106278	-0.163776273	-0.393148024	0.073979218	-0.014338974	-0.07131437	-0.042246798	0.131066084	-0.047221711	-0.031454949	-0.030863851
UMARY	5078	-0.165923627	-0.274692998	-0.079250511	-0.127988279	-0.199132208	-0.105358485	-0.052659576	-0.088168874	-0.105504966	0.348570592	-0.115268027	0.081556352	0.019188681	-0.02007741	-0.128110746	-0.09573413	-0.012653794	0.063067394	-0.21903333	-0.000520604	-0.194221484	-0.181340191	0.071152446	-0.037776695	-0.009896307
UMARY	5079	-0.083330424	-0.250701362	0.018223385	-0.21194634	0.031759239	0.011941866	0.018048131	0.032836779	-0.071288382	-0.118704605	0.020517832	0.102139559	0.054994599	-0.157955913	0.052967013	0.034131867	0.001694405	0.123704769	-0.121300035	-0.109869806	-0.052803278	-0.030828746	-0.132112801	-0.059213249	0.07061661
UMARY	5081	-0.053186383	-0.202809683	0.033553728	0.292065532	-0.036825988	-0.025383279	-0.049052003	0.170925805	0.090219984	-0.14268217	0.025215206	0.137703638	0.058146365	-0.125916219	-0.109528043	0.017728196	0.021015606	0.048865192	0.067355713	-0.027960008	0.021515493	-0.137237497	0.178739291	0.179088456	0.110694333
UMARY	5086	-0.166033974	-0.242457787	0.072546042	0.201842493	-0.089714696	0.042700882	0.038904495	-0.105600557	-0.029348294	-0.022399755	0.041115578	0.154615322	0.10946479	0.029982785	-0.04733076	-0.023256185	-0.188701622	0.168286455	0.007962609	-0.138378394	-0.022803488	-0.003066785	0.186821055	0.032923657	0.166259675
UMARY	5087	0.062453216	-0.368488733	0.104756009	-0.132610509	0.067935417	0.108188821	0.152397943	0.052217788	0.026437491	-0.037461257	0.093418189	-0.134278064	0.186306065	-0.2637487	0.072277932	0.072546701	-0.087548997	-0.003691154	-0.023165883	-0.103459296	0.105049605	-0.02926739	-0.140503713	-0.019224372	0.148601464
