FID	IID	1	2	3	4	5	6	7	8	9	10	11	12	13	14	15	16	17	18	19	20	21	22	23	24	25
BLSA	745	0.489777073	0.114071812	0.390409031	0.295057566	-0.203431182	0.361385003	-0.326764411	-0.201729494	0.153552527	-0.544127243	-1.064640554	0.180212551	-0.767042907	0.406611435	0.128149241	0.474226038	-0.459691863	0.418984698	0.050739273	-0.847735115	0.035596267	1.013104497	0.358228451	0.595378184	-0.42579127
BLSA	827	0.067860809	-0.16074811	0.446325308	0.273395669	-0.18356674	-0.010898886	-0.387501427	-0.199317066	0.526354668	-1.001384706	-0.47443444	0.201423733	0.389380935	0.315307188	0.178124134	0.028746712	-0.158215245	0.275499534	0.203925256	-0.72173422	0.221499705	-0.068150686	0.343905639	0.106668199	-0.391942433
BLSA	1556	0.300527779	0.346423534	0.20934374	-0.128572564	-0.099950039	0.510369372	0.123757715	0.240881738	0.076907205	-0.380512696	0.037940742	0.14165661	-0.062275205	-0.301688472	0.10659017	0.214160684	-0.166486749	-0.005114507	0.219826308	0.267747855	-0.087308002	0.248476981	0.368949036	0.354147759	-0.475056449
BLSA	1579	-0.246912149	-0.177110933	-0.237062746	-0.288455874	-0.08502643	-0.143058569	0.022060445	0.092828662	-0.040333489	-0.193590469	-0.113956633	-0.100108946	-0.094286347	0.036531241	-0.151509119	-0.336528468	-0.17716375	-0.164949654	-0.202728013	0.093019446	-0.19316904	-0.167726948	-0.285094051	-0.374940047	0.056872692
BLSA	1595	0.025287536	-0.987257921	0.482639228	0.506275079	-2.239848771	-1.767892457	NA	0.534225674	-1.282839429	-0.226205627	-0.812352818	1.051328819	-0.47539357	NA	0.001953194	0.71415712	NA	-0.388379591	0.282820586	-0.12615257	0.639994762	-1.444020633	-0.228973497	-0.87382543	0.751916026
BLSA	1603	-0.068552051	-0.054215614	-0.179748069	0.042718357	0.317592833	0.021486129	0.283555123	-0.335092103	-0.305285985	0.838005445	0.45913489	-0.061943751	-0.126104855	-0.072993583	-0.097641819	-0.013575705	0.18727202	-0.092011206	0.007779622	0.046770741	0.005652469	-0.02010214	-0.117717496	-0.186117728	0.208389143
BLSA	1640	0.135059826	0.198059827	-0.061774215	0.088853464	-0.195720269	-0.198555836	0.184377144	0.103395643	-0.058407855	-0.221729357	-0.122917681	0.092867276	0.09317141	-0.203161501	0.121422278	0.083165192	0.262963832	-0.084803601	0.092206109	0.062935652	0.066517348	-0.018453196	0.151986671	0.177848777	-0.042298704
BLSA	1775	-0.354769445	-0.085129272	0.080041452	0.006207943	-0.574013744	0.013326762	-0.845292102	-0.591747392	0.182855781	0.150616408	-0.191570452	-0.009135341	0.756302088	-0.254457616	-0.187387294	-0.069811272	-0.112482152	-0.087760966	-0.120893363	-0.097774638	-0.186572793	-0.436934186	-0.018117729	-0.189603344	0.35498596
BLSA	1802	0.019158276	0.142091521	-0.17872252	-0.233386595	0.735827869	0.221196277	-0.111986807	0.099437997	-0.134770214	0.662786777	0.192163567	-0.175520957	-0.114105637	-0.153563502	0.069880833	-0.138252752	0.069295569	-0.023543255	-0.217581339	0.088097998	-0.278660706	0.248385381	-0.028889705	-0.106461519	0.049249812
BLSA	1805	-0.235702094	-0.204653296	-0.263454032	-0.255102552	0.542985092	0.16091863	0.235688243	-0.250028875	-0.106069887	0.951245021	0.553186156	-0.209152863	-0.480363594	-0.009939704	-0.111043561	-0.192425918	0.105178283	0.098436242	-0.169768207	0.095509328	-0.156630754	-0.204424362	-0.145093204	-0.22855869	0.516757752
BLSA	1838	-0.046232733	0.093323508	-0.098277576	-0.088736416	0.183018512	-0.242653083	0.11734992	0.122132665	0.161002683	0.247739006	0.077177971	0.206428637	-0.107334873	0.039328205	0.146522516	-0.101674863	-0.083357705	-0.004211944	-0.122117905	-0.01128286	-0.135877921	0.129694462	-0.027752061	-0.076465266	-0.031695275
BLSA	1839	0.089374748	-0.039112248	-0.186383624	-0.036051284	0.389106521	0.43534325	0.187023704	-0.140916831	0.042504538	0.251103365	0.234524083	-0.165105468	-0.344691063	0.07925308	-0.124974747	-0.153593437	0.247525538	0.289866956	-0.200614895	0.014574727	0.134458598	0.456294411	-0.083654545	0.039520822	0.270315499
BLSA	1840	-0.015106252	0.015996416	-0.251367006	-0.255211569	0.127110828	0.216598841	0.068082331	-0.241136689	0.012263684	0.296330775	0.247182451	-0.282862087	-0.023330374	-0.081278079	-0.158658489	-0.21709875	0.130616411	0.012344374	-0.14986477	0.02457351	-0.309774139	0.107878987	-0.206903754	0.194820558	0.176278312
BLSA	1883	-0.277501465	-0.017443013	-0.136031279	-0.143956246	-0.011856134	-0.063910375	-0.100206907	-0.163314409	0.059894371	-0.109876858	-0.080481903	-0.233269203	-0.118399271	0.298859619	-0.165180249	-0.029939787	-0.07371138	-0.182354	0.001591926	-0.139902365	0.024588942	0.071648445	-0.077556254	-0.125422043	-0.106339499
BLSA	1889	-0.129404543	0.045629456	-0.18519503	0.001394958	0.487778921	0.27920865	0.017305674	-0.13040283	-0.019020085	0.570233999	0.234508783	-0.34713976	-0.107827468	-0.115480228	-0.155877686	-0.231117759	0.038957562	-0.102356507	-0.119431263	0.086754553	-0.203359333	0.143853619	-0.145922424	0.124608138	0.180587509
BLSA	1924	-0.112406873	-0.130856533	-0.022540153	-0.134176086	0.223663553	-0.114041809	0.200829993	-0.183472267	-0.13204107	-0.524374374	0.068709777	0.109552041	-0.227892485	0.242130195	-0.113501673	-0.14501495	-0.034627787	0.257467991	-0.061620809	-0.183143342	0.056341116	-0.092890431	0.095241656	-0.133671212	-0.042555929
BLSA	1961	0.045224722	0.078535056	-0.155786486	-0.00116417	0.520605628	0.17589486	0.492290612	0.054058581	-0.152492834	0.514666535	0.538206489	0.170018077	-0.258754874	0.279569644	0.158298868	-0.039741012	0.354007138	0.01333042	-0.007746324	0.101468416	-0.024190463	-0.101574472	-0.009878955	-0.022493393	0.125639522
BLSA	2000	-0.074831674	0.184238917	-0.164320333	0.030594405	0.23736971	0.123749774	0.128006221	0.004185538	0.222924286	0.466336567	0.595748806	-0.193469715	0.539926177	-0.011061513	0.009010843	-0.142985025	0.032203144	-0.018676933	0.01139008	0.461336184	-0.153061793	-0.078708187	-0.008032352	0.063632101	-0.113418915
BLSA	2020	0.06230761	-0.001555377	0.005583524	0.08384706	-0.203249406	0.010251392	-0.354247225	0.174331734	0.038184629	-0.738596315	-0.356964543	-0.029285468	0.021708803	-0.090851935	0.127263803	0.105641744	-0.236407039	0.156251501	0.028128089	0.01125961	0.049922732	0.147445962	-0.005764119	0.04632797	-0.169714359
BLSA	2037	0.028619811	0.176321816	0.048400481	0.05871314	-0.108565233	-0.082369431	0.055450827	0.163345792	0.264639688	0.138393228	0.293223107	-0.077356261	0.491390556	-0.249156042	-0.035007384	-0.109669199	-0.062840186	-0.042691459	0.069064323	0.242980477	0.026098118	-0.197007136	-0.009816541	0.075830754	-0.154179144
BLSA	2066	-0.148852966	0.00055562	-0.08483586	-0.104622313	0.091848445	0.193010887	-0.001181362	-0.131835072	0.006197516	-0.033873066	0.056786678	-0.14046006	-0.016631843	0.014253624	-0.02197213	-0.10375085	0.067270344	-0.085565962	-0.002456566	-0.156531903	-0.091317242	0.099386028	-0.157154071	0.012161633	-0.031502109
BLSA	2069	0.127412875	0.377857695	0.141241428	0.095029818	0.486410285	0.095626359	0.313598162	-0.168272449	0.290396148	-0.004081223	0.048200623	-0.03372508	0.418973389	0.006922013	-0.012682195	0.055706964	0.13230955	0.076240334	0.064384493	0.20125948	0.188894398	-0.06218477	0.257748107	0.24028708	-0.108678119
BLSA	2093	-0.038692919	-0.096475207	-0.148794765	-0.191781415	0.063257472	-0.006441155	0.054363772	-0.124613972	0.0693082	-0.347462729	-0.124919961	-0.157784199	0.237752955	0.029899169	-0.120558121	-0.075598422	-0.003331923	-0.083477645	-0.068148355	-0.145832789	-0.235445888	-0.005623852	-0.159528848	-0.092286731	0.000584757
BLSA	2102	0.358354099	0.181452343	0.550309502	0.379129625	-0.501347719	-0.188544585	-0.356559645	1.273055425	0.124274923	-0.761642466	-0.294455139	0.062831418	0.375828052	-0.205033238	0.408778584	0.424973717	-0.059283612	-0.232524819	0.411115744	0.631801823	0.60580362	0.231632225	0.139790045	0.378613431	-0.59840478
JHU	384	-0.106583791	-0.155479297	-0.036423629	-0.18424188	0.159455615	-0.067685343	0.258614331	-0.252912016	0.198870384	-0.02065198	0.260771384	0.010601229	-0.180721203	0.141157145	-0.003190081	-0.141939386	0.126285727	0.16031211	-0.173187194	-0.105554939	0.054165042	-0.089168443	-0.123080786	0.042821311	0.114579078
JHU	705	-0.039110707	-0.168095851	0.00720749	-0.117037454	0.028463911	0.160326906	0.202137418	-0.262850198	-0.11279763	0.39954729	0.003937133	0.026655849	0.051822709	0.03194995	-0.033233327	-0.047628332	0.157818148	-0.078427595	-0.153599747	0.107552562	-0.215393117	0.007544963	-0.138125295	-0.065796732	0.136134649
JHU	710	0.081312181	0.039547954	0.010947558	0.043010785	-0.169760445	0.005887969	0.315631735	-0.009286271	0.143269563	-0.227741329	0.089452343	0.214030722	0.201045374	0.061059258	-0.070004471	0.04495478	0.143183338	-0.008955136	0.090945811	-0.05613335	0.019339444	-0.040140569	-0.028084812	-0.043340237	-0.096382191
JHU	712	-0.069833184	0.086806577	0.012318282	-0.007436706	0.076631411	-0.089944147	0.231213523	0.045672925	0.047201881	-0.399940831	-0.204788974	0.123969369	-0.215509745	0.291548042	-0.03207596	0.036020648	-0.051757631	0.071657074	-0.040238172	-0.057165989	0.080158137	0.126590905	-0.087898996	0.050739138	-0.146203115
JHU	713	0.025710214	0.260477984	0.354833666	0.22711627	-0.025840235	0.148635333	-1.5637526	-0.012593244	-0.001414892	0.048012424	-0.508814585	-1.414062819	0.010660421	-0.408878804	0.213469325	0.206250204	-0.561425348	-0.03075841	0.205368178	0.07854404	0.233276309	0.328156712	0.51051818	0.259893562	0.248421655
JHU	719	0.07527026	0.026221164	-0.108829742	0.0695104	0.303052904	0.088508982	0.455686616	-0.010362542	-0.119438792	0.659886242	0.310671557	0.134239386	-0.119655669	0.055048745	-0.107722399	0.071688286	0.213723856	0.089666398	-0.052532457	0.135027225	0.045948512	-0.052586423	-0.142392162	-0.087658464	0.149046698
JHU	993	-0.004655639	-0.106090889	-0.145561445	0.006529492	-0.365790664	-0.214861824	-0.167089167	0.185405065	-0.116711882	-0.47584367	-0.309837847	0.491945272	-0.075970049	-0.375132922	0.136260974	-0.226886711	-0.072716654	-0.208863404	0.176549455	-0.213308248	-0.095066179	-0.332246138	0.152223813	0.090326422	-0.071484778
JHU	994	-0.01809064	-0.004139502	-0.15235516	-0.120892738	0.279005456	0.126931151	0.02681506	0.168204245	-0.122482294	0.414701446	0.188350049	0.113407016	0.261775426	0.096914124	-0.099267715	-0.063828437	-0.06053775	-0.006972283	-0.094311273	0.006818463	-0.140582356	0.076470045	-0.154286088	-0.141017738	-0.202967873
JHU	995	0.055981306	0.020751861	0.057862982	0.083441831	-0.285217954	-0.157799028	0.240743085	0.148722036	0.083503663	-0.397969591	0.17025894	0.299213976	0.066552736	0.106334462	-0.004236345	0.121368948	0.105426313	0.012341245	0.0410054	0.104220235	0.018154208	-0.024621051	0.011126148	-0.105967263	-0.131144124
UMARY	142	0.008015765	-0.014161694	0.220566571	0.024632006	-0.243063601	-0.1837634	-0.036084409	-0.118740525	-0.123146069	-0.56566303	-0.277707916	0.08222622	0.060726267	0.188017129	0.042728555	0.056001757	-0.183859011	0.004903466	0.085494179	-0.249723015	0.059219143	0.144671513	0.035884693	-0.1181617	-0.149202058
UMARY	602	-0.029470992	0.182079119	-0.20955423	-0.058030855	0.013197047	0.051178293	0.130991427	-0.304314197	0.264544237	-0.23682509	0.006754897	-0.112843336	0.057730434	-0.034283666	0.02134377	-0.047599596	0.059353001	0.048659808	0.006117681	-0.087017482	0.027337213	0.189447362	-0.010195975	0.034019773	-0.012351868
UMARY	604	0.048247188	-0.062642716	-0.04753097	-0.01595882	0.031713511	-0.009075733	0.028213495	0.271043168	-0.090994128	0.229466636	-0.034009442	0.031082731	0.032162905	-0.18390215	-0.047629425	0.007097771	0.055155236	-0.068971565	-0.010340032	0.217431194	0.016172219	-0.111581775	0.087894557	-0.076955702	-0.015882234
UMARY	813	0.030567586	0.013260591	0.008736094	0.049066097	0.178870281	-0.083283037	0.024300495	-0.15555941	-0.006035926	0.273880439	0.199899639	0.11394563	-0.27393943	0.123919573	-5.15E-05	-0.009017804	-0.013143067	0.025349684	-0.039998016	-0.064486373	0.141469032	-0.11162961	0.041777435	-0.010472787	0.173527071
UMARY	819	-0.017805942	0.005391339	0.021949766	-0.009467522	-0.008935475	-0.076961628	-0.108778969	-0.046170518	-0.042493186	0.345033038	0.107458611	0.038943164	0.056176425	-0.084194501	0.039153176	0.077546954	0.068107283	0.024367814	0.015201651	-0.088211779	0.069295973	-0.128556125	0.081029714	-0.004255162	0.163410587
UMARY	871	0.019708907	-0.000640506	-0.060257288	-0.036013397	-0.123454233	-0.054247433	0.060375382	-0.187400778	0.00538637	0.221344031	0.238991503	0.0840624	-0.279298709	0.018877978	0.033603728	0.014618626	0.016003997	0.050806434	0.0242295	0.099437551	-0.049415756	-0.090630592	0.01648952	-0.062861568	0.232721926
UMARY	879	-0.067702285	-0.003558027	-0.053460925	-0.033754157	0.121894848	0.027099709	-0.149792531	-0.129631996	-0.178384373	0.332109084	0.096654568	0.020164773	-0.174791819	-0.073421213	-0.044766766	-0.056138854	0.158053003	-0.030749803	-0.014654991	0.01791042	-0.039608029	-0.090740205	0.035946429	-0.079432528	0.222021193
UMARY	880	0.109392031	0.096004683	0.074448301	0.205457109	-0.090678228	0.272000002	0.231722262	-0.103391028	0.126591144	-0.785879864	-0.076548514	0.213891281	-0.383818607	0.390070341	0.22353411	0.163471406	-0.028046398	0.091755991	0.178561621	-0.178762706	0.052300954	0.207270025	0.097740074	0.159814737	-0.224372698
UMARY	914	-0.062615944	-0.02589397	0.005375274	-0.013666449	0.230274688	-0.016374508	-0.021485402	0.028119594	-0.127748556	0.049803165	-0.131012245	-0.098520228	-0.054917808	0.020627948	-0.038074736	0.019915242	0.014378965	0.007745987	0.034759167	-0.009655553	0.104702566	0.10583646	0.057536445	0.02847577	0.045494823
UMARY	933	-0.078246882	0.080558516	-0.202458995	-0.119720408	0.075397426	-0.060107219	0.169765372	-0.272325464	0.299893992	0.163554325	0.368511807	-0.227791788	0.148399969	0.266014742	-0.092775159	-0.180136196	0.071861933	-0.016573388	-0.109624153	0.227803453	-0.169552637	0.030583736	-0.037517222	0.053196838	-0.048881405
UMARY	1028	-0.163750481	-0.212327395	-0.213958866	-0.17544578	0.067963966	-0.027204169	-0.16581049	-0.119129258	-0.090689135	0.072320062	-0.079251657	-0.239728385	-0.280876633	-0.072470263	-0.211775282	-0.25264654	-0.072773825	-0.126418815	-0.200363515	0.125381217	-0.142325238	-0.020601406	-0.101525339	-0.102340018	0.10741406
UMARY	1037	-0.023842843	-0.037719195	-0.017160232	-0.079097355	-0.027589612	0.103266038	-0.019983074	0.076017366	-0.006139172	0.18041829	-0.209259089	-0.140710624	-0.157529437	-0.100778079	-0.075280567	-0.104465989	0.044172869	0.030756611	-0.147733806	-0.011286992	-0.154388827	-0.158029782	-0.072312293	-0.042663274	-0.04946593
UMARY	1064	0.030365772	0.136967125	-0.114257075	-0.025710632	0.374983209	0.24459232	0.104337895	-0.210391198	0.155870283	-0.196410054	0.071758864	-0.092262507	-0.447082151	0.090745241	-0.005060549	-0.119374505	0.075608337	0.12799832	-0.04103919	-0.079009012	0.077616251	0.253971631	0.005532849	0.111934626	0.163484738
UMARY	1065	0.133929173	0.109405565	-0.154733813	0.016418809	0.469786147	0.288211401	0.158335656	0.276008624	-0.01950138	-0.275467042	0.155276313	0.172820371	0.225782555	0.013797129	0.110439805	-0.141880327	0.023052474	0.041515205	0.085985473	0.099412779	-0.115452534	0.087556061	-0.00639689	0.00086023	-0.14403232
UMARY	1076	0.069295746	0.057112677	0.040345904	0.062069197	0.102973072	-0.057733217	-0.029869519	0.190065534	0.018222984	0.096292277	0.043721639	0.108194169	-0.11978501	0.07127698	0.115144947	0.088349723	0.224623502	0.025531802	0.095790196	-0.28918838	-0.04657619	0.12002342	0.141397218	0.034004416	-0.02791103
UMARY	1078	-0.007546655	0.168367437	0.133734165	-0.201229388	-0.03002799	0.298722401	0.065529441	-0.340879988	0.24546537	-0.181281889	0.024898396	-0.254225793	0.26047712	-0.094390205	0.237737828	-0.212027629	0.10666186	-0.143924383	-0.097227075	0.089291094	-0.229130072	-0.033139505	-0.042189912	-0.133133172	-0.354970811
UMARY	1079	-0.179800191	-0.090151018	-0.090192531	-0.12739875	0.010672616	-0.114331561	-0.105874039	-0.16543671	-0.067025786	0.234015279	0.111869489	-0.195117039	-0.070353488	0.038636899	-0.136586674	-0.118443625	-0.120239036	-0.117629065	-0.120975247	-0.014113998	-0.066107719	-0.067671745	-0.091747338	-0.027557806	-0.009982785
UMARY	1104	-0.013590669	-0.103242771	-0.036380818	-0.061762089	-0.19242595	0.036854322	-0.078776467	0.213372219	-0.194770098	0.081985643	0.020148784	-0.061275578	-0.345365853	-0.068542619	-0.100618281	-0.066192533	-0.028984788	0.038104521	-0.042395322	0.185931207	-0.004364308	-0.132825762	-0.017985236	-0.013818403	0.218632621
UMARY	1105	0.058167284	0.040457784	0.160473455	0.040216433	-0.241463609	-0.288903275	-0.097312796	0.202069503	-0.048936232	-0.092957239	-0.193614711	0.06970378	0.558301562	-0.133313546	0.058914254	0.075099769	-0.106089929	-0.09049491	0.043682431	0.213236437	-0.061407316	0.056524144	0.086222079	-0.026572602	-0.11276413
UMARY	1114	0.137814365	0.092920032	0.078464788	0.114243773	0.025884386	-0.05145017	0.176741472	-0.118884237	0.130821606	0.008962947	0.057994712	0.057421427	-0.388974866	-0.011091539	0.07646747	0.116888176	0.110163817	0.007389165	0.082647128	0.16439148	0.113296231	0.299342474	0.053429228	0.056587961	0.132131129
UMARY	1133	0.202279461	0.135401081	0.037172939	0.194578173	0.133861726	-0.006874475	0.361275394	-0.285929316	0.529722538	-0.193235047	0.241943542	0.238999605	0.374061836	0.465024973	0.117070553	0.063741644	0.162708094	-0.024838286	0.028226548	0.105835474	0.164300423	0.019436757	0.122016699	0.165444346	-0.263260016
UMARY	1134	0.066577935	-0.041287393	0.065803971	0.030621497	-0.212630909	-0.210966438	0.087807135	-0.034840844	0.035168843	0.225914746	0.157822646	0.093295145	0.028711173	0.102927431	-0.005373632	0.089827022	0.117909152	0.034902198	0.025188725	0.039726417	0.078890268	-0.030888623	0.018590652	-0.074204542	0.180160685
UMARY	1136	-0.053080373	-0.04142589	-0.045534067	-0.088053894	0.303343724	0.00978644	-0.029731888	0.175095256	-0.085019643	0.029617545	0.039680023	-0.04968583	0.213845611	0.040353486	-0.042105057	-0.011025282	0.161404677	-0.091153847	0.001520539	0.045400035	-0.137588288	0.061158201	-0.011616591	0.08007836	-0.091362802
UMARY	1158	-0.016757194	0.017629201	0.037976038	0.058237187	-0.102835116	-0.199275625	-0.093259148	-0.017023513	-0.010904257	-0.291505758	-0.009425297	-0.053789757	0.202338307	0.027734744	-0.037751501	0.062574059	-0.144187486	0.036331235	-0.020679259	-0.133316828	-0.00119063	-0.095572075	0.058756224	0.019389617	-0.066951189
UMARY	1170	-0.036706652	-0.029063271	0.003852913	-0.00423217	-0.180408751	0.001344936	0.030495354	-0.116295803	0.085689584	-0.148413691	-0.167547316	0.010864908	0.025194243	0.086543186	-0.019350075	0.059374864	0.029148894	-0.050443864	-0.020344765	-0.077595073	-0.001142176	0.051728319	0.054949542	0.038300672	0.007630508
UMARY	1206	0.026913409	0.004345763	-0.020905918	0.074749661	-0.067537727	0.000660218	0.077500506	-0.18268371	0.114234843	-0.569879546	-0.11380929	0.057185686	-0.258341001	0.035059863	0.018011439	0.021214913	-0.025328571	0.042778987	-0.098154461	-0.18713397	0.09191699	0.159480321	-0.044476036	-0.004168533	-0.046868839
UMARY	1209	0.068043058	-0.095505032	0.005767606	-0.061880205	-0.273546695	0.02729313	-0.092783577	0.113891084	0.11620013	0.254672092	0.091617675	-0.014491561	0.195947251	-0.22757318	-0.012826155	0.089521812	-0.131828062	0.099286711	0.13808633	0.058249773	0.133818836	0.008778453	0.008559676	-0.012762616	-0.090075006
UMARY	1226	0.040065072	0.087695081	0.027413022	0.084930623	-0.097516747	0.028613786	-0.024840948	-0.511804136	0.142297519	-0.009534095	0.013668535	0.014342926	-0.464175668	-0.03159783	0.041145593	0.079847695	-0.04923533	-0.030741825	0.121914744	-0.114634533	0.102503479	0.014264979	0.028079139	-0.011252313	0.065349288
UMARY	1230	0.051723905	-0.019529742	-0.043286401	0.017169562	0.029923352	0.014928606	0.003987983	-0.056404846	0.011921949	0.096971195	-0.033326114	-0.001742959	-0.066319723	-0.157894133	-0.000922654	0.015870622	-0.058270282	-0.07468738	-0.08312964	0.065240434	0.138578089	-0.048412006	0.040678177	0.103235213	0.141166409
UMARY	1260	0.158768596	0.089547707	0.164754078	0.202342198	-0.386759892	-0.277662525	0.117131718	0.089460585	-0.093653822	0.311175099	-0.00968542	0.229894859	-0.000512709	-0.173582662	0.191701294	0.165996724	0.223872156	-0.03389072	0.111976814	-0.045790028	0.133770586	-0.000735321	0.085383597	0.025594051	0.095215626
UMARY	1326	-0.058338162	-0.0747751	0.025775724	0.01369789	-0.086290481	-0.040725284	0.000780974	0.125434052	-0.105105863	0.306165724	0.135454244	0.081001913	-0.348251259	-0.008950722	0.072407725	-0.045203507	0.050516648	-0.046572149	-0.00584187	0.014078655	0.142472842	-0.15486688	-0.02658225	-0.063949289	0.181930342
UMARY	1454	0.072338623	0.005111273	-0.055298967	-0.056847629	-0.005253185	-0.171875506	0.062343669	-0.061949149	0.032914037	-0.462207099	-0.154822221	0.057212822	-0.329603216	-0.070803492	-0.002490468	0.013650924	-0.112143784	0.052194564	-0.051480777	-0.12065119	-0.009103031	0.113593583	0.003566245	0.002508802	0.013079631
UMARY	1465	-0.046914386	-0.123765605	-0.009086959	0.0004248	-0.034091699	0.07398101	-0.11436944	-0.029213706	-0.089769983	-0.211482213	-0.321672766	0.006072392	0.194759392	-0.06598266	-0.059664213	0.124184293	-0.01920603	-0.062020384	0.077348178	-0.237281667	-0.027310035	0.051488608	-0.080593044	-0.084271918	-0.134730641
UMARY	1486	-0.156680422	-0.045986298	-0.16328958	-0.153956345	0.049642944	0.103767598	-0.103468702	0.139627724	-0.101072682	-0.012301497	0.074868719	-0.055983555	-0.150524997	0.005701327	-0.094965378	-0.082882268	-0.115443374	-0.027766864	0.007354426	-0.075911271	-0.065603347	-0.042677362	-0.050676896	0.029936493	-0.030459593
UMARY	1498	-0.044382822	0.007577768	-0.013143148	-0.061143155	-0.00494443	-0.10413494	-0.025421775	0.101046475	0.032485398	0.133949369	-0.120411305	0.113644579	0.023144473	-0.035018064	-0.071599454	-0.045531533	-0.028932789	-0.055705088	-0.001877938	0.008514136	-0.043535947	-0.110943056	8.92E-05	-0.137604182	-0.042868979
UMARY	1502	-0.123949508	-0.141922693	-0.161551988	-0.169819896	-0.171018931	0.193417062	-0.175988829	-0.090961217	-0.115228752	0.072707804	0.216223248	-0.265199699	-0.19482526	-0.163886016	-0.147731839	-0.046615436	-0.190475262	-0.10914189	-0.166112022	0.104123775	-0.179597548	-0.010196756	-0.031292055	-0.063676033	0.003111941
UMARY	1535	-0.036775735	0.026884937	0.009400925	-0.001701867	-0.198868322	-0.064048828	0.095150418	0.087465068	-0.074531889	0.064092622	-0.138771529	-0.011091472	0.121328298	0.094204397	0.126313828	0.002934921	0.218849975	-0.033524294	0.035208511	-0.046148732	0.013789838	-0.147665328	0.005230847	-0.097844734	0.099123928
UMARY	1540	0.020257105	-0.129847403	-0.003316727	-0.015453596	0.029008767	0.114025518	-0.220858761	-0.273223117	-0.044230497	-0.093113148	0.060439308	-0.121896347	-0.244582287	-0.26240269	-0.063632063	-0.112136228	-0.059273126	-0.058563849	-0.097532985	-0.311501058	0.033334785	-0.184347264	-0.193107145	-0.134815281	0.187849282
UMARY	1541	0.038062904	0.113004694	0.050338101	0.136234212	-0.111600427	-0.166706509	0.111431053	0.053374846	-0.000658961	0.066573098	-0.165504681	0.114582068	0.115543494	0.165250845	0.068902473	0.063661645	0.001177404	-0.025908035	0.039355438	-0.157806317	0.202215247	0.040807032	0.097999129	0.044061848	-0.000358228
UMARY	1544	-0.008740227	-0.078322045	-0.051915504	-0.013540182	-0.167306304	-0.055929161	-0.006159109	0.181365816	-0.03641449	0.267998268	-0.058458199	-0.053217302	0.106716293	-0.210197607	-0.060941737	0.026223523	-0.044944674	-0.148612813	-0.066371451	0.218941589	0.05052149	-0.072008854	-0.082912235	-0.110787291	0.057768677
UMARY	1545	0.133600368	0.125869899	0.046822959	0.196964435	0.044404096	-0.075938962	0.185322756	0.311121897	-0.120244853	0.289298205	0.006419121	0.070663685	0.329374087	0.198081539	0.13029698	0.022143115	0.177988494	-0.067408989	-0.009207185	0.271960702	-0.096345217	-0.009568657	0.017605954	0.111614076	-0.201547094
UMARY	1568	0.041088224	-0.054810487	-0.020710103	0.030150093	-0.007223277	-0.014299248	0.075216188	-0.106639761	-0.022955498	-0.146841039	0.010738646	0.045951943	-0.299958	0.177368566	0.089530858	-0.056914356	-0.050415644	0.046490687	-0.088063082	0.043501232	0.012570092	0.063734458	-0.040742968	0.091420045	0.09438265
UMARY	1570	0.009391991	-0.025939568	-0.022251421	0.04335229	0.017586497	-0.19591401	-0.02240286	-0.048510548	-0.119223319	0.121944749	0.104941401	0.072127619	-0.210362119	-0.035112745	-0.059449543	0.070062932	0.141100069	0.007421319	-0.007983487	-0.022215162	-0.03623029	-0.122783919	-0.031350607	-0.029303181	0.186860735
UMARY	1571	0.074973455	0.048399984	-0.080780564	0.053136732	0.028060589	0.078237009	0.202343135	0.094255808	-0.189462337	0.420249896	0.209253362	0.035569908	-0.433628162	-0.034555565	-0.038486375	-0.011769399	0.174900556	-0.031591037	-0.104856498	0.198583907	-0.118585059	-0.087707893	-0.048587506	0.165070329	0.003059659
UMARY	1578	0.045984557	-0.114884819	-0.073564351	-0.053972812	0.127906406	-0.084355879	0.069162261	-0.015023324	0.005345148	0.653025986	0.133699431	-0.06634318	0.088138066	-0.001356166	-0.061434669	-0.138363343	0.158743511	-0.030547158	-0.096850235	-0.046661799	-0.081199796	-0.129965805	-0.055333877	-0.099794452	-0.086736254
UMARY	1583	0.09901522	0.001493702	0.240112088	0.127867127	-0.09705267	-0.144328015	0.031494518	0.000648064	-0.152212779	-0.913577828	-0.09819953	0.190444081	-0.162862042	0.260288404	0.132424021	0.111423566	0.015076702	-0.138313592	0.223171541	-0.259913299	0.051973934	0.058382765	0.182716339	0.125275267	-0.119248926
UMARY	1584	0.060537114	0.151492939	-0.031700367	0.0424445	0.183532503	-0.004660044	0.164277836	-0.243496815	0.100396254	-0.010888202	0.089537681	0.046026687	0.163174472	-0.062026046	-0.107701895	0.113705824	0.074865919	0.092396574	-0.019110833	-0.008533982	-0.188302601	0.137842666	-0.035028151	0.15024715	-0.128604707
UMARY	1611	-0.029496955	0.120901701	-0.319175585	-0.201369232	0.299323432	0.379102604	0.049701794	-0.089610314	0.07925459	0.269555065	0.114517762	-0.251442429	0.270417828	0.044759248	-0.043145044	-0.136156997	0.137018711	0.046041252	-0.176597352	0.041859702	-0.035570252	0.269966823	-0.162849466	-0.022504836	-0.14613386
UMARY	1612	0.07558947	0.08404957	-0.072066975	-0.065235814	0.032441486	0.256355223	0.226943786	0.076415131	0.167751198	-0.299802422	-0.038539224	-0.008850652	0.180346974	-0.034734016	0.164253757	-0.038706224	0.112319287	0.084775843	0.221950212	-0.002912352	0.092866417	0.220093681	0.108039608	-0.021966964	-0.338660686
UMARY	1613	-0.009313801	-0.017765635	0.020965082	0.080533627	-0.040451289	-0.049148371	0.261288667	-0.305184462	0.206279494	-0.485645384	0.122957662	0.001357619	-0.213099716	0.135432412	-0.071262156	-0.063241834	-0.188642814	-0.108081002	0.212418125	-0.156562513	-0.074301003	0.136485988	0.024653264	0.023979171	-0.09309077
UMARY	1614	0.089231286	0.045082117	0.070184934	0.005706428	0.071142781	0.241057286	0.167690067	-0.084389887	0.009044884	-0.153389319	0.057478368	0.037026141	-0.22277037	0.310223388	-0.061096199	0.00103286	0.085667839	0.148151451	0.038769224	-0.054090994	0.116773182	0.039866415	0.014119779	0.083626669	0.051821267
UMARY	1648	-0.047697165	-0.095570644	-0.033504528	-0.083104544	0.065924379	0.007235717	-0.004266751	-0.001066711	-0.027834284	0.178426972	-0.119670477	-0.082874773	-0.08308183	-0.059139015	0.030020146	-0.039662848	0.084788848	0.248029703	-0.020158692	-0.045957756	-0.081587214	0.093086508	0.018471094	-0.003371557	0.051729381
UMARY	1652	0.040127931	0.091618496	0.069748492	0.028386164	-0.014647795	0.161401937	0.110537842	-0.371879183	0.182085085	-0.86579968	-0.12189107	-0.134983997	-0.43463788	0.227077414	-0.022117574	0.054867809	-0.09941873	0.059419539	0.04704157	-0.068950233	0.027205554	0.152477321	0.030009279	0.061984277	0.050461573
UMARY	1668	0.114879698	0.086009573	0.1389977	0.109907005	-0.099483882	-0.046817479	0.027807177	-0.150949953	-0.048514031	-0.069103767	0.006836385	0.02638762	-0.045155274	0.054032421	0.086838726	0.138438782	-0.027000892	-0.037146687	0.032357334	-0.160939892	0.083259562	-0.094232211	0.120621989	0.030017043	0.378981511
UMARY	1710	0.074805036	0.026435716	0.052236895	-0.000777028	0.020027113	0.078472872	0.098462418	0.365861451	0.114317597	-0.027950568	-0.050298168	0.15890901	0.357355451	0.048131168	0.115803145	0.123518202	0.110372422	-0.060179689	0.087338236	-0.056522424	-0.119306042	0.082024625	-0.093386058	0.065752064	-0.28414604
UMARY	1712	0.041836466	0.053547805	0.065776465	0.140212185	-0.112512275	-0.200928224	-0.011065159	0.034118137	0.017247672	0.008017125	-0.156664512	0.042263533	-0.098136057	0.044907179	0.045668917	0.159202952	-0.097624606	0.114100671	0.03181356	-0.040883239	0.007111541	-0.007481485	0.042549342	0.011136283	0.098322174
UMARY	1713	0.024232887	-0.010223496	-0.03684493	-0.027465974	-0.186364911	-0.066984715	-0.020629132	0.212886698	-0.020661838	0.147493079	-0.111589005	-0.124420984	0.045688956	-0.142627708	-0.096541324	0.009516798	-0.162438693	0.090270374	0.001669387	0.08708737	0.122451751	-0.021040011	-0.104850115	-0.072352341	-0.084377086
UMARY	1715	-0.00507766	-0.08097841	-0.006109197	0.02541608	0.016943904	0.041305031	-0.053282303	-0.095381435	-0.0531928	0.129197498	-0.050373164	0.034418867	0.115931588	-0.091132344	-0.02962872	0.001937976	-0.19379734	-0.112890012	-0.02545455	0.024030175	0.11286056	0.00586122	-0.001998143	-0.06718393	0.202287349
UMARY	1792	-0.057030685	-0.034730086	-0.004330304	-0.055815613	0.003619125	0.068149004	0.028446915	0.338047579	-0.233447113	0.290545446	0.015316086	0.040232476	0.041026628	-0.109526382	-0.045268833	-0.003370517	0.113399241	0.078709343	0.040900926	0.023330693	-0.018105869	-0.011097505	-0.049853701	-0.006463984	0.023023508
UMARY	1795	-0.072794234	-0.0394987	0.041782061	0.024821842	-0.024024793	0.029883565	-0.047138339	0.144762136	-0.154574461	-0.014159891	-0.026220763	0.018448725	0.438907402	-0.040838077	-0.104073551	0.043279046	0.01684072	0.118480945	0.012106086	0.056476118	-0.038317543	-0.010381419	-0.040278944	-0.061040958	-0.15908744
UMARY	1797	-0.030741043	-0.091382072	0.209397337	-0.073054174	-0.137328684	0.079140725	-0.11635052	0.126138172	-0.125439049	-0.004939887	-0.198169035	-0.097618272	0.338918565	0.029512997	0.118699494	-0.039074892	0.029597515	0.087628697	0.048672634	0.119809792	-0.029290744	0.01675403	0.039597913	0.052289965	0.165034586
UMARY	1825	-0.063293876	-0.121851089	-0.038913504	-0.002087828	-0.02831012	-0.003741098	-0.140201919	-0.011934312	-0.143277039	0.321726191	0.083208161	-0.087105125	-0.1329785	-0.040777116	-0.041525	-0.071432793	-0.094218568	0.041518348	-0.040379903	-0.119758334	-0.020383406	-0.131579931	-0.088122302	-0.027384752	0.081694582
UMARY	1827	0.056240624	-0.051075952	-0.087054418	0.05529212	0.262079574	-0.075919402	0.086053742	0.094019677	-0.148691876	0.429045909	0.260434546	0.079911878	0.16605696	-0.133782632	-0.152221799	-0.028293474	0.009821552	0.17691702	-0.037008897	0.2193856	-0.073050542	-0.048808121	-0.073156055	-0.046665932	0.016044282
UMARY	1830	0.192863221	0.085434564	0.133156998	0.180539048	-0.166294108	-0.082640057	0.170685465	0.142867888	0.060072519	-0.499452005	-0.242018935	0.267274017	-0.073990079	0.107401068	0.065924384	0.138164156	0.006431828	0.185386742	0.149955861	-0.056731164	0.168298922	-0.125638625	0.095660432	0.072888382	-0.033871366
UMARY	1846	-0.001424776	-0.108275721	0.001835699	0.011234716	-0.15521472	-0.230992016	-0.121120506	0.033740575	-0.10328924	0.018213689	-0.074541194	0.070844635	-0.079138608	-0.111017355	0.016976112	-0.059807959	0.087861652	0.143077337	-0.011448344	-0.120106263	0.101394981	-0.045461968	-0.03102428	0.065834693	0.046206977
UMARY	1847	0.039598948	0.105658451	0.024095987	0.056216604	-0.109407276	-0.188683746	0.042055557	0.173446635	-0.116251684	0.14224453	0.070736031	0.017765069	0.690605408	-0.247048266	-0.06722686	0.118977602	-0.035395987	-0.023723637	0.086852051	0.273302761	0.069640733	0.090240961	-0.027451613	0.020269324	-0.521571337
UMARY	1849	-0.00137627	-0.004238458	-0.00226195	-0.047602343	0.587917444	0.297366248	-0.045461235	0.040520325	-0.174135894	0.29846775	0.008013945	0.015132946	-0.558903289	0.093862544	0.043234587	-0.080508294	0.006635059	0.0703107	-0.169403586	-0.163676117	-0.039501752	-0.104614483	0.035142334	-0.014942079	-0.075885125
UMARY	1862	0.095527938	0.032658416	0.093561577	0.088146471	0.15144297	0.057232746	0.118068476	0.143638817	-0.054788288	0.15312996	0.120436513	0.088271457	0.095959967	-0.077201871	0.039404759	0.116919955	0.146117261	0.166312868	-0.002685327	-0.008180727	0.049717826	-0.027375307	0.00928191	0.052192061	-0.008382021
UMARY	1865	-0.029364501	-0.042063521	0.017732406	0.011329236	0.090993612	-0.101839746	-0.035070524	-0.056517982	-0.070769502	-0.103278654	-0.233594084	-0.012911123	0.029944551	-0.119150724	-0.007690612	0.044206969	-0.106261141	-0.082922328	0.025239978	-0.066682604	-0.036644229	-0.134476665	0.018998619	-0.042270857	0.245721268
UMARY	1866	-0.122595929	-0.121117334	-0.144956333	-0.052196937	0.086526104	0.064710893	-0.125522564	0.102712155	0.04296567	0.00648304	-0.033873409	-0.190502405	0.263418095	0.072190984	-0.059238623	-0.067617926	-0.188088791	-0.067273837	0.013657756	0.111103025	-0.1598338	0.017111155	-0.173300156	-0.160106854	-0.21948184
UMARY	1867	-0.020295478	-0.120808377	-0.037222253	-0.021115497	0.088972107	0.14581772	-0.107694202	-0.156423326	-0.12803698	0.317311008	0.08664322	-0.126238034	-0.283713686	0.062188626	-0.065200033	-0.090329484	0.045654139	-0.131153678	-0.002455179	-0.109764131	0.075238278	-0.033769318	-0.056687782	-0.05359481	0.120130829
UMARY	1902	0.024507397	0.004745442	0.014190525	0.049917199	-0.091721438	-0.042085583	0.003583348	-0.13679996	-0.021905687	0.095724438	0.011706205	-0.033328779	-0.165544856	-0.102435318	0.057035883	0.020490055	0.142568593	0.013372063	0.032952448	0.035593231	0.037518298	0.010168668	-0.02312519	-0.016871534	0.426479737
UMARY	1903	0.027220933	0.065788268	-0.012551504	0.115735504	-0.107443892	0.10499581	0.081965412	0.078132718	0.042218614	0.340930071	0.068160994	0.002621062	-0.011132502	0.004807435	-0.004430047	0.086421282	0.043550101	-0.037072236	0.063031483	0.174361277	-0.032623843	-0.018644104	0.03147636	-0.084912098	-0.092622856
UMARY	1907	-0.110097064	-0.029488549	-0.1411203	-0.085601322	-0.181752224	-0.091267614	-0.017909721	-0.047509681	0.132834207	0.025327893	-0.004235178	-0.113741596	0.071478385	-0.009567578	-0.141078073	-0.135579937	-0.070761595	-0.150297793	-0.113109284	-0.163923221	-0.159238473	-0.285748739	-0.139901854	-0.110258913	0.016322062
UMARY	1917	0.065246292	0.000881836	-0.122950273	-0.024095447	0.263552915	0.230630699	0.047111797	0.141820673	-0.045325999	-0.028293492	-0.101053233	0.010267571	0.696223109	0.019369658	0.010504142	-0.005541488	0.151507676	0.098168543	0.044272506	0.007555635	0.182281488	0.024764478	-0.018957439	0.027445195	-0.14848255
UMARY	1935	-0.01514957	-0.073724458	-0.128261122	-0.081695367	-0.076539004	-0.200493241	0.008535183	-0.198122511	-0.045978444	-0.047033488	0.053710972	-0.242415366	0.193548024	0.067095913	-0.135275988	-0.116523465	-0.107648274	-0.103696513	-0.223843531	-0.037873247	-0.075462883	-0.067040397	-0.048426256	-0.138877878	-0.072775861
UMARY	1936	0.178337811	-0.024370122	-0.093525214	-0.013292679	0.013700678	0.093039677	0.11173579	0.101590184	-0.135916454	0.538938882	-0.016273593	0.068767706	0.183595411	0.028835298	0.016307306	0.068969099	0.201007188	0.032534637	-0.047469649	0.20516664	-0.179067095	-0.1855801	0.018299454	-0.089799466	-0.072950191
UMARY	1939	-0.872591898	-0.026406302	0.533341201	-0.083427629	0.008534168	-0.791302089	-1.588620953	0.464857342	0.046285218	-0.135601099	-0.235677463	0.426111014	0.092674313	-0.465558995	0.006732123	-0.022431717	-0.714598616	-0.036595384	0.20866974	-0.106888585	0.622878921	-0.057012352	0.255679817	0.032180933	0.528247511
UMARY	1940	0.056955419	0.24456168	-0.123002323	0.062061916	0.314117944	0.161228141	0.193963245	0.258573455	-0.099738307	-0.167020642	0.007328516	0.080607074	0.038389258	0.002192846	-0.04770773	-0.022166733	0.072507359	0.185693966	-0.099944967	-0.158732723	-0.151842652	0.059568965	-0.043035732	-0.00297281	-0.265162066
UMARY	4263	0.066432222	0.132119039	-0.0557479	-0.015209781	-0.338685536	-0.222149159	-0.064602883	0.179072879	-0.151605513	-0.756412894	-0.392518938	-0.045969913	0.165441839	0.158009979	0.042879152	0.007173155	-0.154458869	-0.185248885	0.004752766	-0.05219116	-0.140075945	0.131298245	0.16957982	0.147636915	-0.028061386
UMARY	4540	-0.158508508	-0.187389542	0.031278162	-0.068915607	-0.284580448	-0.055771292	-0.272509446	-0.282226032	0.009797471	-0.119326569	-0.277069672	-0.003658496	-0.139633442	-0.07332321	0.040485925	-0.091119658	-0.25336958	-0.073340597	-0.124381872	0.043996859	-0.107888784	-0.064721745	-0.076980124	-0.004392161	0.062843599
UMARY	4542	0.004912667	-0.064314494	-0.053458417	0.04924224	-0.035607446	0.05302239	0.135840645	-0.023436944	0.225829877	-0.013165043	0.108226116	0.093881105	0.158707835	-0.036544405	0.004785497	0.038018374	0.089609506	-0.101335362	0.088531384	0.243344044	-0.071475314	-0.060551481	0.044756289	-0.001488459	0.007869819
UMARY	4543	-0.025084765	-0.013420511	0.018253927	-0.034634965	0.019242282	-0.086862708	-0.099182722	0.107663109	0.039584916	0.056326025	-0.09467915	-0.048915997	-0.189308721	0.005365942	0.029730933	0.055806058	-0.142053497	-0.138404022	-0.016558978	0.157066282	-0.099455246	-0.09773344	0.013144811	-0.177537859	0.197072564
UMARY	4549	-0.030367855	-0.139421166	-0.014414042	-0.037958564	0.28588492	0.180692406	0.087459331	0.099090087	-0.235594911	0.425713235	0.154732878	0.105420521	-0.322598713	-0.014642162	-0.041518068	0.010775005	0.010643243	-0.037177082	-0.007805603	0.056346721	0.081550243	-0.176466615	0.011879731	0.015644449	0.211003359
UMARY	4590	-0.176580799	0.093355059	0.071055159	-0.014275419	0.536857647	0.153251046	-0.096371644	0.331815658	0.033804753	0.375208006	0.260630836	-0.187408383	0.340754865	-0.111810552	-0.081033664	-0.104426711	-0.127393119	0.037768335	-0.048416534	0.301649723	-0.191997001	0.127485787	-0.104039234	0.218216453	-0.070872069
UMARY	4593	-0.01167608	-0.019112009	0.008324484	-0.041063168	-0.062972371	-0.079671566	-0.054509162	-0.236199541	0.029284884	0.075419709	-0.097291834	-0.106661362	-0.201223029	0.181048833	-0.047841532	0.05304562	0.009055571	-0.063651514	-0.070729349	-0.063892197	0.085038925	-0.038133626	0.006278296	-0.041681513	0.060595836
UMARY	4598	-0.07849647	-0.036165314	-0.042408866	-0.108515917	0.042709168	0.077820345	-0.011881431	-0.137715772	-0.054857734	0.289914844	0.013693029	-0.098305093	-0.285258852	0.078472301	-0.14581921	-0.033167632	-0.054778292	-0.040664635	0.010712883	-0.032452532	0.023555582	-0.111082114	-0.059154741	-0.111143678	0.152281811
UMARY	4636	-0.059120547	-0.075142555	-0.106077996	-0.044437906	0.149369922	-0.002564601	-0.021900016	-0.150784767	-0.054283981	0.15852911	0.078183038	-0.120166052	-0.02464674	0.050607232	-0.183658368	-0.058416963	0.200205246	-0.174812038	-0.076411226	-0.033812507	-0.030866612	-0.082638335	-0.022451721	-0.034525627	0.162460153
UMARY	4640	-0.0799156	-0.115711374	-0.137601752	-0.142846047	0.24206722	0.022293426	0.020040444	0.170780947	-0.013633427	0.252762557	0.276354823	0.130353852	-0.223420509	0.015641219	-0.00025035	-0.113461395	-0.142024778	0.137252891	-0.187961108	-0.149522618	-0.189667006	-0.003553147	-0.072562418	-0.082315019	-0.064176495
UMARY	4725	-0.076749478	-0.08343293	0.08098036	-0.059705463	-0.151978702	0.11293866	-0.235561789	0.018055392	-0.161480934	0.222890984	-0.194805618	-0.031538005	-0.245896809	-0.065012427	-0.073202442	-0.059792829	-0.041913817	-0.114477294	-0.07699957	0.130699157	-0.141100868	-0.011060031	-0.063747032	-0.027706344	0.222511829
UMARY	4726	-0.046851655	0.106930814	-0.045443777	-0.005351356	0.136542205	0.078766555	0.060785751	0.246948871	-0.091589772	0.353371193	0.10089051	-0.036065836	0.246187701	0.007218725	-0.028615485	0.099494191	0.046096119	0.032426762	-0.003952361	0.161592692	0.108494317	0.000760132	-0.046443051	0.074374838	0.103679698
UMARY	4727	0.088332904	0.088403978	0.048780312	0.050281702	-0.117516328	-0.06668379	0.113006992	-0.077980383	0.174287664	-0.01710499	0.06480761	-0.019719225	0.341858534	0.132817505	-0.045206032	0.062010377	0.11467689	-0.083997871	-0.044525694	0.088837283	0.009310349	0.003184936	0.056156535	0.078940009	-0.123006008
UMARY	4729	0.09621642	-0.10460948	0.035672745	0.093252656	-0.154513294	-0.042890924	-0.08819663	0.035417536	-0.097349496	-0.443082617	-0.338580718	0.108442101	-0.038218711	-0.037854109	0.046874078	0.001694355	-0.145501183	-0.024649213	0.034476495	-0.227252875	0.069721205	-0.171116708	0.119768235	-0.048087639	0.094429794
UMARY	4782	-0.082304589	-0.117856943	-0.168313391	-0.054954135	-0.067189988	0.183417014	-0.141083225	0.262691547	-0.021156354	0.257263058	0.220427802	-0.090331872	-0.020513394	-0.214019293	-0.009826557	-0.141799296	-0.164909681	-0.133806507	-0.114312023	0.233027544	-0.11553624	-0.252050565	-0.074002546	0.030042874	-0.00221017
UMARY	4786	-0.01010526	0.052167075	0.104566074	0.071502395	0.115876279	-0.070834617	-0.02510604	-0.113660498	0.118380499	0.088056915	0.120108548	-0.056897475	-0.133983834	0.00311448	0.054938771	0.006725026	0.093425649	0.064899763	0.128809319	-0.143997782	0.204436212	0.113605531	0.06186159	0.06252592	-0.224827698
UMARY	4788	-0.087083327	-0.162130947	0.365162669	-0.083949351	-0.333406282	0.27606982	-0.408361009	-0.335491676	0.378125511	-0.597286844	0.058931045	-0.271374587	0.217678801	-0.124362725	0.095131973	-0.077680631	-0.04217648	-0.035370606	-0.185315762	-0.100539564	-0.15445825	0.458147014	0.081869559	0.191466572	-0.091724881
UMARY	4789	0.090762395	0.133252939	0.059682727	-0.052294931	0.005981083	0.250824492	0.124500887	0.209903718	0.482260608	-0.361707133	0.010488327	-0.087359831	0.40829216	-0.050512981	-0.057696857	0.23169357	-0.020650526	0.008751622	0.222675049	-0.183186647	0.268879055	0.160016581	-0.021427961	0.080800516	-0.49155564
UMARY	4841	0.00258336	0.016340007	-0.04334456	0.05834634	0.015050302	-0.043811581	-0.038935767	-0.11367724	-0.030592124	0.083092366	-0.133627675	-0.067971443	0.239145429	0.008122144	-0.104826981	-0.041464614	-0.133661906	0.06782618	-0.037126713	-0.099279499	-0.038455127	0.107525664	-0.010309008	-0.119514276	-0.176552009
UMARY	4842	0.006007962	0.036718051	0.032112503	0.026280636	-0.01764976	-0.003191144	-0.064148109	-0.036213827	-0.117411934	-0.973472656	-0.170702463	0.138096785	-0.231460395	0.050297517	0.204025319	-0.036245892	-0.12080397	0.055666089	-0.013176507	-0.05627995	-0.024680125	0.153140958	-0.003528479	-0.080091732	0.100532378
UMARY	4903	0.106850276	-0.04157993	-0.109710056	0.042171177	0.027499785	0.064772712	0.049309135	0.150082901	-0.126983008	-0.03995478	-0.056580333	0.080266244	-0.099160416	0.003584018	0.028583773	-0.062278476	0.056719429	-0.16597812	-0.007000954	0.216888368	-0.071101087	-0.014402441	-0.020381929	0.004002752	0.234581811
UMARY	4915	0.014414678	-0.028921171	0.145316376	0.027548273	-0.197210121	0.0274929	0.102193751	-0.112381057	0.080869119	0.068736385	-0.044760154	0.072646058	-0.125056011	0.089667002	0.009114193	0.0682894	-0.029716078	0.048707646	0.093490799	-0.072723927	0.164848509	0.112254391	0.128462667	0.071538548	0.11698816
UMARY	4916	-0.102798986	0.00610466	-0.040597745	-0.056053518	-0.028366973	-0.051348851	-0.009526497	-0.056731329	0.024804711	0.150911771	-0.12947276	-0.134495321	0.275454424	-0.030111571	-0.013952971	0.006763373	0.017956726	0.099205998	-0.104799594	0.087325787	-0.014918967	0.041111211	-0.025890319	0.015932269	-0.140162031
UMARY	4924	0.25961243	0.173573961	0.40088913	0.213758399	-0.291714012	0.039991504	-0.068985419	0.572364618	0.179988678	-0.48219893	-0.165818404	0.150979331	0.62213816	-0.104255946	0.360966829	0.174808446	0.231210064	0.20704425	0.317429469	0.281843886	0.155729328	0.009566378	0.050287468	0.261797341	-0.336476477
UMARY	5024	0.056743519	0.044435436	0.046770124	0.044924751	0.123178521	-0.16489444	0.125351243	-0.699945112	0.007169368	0.205389722	0.12690461	0.032424376	0.27122376	-0.245776996	0.308746148	0.011743116	0.050292454	-0.000224002	-0.042112709	0.117759449	-0.134370268	0.126982972	-0.012808184	0.035880461	-0.191774807
UMARY	5028	-0.084384879	-0.001325316	0.037407471	-0.06433584	0.040467603	-0.016583021	0.068457526	-0.009878813	-0.15515761	0.025067891	0.070233892	0.012260636	-0.043810632	0.217769499	-0.001341705	-0.112405452	-0.016180718	0.093742245	-0.028304121	0.146099927	0.026249242	-0.262302639	-0.100374676	-0.006335695	0.040453993
UMARY	5078	-0.151999433	-0.086990831	-0.145928412	-0.11854031	0.045267594	0.022887681	0.021067711	0.021729254	-0.044334558	0.179306581	0.106980311	-0.156970265	-0.160474726	-0.03251116	-0.198460215	-0.124601555	-0.055941489	-0.017136597	-0.026145859	0.012573925	-0.041849872	0.060102375	0.017837692	-0.165915872	0.154607591
UMARY	5079	0.00283946	-0.016483609	-0.02595854	-0.015021274	-0.066715376	-0.101699015	0.016744402	-0.063037728	0.04558102	0.09836426	0.280688143	-0.090299213	-0.062886235	0.005510143	-0.036737982	0.001830642	0.047654688	-0.033025491	-0.016466276	-0.131901947	-0.02376399	-0.093302537	-0.002069695	-0.058270412	-0.009843792
UMARY	5081	-0.031190641	0.039728851	-0.123204366	-0.051033712	-0.082684256	-0.019794417	-0.036901006	0.159131077	-0.049247635	-0.034299028	-0.057294299	0.153054596	-0.128431774	-0.040061106	-0.026983787	-0.011417678	0.015939211	0.006491294	0.114465972	-0.0203527	-0.179348718	-0.119174143	-0.141440268	-0.002864651	-0.00669789
UMARY	5086	0.062317785	0.07901313	0.007929822	-0.028257864	0.110137729	0.059403625	0.123342888	0.082441694	0.266938019	-0.225447302	0.02887116	0.195069497	0.336768759	0.071146813	-0.083718861	0.092147339	0.003103704	0.124627967	0.01736495	-0.097098464	-0.087450857	0.064560219	0.013571462	0.0330057	-0.201237127
UMARY	5087	0.09790589	0.108484155	0.071872258	0.111380789	0.000537769	-0.026024968	0.186378175	0.050563824	0.063365554	-0.318252315	0.10203692	0.046608549	-0.297227523	0.051726729	0.023926398	0.084179204	-0.011463522	0.000528456	0.070210889	-0.192325541	0.167272742	-0.002117581	0.043029001	0.075600282	0.028800618
