FID	IID	1	2	3	4	5	6	7	8	9	10	11	12	13	14	15	16	17	18	19	20	21	22	23	24	25
BLSA	745	0.18582836	0.36570186	-0.32912065	0.651614684	0.072536694	-0.339252245	0.503689861	0.485405718	0.572000545	-0.126887657	0.183088852	0.043316054	0.715092383	1.443804482	0.351442489	0.11956742	0.377038821	-0.049548559	-0.4933902	-1.048729502	-0.937394641	-0.666079465	0.447751416	0.027958771	0.084593241
BLSA	827	0.108688679	0.1886157	-0.520275658	-0.537892227	0.073781096	-0.012225711	0.400670411	0.3124222	-0.19778466	-0.225351449	-0.227024292	0.314761462	0.496252925	1.240181485	0.135688337	0.151736833	-0.13284774	0.060953955	-0.129721697	-0.636475258	-0.574559457	-0.149756904	1.640088682	-0.209827529	-0.191123223
BLSA	1556	0.224017892	0.180444118	0.041466244	0.215081772	0.166349704	0.372909242	-0.152971429	0.261893117	0.102750579	0.332214718	-0.261304475	0.020252947	0.931568722	-0.184844631	0.146529075	0.193424118	1.010002691	0.110210237	0.436054573	-0.083879223	0.118467508	-0.282352981	0.437547977	0.016613672	0.064349311
BLSA	1579	-0.120922521	-0.193499576	0.385984209	0.167542554	-0.065497032	0.282783005	-0.318824437	-0.229018203	0.17111747	0.032510537	-0.29520694	0.067135376	-0.159959491	-0.107462926	-0.334934748	-0.169580998	0.788153805	-0.078582299	0.141467654	-0.148200895	0.121504584	0.47684326	-0.04954745	-0.187829069	-0.190247456
BLSA	1595	-0.518834197	0.909905882	-0.293549631	0.093244502	0.642423331	0.580172763	0.890066028	0.621465175	0.71505714	-0.397372888	0.456021744	-0.065564104	-5.630449191	0.364364874	-0.344434797	0.592634219	-0.79472238	0.414412816	-1.069592817	0.355425634	-0.26610674	0.113075075	-0.032892125	-0.318035331	NA
BLSA	1603	-0.228320345	-0.170762281	0.014886757	-0.053667585	0.097937475	-0.07395965	-0.267046355	-0.172971784	0.010011051	0.081979861	0.395270032	-0.406130407	-0.234204956	-0.526695873	-0.083045113	-0.170858239	-0.917651527	-0.170793985	-0.07922026	0.271258784	0.359754359	-0.141229379	-0.917280732	0.127250751	0.162280018
BLSA	1640	0.09839246	-0.075873756	-0.14954504	-0.016283086	0.002820448	-0.041521454	0.044255466	0.195040875	-0.419793209	0.272377822	-0.110179677	-0.198650545	0.149713379	-0.246078245	0.06191149	0.003144956	0.710619771	0.017658392	0.538725454	0.148612702	0.212349523	-0.218507078	0.426028547	0.083715273	0.035512759
BLSA	1775	-0.165280141	0.22886131	-0.183838926	-0.436701166	-0.277083299	-0.530442157	0.082899282	0.008971107	-0.200815634	-0.047162647	-0.368014828	0.202550709	-0.139368227	0.226916101	-0.055690199	0.05291554	-1.276781465	-0.153640351	-0.139248486	-0.018719879	-0.550544965	0.171969364	0.666745844	-0.546320355	-0.193369387
BLSA	1802	0.055449132	-0.22630973	0.220331161	0.305662939	-0.031497057	0.634819978	-0.239377557	-0.322321194	-0.029048827	-0.109539392	0.0781452	-0.080452375	0.750225453	-0.423126716	0.071382383	-0.256062875	0.361231099	-0.106773192	-0.011490492	0.151541624	0.075354315	0.093973553	-0.528913762	0.614379471	0.041275504
BLSA	1805	-0.223599741	-0.413356671	0.198413931	-0.086929423	-0.058892783	-0.041884712	-0.223139157	-0.354986057	-0.13932369	-0.007093575	0.359186322	-0.373686695	-0.225015324	-0.360426551	-0.233830494	-0.244060096	-0.064157773	-0.306096162	-0.229929738	0.184347975	0.437195283	-0.039102537	-1.142205133	-0.055713822	0.085420132
BLSA	1838	-0.079167439	0.005138599	0.150291358	-0.08891653	-0.085074677	-0.194160649	0.074640936	-0.014618966	0.046056968	0.004379795	-0.178524038	0.23394208	0.48682093	-0.019422078	-0.049008747	-0.28253819	0.775695571	0.069927022	0.369180591	-0.073934374	0.348812778	0.156400193	-0.37449855	0.092855052	-0.05150569
BLSA	1839	-0.028666869	-0.150669924	0.353441969	0.102485268	-0.021881256	-0.016358607	-0.273151751	-0.115488887	0.255246801	0.047355922	0.078112796	-0.279993431	0.860480385	-0.26071452	0.119470542	-0.054662862	0.144012768	0.230520063	-0.287521335	0.092873676	0.026168669	0.078228755	-0.398941811	0.328246719	0.095636842
BLSA	1840	0.015567721	-0.437030599	-0.055069405	-0.098507585	-0.039149787	-0.326342789	-0.218110353	-0.175516173	-0.059579798	0.141243425	0.05406176	-0.380194508	0.520408651	-0.275100487	-0.067606176	0.009775844	-0.24717512	-0.225886217	-0.132522999	0.160676892	-0.073243882	0.030017981	0.008353474	0.22679821	0.012530033
BLSA	1883	-0.176775515	-0.042144518	0.290882095	-0.103811165	-0.25341858	-0.261946359	-0.02489173	-0.156953127	-0.093927404	0.08305992	0.005784925	0.033559795	-0.055421717	0.122031009	-0.109464009	-0.070966891	-0.014213019	-0.068525746	0.305091576	-0.05500852	0.02696605	-0.18646869	0.12145935	-0.113696365	-0.099912933
BLSA	1889	-0.13047348	-0.245810697	0.262795681	0.08986763	-0.158933454	-0.630594626	-0.204868413	-0.203516053	-0.140957664	-0.04730437	0.139338095	-0.068387339	0.51922539	-0.37709983	-0.044489213	-0.134319962	-0.686178335	0.025407834	0.216048102	0.036197685	0.060898173	-0.075584562	-0.510381502	0.089109041	0.000160285
BLSA	1924	-0.02212637	-0.069050241	0.373771079	-0.191011751	-0.027289858	1.541745373	0.009278921	-0.059444869	0.397946283	-0.271045256	-0.216525055	0.182513456	-0.286630852	0.046402835	-0.009304537	-0.016664648	0.521042508	0.526176492	0.305728765	-0.080485046	0.361476565	0.43119747	-0.346861174	0.284952441	-0.097698798
BLSA	1961	0.004373468	-0.188474164	0.209833838	-0.219118508	0.131968429	-0.123234637	-0.074121975	-0.034358331	-0.079435112	0.205117822	0.394402244	-0.295041091	0.149007667	-0.908412326	0.148051634	-0.139650193	-0.641532672	-0.061241147	0.247799178	0.233565163	0.358826209	-0.085702555	0.038043136	-0.154554948	0.111945312
BLSA	2000	0.07204439	-0.170672434	-0.581017114	0.10093512	-0.14044134	-0.287579823	-0.146653078	-0.236759188	-0.354135601	-0.116190266	0.216391003	0.096696718	0.606566595	-0.28674118	0.001388768	-0.165453682	-0.540961465	-0.344652497	-0.013135071	-0.112270051	-0.08090467	0.352061193	-0.295117899	-0.291868336	0.028701347
BLSA	2020	0.233387136	0.076078207	0.285619137	-0.099610837	-0.109453987	-0.11871068	0.10759723	-0.003732741	0.016700852	-0.177904834	-0.402519424	0.407791994	-0.138121871	0.358333705	-0.012582043	-0.021521597	0.336764765	-0.110995498	-0.217829375	0.081604308	-0.048983351	0.432620482	0.385220522	-0.269585072	-0.096082986
BLSA	2037	0.234415101	-0.018171746	-0.257488158	-0.270992576	-0.03196054	-0.186958919	-0.065993691	0.109701534	0.018190319	0.044302614	-0.104602454	-0.017319998	0.454615638	-0.164697729	0.039937065	0.171938739	0.254336674	-0.169173604	0.230800795	0.049122273	0.223013797	0.097627372	-0.161102387	0.6913397	-0.051756621
BLSA	2066	0.015625106	-0.14510623	0.095611893	-0.021099538	-0.123402361	0.437612419	-0.138332033	-0.052796625	-0.129213462	0.249188274	-0.119059716	0.028053887	0.04334714	-0.061533828	-0.040137203	-0.053134248	-0.494092751	0.071295543	0.132570647	0.09376898	0.149633791	-0.330848721	-0.155424979	-0.169642979	0.031025617
BLSA	2069	0.209137445	0.057561626	-0.250527729	0.04256065	0.080698369	-0.177595157	-0.074618261	0.085922463	-0.131164924	0.216221146	0.160576424	-0.260467126	0.609096588	-0.196327804	0.193263084	0.091089295	0.282483917	-0.125894318	0.402868296	-0.010521372	0.237496816	-0.231365373	-0.296499378	0.004653446	0.164945894
BLSA	2093	-0.125648891	-0.173898838	0.149273531	-0.093251723	-0.051634733	-0.062223459	-0.282606199	-0.284223897	0.037381231	-0.204040043	-0.190946006	0.186435736	-0.134114643	0.181966518	-0.089540531	-0.07390709	-0.494073849	0.244908089	-0.572709284	0.111829309	0.006528241	0.011932494	-0.354220421	-0.365903544	-0.081597886
BLSA	2102	0.362888621	0.708524104	-0.412170571	0.54879858	0.207095199	-0.425051146	0.591608285	0.335883906	-0.367279254	0.019940522	-0.04647249	0.608877405	-0.289135573	0.414683714	0.205002943	0.46715461	0.743005707	0.200333135	0.049976122	0.297399117	-0.592708955	-0.038948944	1.392648353	0.095104803	0.134918686
JHU	384	-0.024569681	-0.074976658	0.178516892	-0.331717565	0.107701346	0.537368592	0.106371171	-0.04429502	0.046781101	0.401012742	-0.133767898	-0.262405685	-0.059209946	0.038755267	-0.202889573	-0.027919931	-0.286026539	0.118480582	-0.076345409	-0.0816221	0.002703088	-0.365065698	-0.546290973	-0.109809583	-0.052393205
JHU	705	-0.155794871	-0.266241915	-0.020997781	0.281133957	0.011586749	0.67893293	-0.144019942	-0.077578277	0.257969985	0.11023184	0.260582024	0.044474254	-0.273826922	-0.436475921	-0.1234621	-0.203570124	-0.812565402	-0.06253905	-0.470207556	0.23271221	0.193685648	-0.091112709	-0.479652847	0.670450421	-0.008270586
JHU	710	-0.026767936	0.015396261	0.083720134	0.119714639	0.13388559	-0.60721699	0.127933745	0.160032352	-0.166278736	-0.103533186	-0.172222412	0.100821132	-0.165673413	0.098025157	0.086900748	0.081505219	-0.422131206	0.118850724	0.04525143	-0.057644787	-0.055591182	-0.272744647	0.142759311	-0.172334559	0.023700215
JHU	712	-0.104512802	-0.038194415	0.237164062	-0.420754764	0.171089454	-0.185191027	0.109508606	0.161456042	0.457623464	-0.135935989	-0.238617169	0.149730023	0.093490403	0.251343474	0.068629531	-0.021192117	-0.268396815	0.249135145	-0.452775861	-0.035569256	-0.217287967	0.012024134	0.275839547	0.112676881	0.046467132
JHU	713	0.23681935	0.306258796	-0.758560875	0.501554566	-0.198001405	-0.59192747	0.138703564	-0.434870573	-0.135032686	-0.610109639	-0.258438579	-0.248042662	0.447319238	1.389992679	0.139952875	0.328750011	0.493318469	-0.360918301	-0.051756887	-0.268261945	-0.289864209	0.125171481	1.060956765	-0.165275773	0.008610418
JHU	719	-0.031385088	-0.166306123	0.172698656	0.189932419	0.199514116	-0.273332302	-0.120183892	0.116279268	0.022031934	0.362797461	0.57953384	-0.194405751	-0.031460559	-0.63256255	0.010088539	-0.018854368	0.178436595	-0.068865217	-0.123593198	-0.132028112	0.438824929	0.320096858	-0.780865434	0.012173836	0.129365356
JHU	993	0.16163345	0.215121755	-0.129499307	-0.401217991	-0.645899875	-0.407323127	0.015560572	0.0086265	-0.046166747	0.019143794	-0.298218474	0.493659722	0.293813854	0.11205319	0.137350497	-0.019198819	0.52515872	0.128795306	0.669844866	0.146768475	-0.340731705	-0.035237366	0.437321593	-0.28467093	-0.220491449
JHU	994	-0.11912751	-0.094828018	0.069168098	0.144431986	-0.002849135	1.207803459	-0.204610771	-0.054555934	-0.19475027	-0.074937398	0.408334489	-0.04097266	-0.106908634	-0.590166965	-0.174438902	-0.22268891	0.351289284	-0.106509203	0.082314449	0.090451951	0.118424083	0.240003147	0.032584465	-0.015364349	-0.041427621
JHU	995	0.063705086	0.103770316	0.16779012	-0.083077247	0.222973162	-0.359114065	-0.029263053	0.164905642	-0.242178045	0.031330375	-0.14718582	-0.042858373	-0.197544022	-0.23096433	0.057868387	0.103169039	0.240916896	-0.016429987	0.377268166	0.105193563	0.149837313	0.0668648	-0.142652427	-0.047845944	0.114439741
UMARY	142	-0.014741336	0.1727622	0.178681484	-0.257366334	-0.066910564	-0.120594422	0.087644701	0.049817861	0.242000003	-0.365863325	-0.442269537	0.120429903	-0.244412742	0.01145515	0.015820058	0.138582154	-0.205895598	0.145589652	0.124519333	0.300951262	-0.158903345	-0.109903306	0.078921665	0.113693313	0.007611598
UMARY	602	0.12774406	-0.097739935	-0.174872318	0.002815031	-0.131516033	-0.343809172	-0.066082927	-0.094711688	-0.084962345	0.196851188	-0.119776745	0.008763673	0.475219334	0.081873457	0.070363019	-0.04573875	0.32927168	0.005931499	-0.181017152	-0.27892884	-0.187996173	0.149818165	0.199223653	0.162139459	0.095702756
UMARY	604	0.08465722	-0.04024042	-0.343112975	0.137880323	0.002706746	-0.356355072	0.007473251	-0.017795114	-0.162860263	0.07635095	0.33135527	-0.045454785	0.013939922	-0.186077172	0.002787884	-0.040046378	0.250069557	-0.206483165	0.085323172	-0.079888866	0.308725716	0.531841409	-0.306616319	0.056834229	-0.00386286
UMARY	813	0.0327888	0.051376886	0.018802973	-0.068794521	-0.028485854	-0.338159896	-0.011693268	0.04492547	-0.037646466	0.389322573	0.028450045	-0.286800392	-0.118820883	0.171840724	0.058030788	0.073651984	0.392712995	0.106520971	0.096172696	-0.134328159	-0.263641351	-0.305030613	-0.148580748	0.003283447	0.074817471
UMARY	819	-0.012109436	0.064033672	0.149757655	-0.052727865	-0.011564215	1.429375329	0.002708608	0.04477521	0.161462996	-0.210544002	0.173441034	0.093797216	-0.07519132	-0.058082103	0.007115969	0.030668792	-0.26997685	0.128262973	-0.171006413	-0.017647646	-0.180829448	-0.029475746	-0.089848929	-0.027212851	0.002441295
UMARY	871	-0.042178963	0.081966812	-0.121242577	-0.31824131	0.004525857	0.512635095	-0.047871752	-0.0262185	0.232055278	0.340146559	0.110503654	-0.13253106	-0.129655606	0.067216256	0.051194839	-0.005156782	-0.050561006	0.067712472	-0.059135554	-0.18939913	-0.352956317	-0.392308593	-0.143761074	0.282533305	0.023227063
UMARY	879	0.01402818	0.13789868	-0.030507792	0.021772457	-0.114604192	-0.314555597	-0.043195967	-0.063572541	-0.164384208	-0.006722124	0.044646188	-0.056766179	-0.218952329	-0.224654693	-0.034749734	-0.04883082	0.011990261	0.092473862	0.275733824	0.09134302	-0.025747743	-0.272349964	-0.196659162	0.060016088	0.010310735
UMARY	880	0.059910551	0.063487484	0.331964653	-0.3356397	0.178579941	-0.290886884	0.066792109	0.193380226	0.211124318	-0.031868847	-0.204662866	-0.06881829	0.203379677	0.147591134	0.114032749	0.137426667	-0.781674404	0.399065823	0.490963167	0.035664297	-0.255577203	-0.487757041	-0.226844937	0.166534663	0.108418934
UMARY	914	-0.077828946	0.015882404	0.019151568	0.228333982	-0.011945228	-0.400268041	0.019353655	-0.01667169	-0.253049613	-0.345573861	0.006459539	0.174011215	0.050910498	-0.086900638	-0.017052568	0.042419706	-0.340927511	-0.114925551	-0.141584728	0.137148256	0.067180938	-0.028874132	-0.130363899	0.03238429	0.018038015
UMARY	933	0.029962223	-0.219438201	-0.038810533	-0.022380221	-0.181949095	-0.292776888	-0.153313363	-0.121671893	-0.02725755	0.701497804	-0.081666652	-0.089956606	0.534945183	0.39260154	0.018152805	-0.100617661	0.39758074	-0.13559443	0.011730416	-0.083792728	0.111566145	0.128160263	0.082684035	-0.197025214	0.007522317
UMARY	1028	-0.144547852	-0.304542334	-0.018538595	-0.012407271	0.00945089	-0.242949971	0.013045094	-0.264013507	0.216007093	-0.296058073	-0.01875487	-0.37881039	-0.008737292	-0.337169298	-0.16430541	-0.134423427	-0.359988963	-0.040094966	0.151112278	0.137004009	0.110828995	0.347476852	-0.051730816	0.493695825	-0.107988078
UMARY	1037	-0.111237984	-0.097399021	-0.184969075	0.302325324	-0.014313115	-0.125900885	-0.086735668	-0.128218192	-0.242179918	0.691622461	0.097853086	-0.362682219	-0.024132571	0.094313136	-0.102264896	-0.065453073	-0.081620015	-0.277112982	-0.405684377	-0.130096635	0.079523327	0.326289287	0.201362592	-0.094833487	0.006695256
UMARY	1064	0.119087048	-0.172232978	0.386805183	-0.076886558	-0.08014482	0.053283392	-0.057339528	-0.00025276	-0.060124383	0.11983723	-0.015584428	-0.017731528	0.69443881	-0.411199201	0.020101988	-0.073896076	-0.183103394	-0.066101375	0.340707602	0.108746618	0.17670769	-0.101438336	-0.859768226	-0.189650242	0.019941655
UMARY	1065	0.134517214	-0.009488885	0.276306735	0.042054529	-0.072631666	-0.479380509	-0.105401146	-0.025339427	-0.075143581	0.1001496	-0.143054675	0.305200931	0.504832806	-0.351609681	0.04556433	0.053134883	-0.527337647	0.043177067	0.722737247	0.241007807	0.077040711	-0.201892676	-0.327398657	0.162537537	0.039426403
UMARY	1076	0.096111809	0.128164955	0.039730547	0.015856357	0.052163797	-0.371623879	0.009170729	0.03317523	-0.167213475	-0.127151465	0.086004011	-0.010011501	0.097771168	-0.21555428	0.065613354	0.069145239	-0.143240306	-0.024661283	0.090255596	-0.088720101	-0.051187155	-0.026626751	0.044014825	-0.137501415	0.045156941
UMARY	1078	0.046959287	-0.151542837	0.236035293	-0.323070021	0.366758113	0.260530828	-0.238509532	-0.090566646	-0.338008844	-0.22637192	-0.127328114	0.368444309	0.553506675	0.206245403	-0.051337921	-0.122337689	-0.583568965	0.196546256	0.658616651	0.247956217	0.866898601	-0.35558091	-0.717588507	-0.426130263	-0.094389228
UMARY	1079	-0.195908081	-0.137054628	-0.050436323	-0.007810149	-0.061902313	-0.462513361	-0.120912128	-0.195568715	0.048987337	-0.138636968	0.123935675	-0.15428075	-0.095751094	-0.331951938	-0.152134636	-0.164764759	0.082746654	-0.090368156	-0.084283619	0.040158454	-0.106427963	-0.002472904	0.092266529	0.464192899	-0.123707061
UMARY	1104	-0.045162656	0.039659332	-0.095295177	0.146382446	-0.055154596	-0.712727898	0.022687062	-0.035927976	-0.002864076	-0.021721888	-0.017763196	-0.043903381	-0.133712775	-0.046119643	-0.035056317	0.02381964	0.209785812	-0.056238225	-0.220594952	-0.124369543	-0.08171045	-0.280555442	0.019374397	0.272664662	0.073523315
UMARY	1105	0.05384066	0.201282939	-0.084126468	0.060413202	0.132177607	-0.029270567	0.123809794	0.118929703	-0.04070228	-0.108015111	0.025789696	0.085494506	-0.242374652	0.159645877	0.106213197	0.070258569	0.484508591	0.103358222	-0.305762577	-0.411553488	0.02986581	0.296859873	0.030306188	-0.323872071	0.024163136
UMARY	1114	-0.027005628	0.022675078	0.040071768	0.381773422	0.077635408	-0.517268351	-0.026933085	0.097874482	-0.269577039	0.125565323	0.15061534	-0.165894984	0.00741798	0.109077023	0.107365868	0.090318191	0.481788552	-0.207954932	-0.112671102	-0.200338743	-0.318333148	-0.20686852	-0.178879811	-0.109926302	0.083994209
UMARY	1133	0.136485834	-0.00170907	-0.328230561	0.26153049	0.187931056	-0.625526943	0.039540442	0.11489974	-0.040993506	1.261537918	-0.069170523	-0.449169167	0.374569749	0.898525552	0.207004897	0.113006042	0.535921912	-0.251821791	-0.448063937	-0.552121571	-0.130262914	0.18783885	0.674734181	-0.354584099	0.16263242
UMARY	1134	0.028442837	0.08798818	0.039797558	0.02069388	0.037903982	-0.309600914	0.042875437	0.099634918	0.10340513	0.133904585	0.1138254	0.047334381	-0.225965026	0.187888213	0.056205604	0.032083366	-0.006229113	-0.019874053	-0.216590264	-0.169733279	0.002150358	0.032325471	-0.1403199	-0.038107804	-0.014948126
UMARY	1136	-0.015264203	-0.097111137	0.08891627	-0.065024506	-0.080767185	0.692283514	-0.065935713	-0.066689592	0.138543521	-0.25488635	0.096261891	0.041999404	0.06357923	-0.287855162	-0.010490641	-0.060044141	-0.049652034	-0.134404102	-0.082653079	0.178800627	0.17419137	0.243168242	0.197312621	-0.067582661	-0.107622924
UMARY	1158	-0.014990863	0.03573492	0.032137389	-0.144101927	-0.03584288	-0.560942847	0.111380057	0.013242007	0.183837987	0.102772622	-0.130683784	0.105990264	-0.119522636	0.258556642	-0.028292091	-0.016210799	-0.10526076	-0.078515417	-0.298066396	0.030084356	-0.121396163	0.128039661	0.663786316	-0.006862617	-0.030042039
UMARY	1170	-0.077785679	0.032295283	-0.025945841	-0.163567763	0.050002312	0.479658971	0.037205878	0.020824734	0.120673488	0.193190714	-0.178527363	0.205470986	-0.057473917	0.295276389	0.03602703	0.038729943	0.113216709	-0.044048151	-0.277445727	0.03429604	0.115627248	0.193671255	0.027975653	-0.054628631	0.033953037
UMARY	1206	0.016309757	0.052453085	0.495135204	-0.252293556	-0.053443547	0.596828068	0.054794264	-0.027526337	0.411656363	-0.098983886	-0.433038588	0.021385162	-0.103512418	-0.039822564	-0.017461382	0.019155885	-0.42929841	0.174617329	0.09762224	0.19299131	0.000269043	0.108832105	-0.038752753	0.349946311	-0.080034368
UMARY	1209	0.040963578	0.130040837	-0.245581025	0.138329693	0.043356321	-0.213474098	0.069295623	0.0646292	-0.030336634	0.244495404	-0.083839662	-0.117648357	-0.116965786	0.267730938	-0.009215078	-0.012846114	0.197045269	0.118402859	-0.285144623	-0.195391448	0.038116573	-0.217953985	0.098837753	-0.163394054	-0.087340227
UMARY	1226	0.034811589	0.137695775	-0.008101348	-0.376229555	0.030523984	-0.633950174	0.037497803	0.087818886	-0.036018201	0.003219705	-0.063100387	0.241964697	-0.11109965	0.231064787	0.057078412	0.082400527	-0.183535383	-0.018013828	-0.207604044	0.07763249	-0.421168896	-0.182209165	-0.462349366	-0.637128422	0.033257584
UMARY	1230	-0.033778337	0.056378476	-0.14945343	0.316900419	-0.057111211	-0.350098495	0.080400422	0.031605369	-0.269061862	0.119362583	0.1469488	-0.048328505	0.029344334	-0.00427569	0.011940298	-0.00643512	0.247019098	-0.094114849	-0.348398053	0.010221399	0.097815251	0.218389735	0.007664731	-0.224212817	0.00930974
UMARY	1260	0.059472926	0.205895355	-0.630785907	0.077492353	0.210807304	-0.338292011	0.181849583	0.202999658	0.188185632	-0.110401875	0.148793054	0.136098707	-0.222766629	0.047750877	0.114925926	0.135943649	-0.132955115	0.125461775	-0.296851776	-0.104684898	-0.150644496	-0.034337946	-0.121206739	0.534370711	0.109994376
UMARY	1326	-0.035381225	0.056357461	0.025496666	0.154727928	0.020608232	0.88059532	0.107817976	0.030532416	-0.298318072	0.071920606	0.219233541	-0.175809415	-0.189763229	-0.120030804	-0.047686138	0.025207236	0.087254183	0.184513433	0.102505794	-0.034289783	-0.065940702	-0.081531754	-0.064761107	-0.007620311	0.004323504
UMARY	1454	0.025876016	0.053322177	0.224205862	-0.251960048	0.048464356	-0.227429072	-0.117123638	-0.038812099	0.387670451	-0.025466269	-0.249607559	-0.050531844	-0.016602291	0.010494917	0.01627882	-0.004416133	0.151312402	0.057960226	0.243173981	-0.050313573	0.084999422	0.216102337	-0.121465922	-0.069886361	0.011265872
UMARY	1465	-0.213614377	-0.039014194	0.110308364	0.066279927	-0.027193534	1.159458688	0.091531491	0.010822577	0.307843003	-0.455313377	-0.198480924	0.287441468	-0.239350334	0.02789854	-0.046828044	0.013041699	-0.082858012	-0.016687925	0.081117297	0.200800143	-0.111384705	-0.120637893	0.446133728	-0.285266041	-0.087448349
UMARY	1486	-0.025747934	-0.10752986	-0.098082189	0.070353652	0.075981468	0.661534728	-0.06393598	0.000324629	0.093830505	-0.108964547	-0.05771164	-0.232230109	-0.027306464	-0.142985701	-0.183740797	-0.128347409	0.028012242	-0.066110799	0.094247467	-0.071219828	0.015598447	0.1213671	-0.068024288	0.369034241	-0.095033774
UMARY	1498	0.009826569	-0.007576357	-0.107891728	-0.005265612	-0.04181624	0.439467315	-0.04987416	-0.074513801	0.043092071	-0.088233682	0.167627319	-0.002487125	-0.106935704	-0.105575723	-0.037749551	-0.093276931	-0.126606287	0.085178612	0.283433222	-0.05593284	0.144689228	-0.183278508	0.068908524	0.188387517	0.017950257
UMARY	1502	-0.248906428	-0.132615228	-0.127219636	0.047120717	-0.00775503	-0.370081697	-0.050667043	-0.116803312	-0.071027244	0.27525642	0.023069254	-0.25045504	-0.169204743	-0.062991146	-0.088774503	-0.064046353	0.548212215	-0.110295481	0.188398036	0.031612091	-0.039544706	0.304978258	0.051220511	0.37248102	0.036569495
UMARY	1535	-0.015461078	-0.0227571	0.065727952	-0.066061447	-0.002935715	0.943279865	0.022271549	0.018504145	-0.088272872	-0.023587124	-0.022617182	0.070182135	-0.090423118	-0.018360867	-0.0443809	-0.023261389	0.203681257	-0.08398018	0.096723826	0.175380476	0.09813383	0.372207392	0.346963676	-0.291880069	-0.01087922
UMARY	1540	-0.095416445	-0.041083104	-0.065273111	-0.069076912	0.060338217	-0.590894125	-0.017291483	-0.013664845	0.529448782	0.223102097	0.272373028	0.024706114	-0.29578918	0.298600191	-0.150801472	0.002161313	-0.250450692	-0.28931161	-0.22690002	0.199715308	0.062019569	-0.350734365	-0.806280479	-0.131799509	-0.04549637
UMARY	1541	0.092451976	0.035140259	-0.179027091	0.083377813	0.006581997	-0.13358751	0.079809976	0.095450316	0.070054792	0.110894424	0.064664389	-0.027351193	0.002861804	0.090909553	0.072475621	0.131673826	-0.134559594	0.036100289	0.159192478	-0.137397696	0.217046319	0.1128711	-0.062411084	0.070450612	0.093670174
UMARY	1544	-0.095629558	-0.029251197	0.145445711	0.237997591	0.031646489	-0.288171595	0.018085249	-0.05603275	-0.137759885	-0.128468136	0.183263636	-0.120969394	-0.183373255	-0.152608877	-0.104242576	0.023953832	0.382245558	-0.219857539	0.054909076	-0.15260921	-0.055569384	0.330404345	0.189692036	0.107852074	-0.009943648
UMARY	1545	0.053018504	-0.04047326	-0.250299753	0.085140477	0.115670394	0.955129243	0.097348736	0.131901182	0.114747728	0.097965759	0.23960726	-0.146616632	0.032032716	-0.188551762	0.166268219	0.095717567	0.547125775	-0.156188199	-0.099305864	0.05563944	0.422753266	0.573410584	-0.230116313	0.312295722	0.104478855
UMARY	1568	0.037562191	-0.147797932	0.081800312	-0.029436475	0.008080387	0.054969204	-0.013882319	-0.055230584	-0.063252034	0.189469371	-0.133989752	-0.102942867	0.046752154	0.148019729	0.016775695	-0.032512718	0.391459484	-0.115797952	0.434812674	0.134788963	0.167146157	0.414275668	-0.394531678	-0.112643516	-0.069651455
UMARY	1570	0.059032238	0.059360293	0.036117576	-0.115552549	-0.027001912	0.352414539	0.087499487	0.067473513	0.34591313	-0.070286661	0.040972947	0.0039251	-0.185313147	-0.029125887	0.05182592	0.004576891	-0.094092431	0.174685336	0.196837921	0.09199005	-0.086299445	-0.384455961	-0.226042169	0.243233076	0.045408015
UMARY	1571	0.020357278	-0.101035602	-0.121607931	0.429421191	0.131574853	-0.026569509	-0.088076712	-0.007467436	-0.06079131	0.136159579	0.408225968	-0.260894453	0.106757414	-0.407841813	0.024963252	0.026356409	0.518341827	-0.308590855	0.277600046	-0.085986775	0.121734423	0.434332217	-0.338676157	0.012187943	0.034187103
UMARY	1578	-0.089426749	-0.179123954	-0.24936282	0.289719851	0.006453644	0.850702362	-0.100309595	-0.120332182	-0.168662734	0.012048335	0.59473876	-0.16736386	-0.052427905	-0.340583905	-0.121344689	-0.045960839	-0.224054204	-0.144145991	-0.082979789	-0.013885589	0.366623245	0.40441151	-0.345106121	0.094670013	-0.007952411
UMARY	1583	0.181125719	0.154828487	0.284315431	-0.187804719	0.151820758	0.067738018	0.113477719	0.078032426	0.620588239	-0.160918445	-0.371287193	0.114812138	0.04921151	-0.174413311	0.091442672	0.070784483	0.031030471	-0.014145158	0.466448472	0.232566152	0.176519149	0.243316486	0.505165565	0.529433653	0.045323964
UMARY	1584	-0.109110895	-0.047628866	-0.056359458	0.033370738	0.062170483	0.913962306	-0.071978419	-0.002696882	-0.001852538	-0.08482835	0.086178211	-0.013327925	0.15266859	-0.068348835	0.113542864	0.078977491	-0.101555928	-0.03138111	0.521791789	0.035412267	0.427996936	-0.235573888	-0.251083184	-0.318976341	0.058718296
UMARY	1611	-0.080035661	-0.328788291	0.21174269	-0.074788883	-0.27927998	-0.102775949	-0.189832392	-0.228013112	-0.411316731	-0.392804456	0.221320396	-0.052124688	0.453669175	-0.25852022	-0.058314103	-0.173258107	-0.271568081	-0.116157077	0.237208496	0.126398479	0.116999303	0.043427749	-0.060529777	-0.090713221	0.034723096
UMARY	1612	0.10388895	-0.046692373	0.226498089	-0.043892997	-0.159984667	-0.03854213	0.120142012	0.088901819	-0.305677222	0.276836808	-0.254349674	0.377096861	0.476948423	0.118718824	0.120385035	-0.01225313	-0.526991809	0.424033529	0.386639609	-0.070252429	-0.267950668	-0.384397372	0.09427239	0.321480612	0.127427506
UMARY	1613	0.00101317	-0.027890371	0.096955397	-0.706290793	-0.027608582	-0.365817043	0.037242898	0.056268664	0.46981608	0.320664533	-0.218536883	-0.048489973	0.111120145	0.369973282	0.120961016	-0.041610226	-0.937297882	0.179390537	-0.301265414	-0.323693986	-0.057663999	-0.661280222	-0.21124704	1.254401254	-0.055273528
UMARY	1614	0.088952018	-0.109053476	0.069102559	0.02884319	0.055061434	-0.241296182	-0.07879333	0.003820309	0.110222947	-0.179159201	-0.151363058	0.093229979	0.061709111	-0.099192875	0.155809446	0.070496978	-0.381892246	0.02027105	-0.364938119	0.143286555	-0.008198708	-0.250880169	0.051111339	0.071282935	0.058673008
UMARY	1648	-0.008215998	-0.032213958	0.024136718	0.175976711	-0.035809809	-0.414803775	-0.051325526	0.030223975	-0.045305374	-0.081453436	0.044678147	-0.073714044	-0.081376029	0.03327488	-0.013990516	0.004527069	-0.56097497	-0.12117506	-0.209190294	0.063261961	-0.182490451	-0.382984811	-0.545054264	-0.061329038	-0.024019783
UMARY	1652	0.034296354	-0.05428949	0.31450139	-0.593791498	0.04084269	-0.217052569	0.079924548	-0.068545143	0.579206667	-0.169905195	-0.312981366	0.073022755	0.072293553	0.014573726	0.066563956	0.038375932	-0.507295948	0.301910755	0.158226769	-0.149996295	-0.033826635	-0.588328705	0.109833704	0.245858382	-0.031457262
UMARY	1668	-0.0082072	0.127643378	0.17967476	-0.014004403	0.154051969	-0.316779854	-0.003249582	0.085636629	0.280092079	-0.061920726	-0.157260034	-0.006907528	-0.051090464	0.175994518	0.092700901	0.147008653	-0.162681763	0.234242978	-0.096073438	0.058587432	-0.135061312	-0.013613375	0.146142975	0.106179429	0.05535339
UMARY	1710	-0.064323262	0.057846309	0.102966776	0.34464901	0.020397692	-0.36256152	-0.033650054	0.023498501	-0.033118018	-0.177625851	0.005038067	-0.098631751	-0.048625123	-0.225489798	-0.05941267	0.032266671	-0.153361702	0.080210269	-0.182544388	0.097706627	-0.120762041	-0.131952718	0.565568547	-0.287887336	0.033293343
UMARY	1712	0.105850096	0.093205375	-0.003702996	-0.145448447	-0.047200892	0.507127896	0.113737066	0.127375394	0.132619829	-0.164520084	-0.045972129	0.054667055	-0.246882981	-0.042590275	0.070573959	0.147652756	0.140435554	-0.006762913	-0.11287011	-0.041167243	-0.412921251	-0.112592888	0.243394906	-0.207185024	0.057523687
UMARY	1713	-0.046218552	-0.041468607	-0.169048244	0.090967006	-0.020727286	-0.448035477	-0.076352523	-0.02440762	-0.310580912	-0.159520281	-0.10467665	-0.109518157	-0.198805577	0.040409713	0.003298633	-0.058559097	0.166796907	-0.031770242	0.393799069	0.010403403	0.222726093	0.090032263	0.023461696	-0.055474433	-0.013298745
UMARY	1715	-0.004154403	0.045816092	-0.005589843	-0.278394329	-0.097285372	-0.326331989	0.110793261	0.044854073	-0.074623378	-0.001500694	0.089274474	0.012621986	-0.194312305	0.131320794	-0.028446098	0.032805241	0.18820903	0.233255377	-0.187126352	-0.208061571	-0.304949374	0.01496496	0.345586501	-0.254384305	-0.019254621
UMARY	1792	0.02852322	-0.05764293	0.024071259	0.19031281	-0.035164446	0.914305296	0.04628778	0.007799749	0.102969389	-0.172594011	0.282654292	-0.071586743	0.069758054	-0.35460506	-0.006182862	0.053971525	-0.063170622	-0.038389997	-0.074264125	0.061873124	0.072152176	0.276090777	-0.173630315	0.324357375	0.081422432
UMARY	1795	-0.009940874	0.030142487	-0.10966792	-0.016886652	-0.018427365	-0.404240329	-0.041123203	-0.019013524	0.065234694	-0.125798177	0.021037473	0.097149293	0.066555885	-0.055876246	-0.005337548	-0.003629552	0.060916967	0.015618941	0.017594789	0.270560625	0.113731172	0.255855744	-0.030593154	-0.062168148	0.001372193
UMARY	1797	-0.027600036	-0.024337242	-0.028902394	0.126839202	-0.085746962	0.660069313	0.085912608	-0.00199498	0.101158699	-0.350387107	-0.066219428	-0.081822316	-0.094238102	-0.094413606	-0.064408502	-0.045136816	-0.123469617	0.094935892	-0.023605529	-0.032781837	0.097527132	0.041939896	-0.202975304	0.2286939	-0.130296467
UMARY	1825	-0.144870368	-0.098119597	-0.088174048	0.250674732	-0.050772266	0.328419781	-0.047929391	-0.085719187	-0.204432138	0.203759255	0.231914255	-0.089586449	-0.09246911	-0.068114846	-0.035654353	-0.029974449	0.174383024	0.125159874	-0.077497178	-0.113262626	0.036390286	0.056343138	0.017753441	-0.00527838	0.008748994
UMARY	1827	0.035492384	-0.062631064	0.080137364	0.075794037	-0.034597611	-0.237320705	-0.086906776	-0.02178126	-0.044007002	-0.119377982	0.498558321	-0.127384752	0.016015601	-0.294433752	-0.006412636	-0.071086807	-0.237108762	-0.290017938	0.092749147	0.133803923	0.364529015	0.128787732	-0.218719171	0.093588948	0.040059889
UMARY	1830	0.136578558	0.194532368	0.189282035	-0.194496863	0.084251739	-0.065401724	0.117017736	0.190557294	0.280162005	0.331391087	-0.207553316	-0.067538717	-0.022410303	0.080233642	0.165470525	0.153809548	0.378464114	0.103197082	-0.222254463	-0.052495787	0.141535373	0.275980553	-0.402979858	-0.173288068	0.074552614
UMARY	1846	0.036818216	0.11862982	-0.165542942	0.146236985	-0.053020727	1.054765471	0.000392366	-0.02968202	0.354547717	-0.143167556	0.041945156	0.476053355	-0.324213748	0.289832082	-0.089862492	-0.011585212	0.324874685	-0.003800334	-0.292375492	0.206987487	-0.035036832	0.063302348	-0.033645609	0.256402701	-0.022646535
UMARY	1847	-0.07594953	-0.039303919	0.022394266	0.099290192	-0.005870589	-0.458169907	-0.073628329	0.076087514	-0.130334765	-0.155891581	-0.030571249	-0.001099522	-0.083888363	-0.074313032	0.052872725	0.046890484	0.388517198	-0.086016343	0.435324394	0.057071566	-0.022619574	0.252776807	0.359024842	-0.216469878	-0.016493334
UMARY	1849	0.094373769	0.02330556	0.190190587	-0.221759718	0.100453653	-0.136508586	-0.044508754	-0.022484089	-0.09055694	0.01731559	0.157695738	0.095193748	-0.082636015	-0.278382459	0.006621037	0.015242722	0.090799726	-0.192442147	0.182510873	0.27419085	0.132526909	0.214861898	-0.573561588	-0.145874011	-0.007000475
UMARY	1862	0.06773729	0.041866133	-0.049904235	0.148421395	0.019517481	-0.129989708	0.047289499	0.039248062	0.056651105	-0.302104609	0.314378308	0.204865114	-0.069027668	-0.227510011	0.065202987	0.079632962	-0.197519018	-0.210066071	-0.317181537	0.076143051	0.113386368	0.218280012	-0.14799268	0.110474397	0.105249055
UMARY	1865	0.016111699	0.079225346	-0.152449581	0.003669728	-0.01114209	-0.693803493	-0.005611198	-0.042833963	0.194580194	-0.17106281	-0.106412639	0.050581844	-0.29266607	0.269698249	0.042412812	0.037815902	-0.432915614	-0.046154456	-0.059958966	0.061437092	0.071608043	-0.153225914	-0.054661559	-0.057422133	-0.019568913
UMARY	1866	-0.154410667	-0.072696004	0.147389079	0.103016587	-0.111493553	-0.244000348	-0.122881598	-0.110200113	0.069667109	-0.191168026	-0.03858933	-0.249613287	-0.124828917	-0.083504517	-0.104241219	-0.151564529	-0.050381134	-0.003046798	0.168444139	0.136596227	0.06407435	0.060540586	0.051327991	-0.051548117	-0.214251451
UMARY	1867	0.014214627	-0.060367562	-0.106887825	0.282142033	0.027453064	-0.498391446	-0.059644539	-0.0652908	-0.053754916	0.228260129	0.178836482	-0.16165479	-0.087782717	0.05068087	-0.033568051	-0.017341663	-0.461745053	-0.099283311	-0.250284714	-0.024383078	0.15636755	-0.395093648	-0.383454103	0.018807684	0.061730681
UMARY	1902	0.024126495	0.036939035	0.027998251	0.217276639	0.057717557	0.614489163	0.050692244	0.028732291	0.206828347	-0.212333193	-0.023834413	-0.080952575	-0.163517517	0.010401336	-0.071536424	0.056443545	-0.58796157	0.07087906	-0.145867907	0.052556651	0.043019232	-0.342966162	-0.191319554	0.010341007	0.065676629
UMARY	1903	0.02484551	0.087662812	-0.25576355	0.398543739	0.083161633	-0.477419094	0.039179842	0.051044297	-0.33044868	-0.084041529	0.192864987	-0.119034023	-0.188983585	-0.050044737	0.076840061	0.13584352	-0.542725073	0.072121731	-0.241602516	0.079183185	-0.053633546	-0.163458468	-0.039064996	-0.059528865	0.151603673
UMARY	1907	-0.181489099	-0.114091516	0.097423506	0.074741068	-0.111307027	-0.556695829	-0.154982909	-0.070845518	-0.092379081	0.056345617	0.026251464	0.035743224	-0.122841873	0.301912086	-0.114093235	-0.116091855	-0.232180568	-0.07703663	-0.311594323	-0.140490668	0.240646085	-0.184330818	0.174611587	-0.145803013	-0.112818234
UMARY	1917	-0.088132381	-0.160873097	0.001872459	0.066861285	0.080816947	-0.344482668	-0.013839805	-0.060469373	-0.458284721	-0.333888175	0.261651447	0.147914286	-0.058967737	-0.24138567	0.02118698	-0.044734462	-0.909142133	-0.090849967	-0.042620115	0.182697191	0.121262584	0.091951053	-0.223475383	-0.251354177	0.033902047
UMARY	1935	-0.099790706	-0.132335022	-0.183546451	-0.164948959	-0.067827584	0.941018096	-0.062882866	-0.169238942	0.166508105	0.545578164	0.003330477	-0.068626669	-0.19669963	0.353590349	-0.153088128	-0.139197721	0.459793395	-0.200432089	0.196587876	-0.255497087	0.085788437	0.297478622	0.183469187	-0.175350184	-0.197309991
UMARY	1936	-0.037989236	-0.028779423	-0.018720418	-0.159495758	0.030942258	-0.40546479	-0.102702539	-0.072045429	-0.221560182	-0.106373132	0.2148198	-0.038550877	-0.130322079	-0.225229868	-0.020843925	0.040967658	0.655416112	-0.128261399	0.10113664	0.037846152	0.329749508	-0.134221246	0.848598556	-0.218318369	0.092731689
UMARY	1939	0.570799944	1.007418778	-0.204734859	-0.038685212	-0.627752055	0.028304546	0.391578078	0.291539456	-0.651700027	-0.620363941	-1.029133533	0.780904748	0.50360303	0.557389737	-0.235396866	-0.288660122	1.400836326	0.630126356	-0.812580367	-0.192882707	-1.333505927	-0.142126646	0.919228615	-0.919735619	-0.346220611
UMARY	1940	-0.048250042	-0.114730713	0.237289661	-0.119612094	0.001816731	0.912517489	-0.116177855	0.045271568	-0.076493545	-0.099443552	-0.005492624	0.18637165	0.197853502	-0.275686331	-0.007626862	0.038835438	-0.679225387	0.062391175	-0.119609519	0.091769316	0.002453307	-0.136442514	-0.045890638	0.198771938	0.100350392
UMARY	4263	0.104788013	0.026389667	-0.3641005	-0.131741192	0.24890586	-0.448964265	-0.019523912	0.052288311	0.216162439	-0.471680637	-0.126429476	0.126039742	-0.069312892	0.218280412	0.06343473	0.061375409	-0.686111439	0.029460663	-0.472904503	0.066671856	-0.099834449	-0.081309596	0.021436397	-0.608721174	-0.105580782
UMARY	4540	-0.171851119	0.071859627	-0.187909595	0.182143065	-0.080990572	-0.186089727	0.058421846	-0.079554954	-0.397608063	0.349734031	-0.229958449	-0.30157554	-0.376030796	0.624216175	-0.160267658	-0.054134931	0.637854885	0.037879233	-0.34257126	-0.314139662	-0.268679345	0.004474228	0.254597965	-0.557034716	-0.133394719
UMARY	4542	-0.031288486	-0.151017359	-0.030741135	-0.142834077	0.022034906	-0.136735437	0.008801919	0.029587176	-0.261484177	0.268934882	0.043296709	-0.143860988	0.093078893	-0.141951766	0.035264953	-0.016369856	-0.199165342	0.089413715	0.096998956	-0.081987189	-0.073747599	0.000799378	-0.019845447	-0.219917913	-0.032060641
UMARY	4543	-0.105033434	-0.142650245	0.03203669	-0.025432505	0.047400516	-0.276725817	-0.033743728	-0.036363674	-0.236127967	-0.08313521	0.124647296	0.000370911	-0.258027624	-0.228364392	-0.015695748	-0.093330884	0.236302413	0.067075911	0.600163987	-0.038906182	-0.000103172	-0.043901283	0.008133134	-0.261940936	-0.003183139
UMARY	4549	-0.018082895	0.005431203	0.105818175	0.089699894	0.054688995	-0.582554164	0.093322733	0.111200404	0.074297112	0.189822421	0.317442853	-0.463843132	-0.097804083	-0.160981598	-0.059688358	-0.02388057	-0.512072932	0.035334487	0.459284028	0.026556454	0.154662375	-0.401994529	-0.121950817	0.631609953	0.103255279
UMARY	4590	0.064394304	0.011354132	-0.09563282	0.005276015	-0.019233693	-0.259003027	-0.22695083	-0.225293793	0.13364444	-0.178028383	-0.189468844	0.030438558	0.774904199	-0.424230759	-0.014979493	-0.153901738	-0.029666279	-0.192290266	0.150072969	0.30476601	0.368669237	0.080677979	-0.367058955	0.123009893	-0.072551702
UMARY	4593	0.004007314	0.021979424	0.100918115	-0.290594262	-0.024834523	0.649945303	-0.045786124	0.038846809	-0.067538288	0.096505417	-0.187731279	-0.074168434	-0.093070688	-0.199464653	0.084123892	0.012686474	-0.180493308	-0.013978627	0.24507915	0.022559097	-0.182552982	-0.009868734	-0.231793233	-0.004874135	-0.111694336
UMARY	4598	-0.038397212	-0.02735751	-0.086662827	0.015666825	0.028424118	-0.671605619	-0.037072958	-0.099527388	-0.182631881	-0.004325102	0.240063622	-0.243600296	-0.177112768	-0.057961317	-0.035653953	-0.077290104	-0.319777211	0.12485682	0.081009123	-0.027704008	0.204754024	0.007383111	-0.158977394	0.037977989	-0.032924333
UMARY	4636	-0.074351588	-0.121633265	-0.066839613	-0.195506161	-0.100703883	0.689152353	-0.084669342	-0.04953919	-0.27629484	0.142750501	0.291755506	-0.12034073	-0.0039781	0.006889297	-0.103357753	-0.029251697	0.117053487	0.045024765	0.19198851	-0.099613037	0.089576034	-0.013885617	0.126884688	0.060713311	-0.02159142
UMARY	4640	0.002489618	-0.082426487	0.142215785	0.087292932	-0.248150195	0.861233053	-0.091858522	-0.07265751	0.005896555	0.162184263	-0.037997019	-0.067358658	-0.09226671	-0.287504153	-0.071360008	-0.090352964	0.303897159	0.113134536	0.201337712	-0.061798366	-0.110684142	0.013130719	-0.06182747	-0.138880601	-0.031095793
UMARY	4725	-0.056663075	0.01928968	-0.113319296	0.182496366	-0.112819618	-0.230888887	-0.065514952	-0.132501236	-0.225861951	0.118750198	0.122814372	-0.235630596	-0.044553402	0.00099232	-0.079341996	0.006323506	0.142934997	0.016480582	0.059103817	-0.017453106	0.021439417	-0.053194895	-0.02611412	-0.074312881	-0.022011604
UMARY	4726	0.076167339	-0.072742842	-0.05043151	-0.059430969	0.06206694	0.870471513	0.03111203	0.058977132	-0.043777194	0.12134768	0.279635338	-0.149402333	0.03724402	-0.359740178	-0.007939572	-0.004134086	0.013555536	-0.020404668	0.023951476	0.041297732	0.161055928	0.259277893	0.01906752	0.30497772	0.106565009
UMARY	4727	0.04253656	-0.050579653	-0.260350846	0.023490768	0.121243731	0.839198686	-0.036529095	0.094252833	-0.134359961	0.518025213	-0.139158281	-0.206249697	0.042396487	0.581833244	0.062075807	0.092229245	0.897343016	-0.064693053	-0.308659758	-0.458128515	-0.268598873	0.498183689	0.475095819	-0.213220828	-0.00027894
UMARY	4729	0.201221561	0.23442645	0.077504388	-0.15462155	-0.022812372	-0.46887605	0.111184009	0.056477268	-0.061064616	-0.028739255	-0.342669538	0.500033597	-0.025930727	0.26801751	-0.032508953	-0.008418963	0.091720711	0.030254979	-0.180950171	0.238966082	-0.159322038	-0.09213482	0.311828703	-0.214192398	-0.073424131
UMARY	4782	0.009498134	-0.102437717	-0.237896461	-0.219388199	-0.117182475	-0.39883179	-0.070022831	-0.088826244	-0.015379713	0.061971276	-0.001273959	-0.094553663	0.061111988	-0.288679659	-0.083533505	-0.163994235	0.238545224	-0.267609114	0.262236595	0.020376775	0.183166258	0.004669231	0.433533418	0.108108093	-0.057883984
UMARY	4786	0.002973542	0.058831128	-0.055392565	0.118898123	0.016072801	-0.563547013	0.055518537	0.024905635	0.039639789	0.173091267	0.115171526	0.024019763	-0.010472927	-0.01429273	0.063489839	0.056014373	-0.082302626	0.008228673	-0.063210228	0.058261674	0.092642364	-0.089918331	-0.07327528	-0.023705178	0.009419027
UMARY	4788	-0.126511498	-0.103292509	0.017901817	-0.299377733	-0.281042183	0.543853055	0.284961653	-0.085004083	-0.298062612	-0.026649776	-0.375367283	1.266025734	0.245576579	0.862118005	-0.180343157	-0.08917668	1.236780978	0.142060837	-0.213470587	-0.079474802	-0.625268689	0.146309119	1.390276885	0.643625879	-0.243104138
UMARY	4789	0.087549956	0.126324862	0.070038551	0.094912075	0.115457432	0.268407972	-0.025519802	0.152917216	-0.454337137	0.016194531	-0.309398534	0.300243061	0.544152724	-0.276342463	0.147393152	0.191975929	1.512679928	-0.020536593	-0.586947307	-0.286384989	-0.696595904	0.159590999	1.571177043	-0.867725509	0.108649376
UMARY	4841	-0.062286266	-0.040670054	0.075868228	0.140185932	-0.059405896	-0.374105275	-0.032272421	-0.014839367	-0.200562449	-0.27927604	-0.024731102	0.145140955	0.014320006	0.433071254	-0.010922934	0.034822523	-0.376606858	0.096828802	-0.337720592	-0.138356886	-0.072493413	-0.306349756	-0.251310985	-0.328299604	-0.002204873
UMARY	4842	-0.069875972	0.159342443	0.482634969	-0.311363878	0.051954515	-0.56535149	0.120730778	0.062582809	0.580720228	-0.194209479	-0.341977325	0.225107098	-0.078556361	0.500330738	0.088683851	-0.046214118	-0.195003712	0.222857462	0.254321079	0.214152726	-0.283729914	-0.131722321	0.031665648	0.368450463	-0.081026685
UMARY	4903	0.03024989	0.043626966	0.101805553	0.040834434	0.082526496	-0.348617771	0.046016415	0.037623608	0.12203349	0.216890093	0.030668491	-0.32848817	0.252910796	-0.042580882	-0.003559744	-0.069823905	-0.157036985	-0.114037018	-0.166141897	-0.012623873	-0.15655639	0.050218471	0.309328717	0.3352084	-0.02126411
UMARY	4915	-0.073933409	0.159381529	-0.134519063	-0.037494287	0.035098335	0.668148743	0.069229646	0.091378693	-0.017290611	-0.085216194	-0.209928489	-0.006061483	-0.155169046	0.2957528	0.010793431	0.105819278	-0.533182778	0.242147783	-0.010535073	-0.037622697	-0.153431954	-0.38935862	-0.47624072	-0.020768989	0.166985863
UMARY	4916	-0.115922754	-0.059702887	-0.087052906	0.309621002	0.011869911	1.525913312	-0.074162664	-0.09762992	-0.06910362	-0.498271381	0.087189883	0.01118488	-0.011251727	-0.067238987	0.006760468	-0.035309056	-0.606765221	0.061711752	-0.295494139	0.020298559	0.157348793	-0.268002209	-0.493690742	-0.064539188	0.003413634
UMARY	4924	0.240178353	0.231298627	-0.189075844	0.090659195	0.105907103	-0.333201252	0.190710937	0.204679067	-0.197451412	-0.238279297	-0.335926599	0.159465742	0.096762399	-0.032033928	0.152709192	0.201852686	0.41894203	0.040352163	0.048358104	0.221233991	-0.007779754	0.106282272	0.05833406	0.120553844	0.123701264
UMARY	5024	-0.002977533	0.005691128	0.196741601	-0.126660535	0.153067581	-0.78096046	0.049658211	-0.011175198	0.398968328	-0.152370401	0.165529408	0.697744209	-0.084919526	-0.248215586	-0.005169669	0.03664837	-0.103135892	-0.132810686	-0.03771265	0.150492937	0.125940675	0.050282252	-0.280468439	-0.189220058	0.042480731
UMARY	5028	-0.039947485	-0.01874074	0.249170351	-0.046436081	0.066441877	0.966225026	-0.022886264	-0.026018248	-0.244031898	-0.242289124	-0.103529047	-0.256090527	-0.067169929	-0.22024037	-0.055857304	-0.042612451	-0.120694428	-0.038143973	0.447929795	0.263370491	0.353979819	0.073221348	-0.439102228	0.16382306	-0.044169541
UMARY	5078	-0.078499803	-0.18342728	0.042666454	0.182950848	-0.096776234	0.794632177	-0.069065457	-0.164233036	0.069700978	0.158292359	0.189495268	-0.269911332	-0.027963174	0.034837722	-0.093955296	-0.075733516	0.39271472	0.01397774	0.01602547	-0.117804816	0.155312463	0.020424771	-0.08462413	-0.036880966	-0.045841014
UMARY	5079	-0.030887837	-0.103174946	-0.020872888	-0.063331653	0.024814496	-0.447061918	-0.002389101	-0.048491998	-0.086574917	0.369215999	0.040752717	-0.219601388	-0.013007823	0.277496405	-0.025377468	-0.011186159	0.734084241	0.041001793	-0.10984219	-0.186473838	0.058158662	0.067677877	0.235488366	-0.189085102	0.005097651
UMARY	5081	-0.059876311	-0.186168337	0.003252908	0.339072733	-0.00012272	-0.463255249	-0.057731794	-0.055012527	-0.035785856	-0.293662462	0.045006313	-0.142721289	0.062739496	-0.316131479	-0.06290871	-0.016531684	-0.151664045	-0.086641938	0.150651515	0.062335842	0.170407194	0.083690298	0.297479345	-0.057748654	-0.057634904
UMARY	5086	0.057029938	0.06579105	-0.107681106	0.002311205	0.034330742	-0.383366944	-0.044965121	0.07990408	0.37115612	-0.260133633	0.033539748	0.001863196	0.200145598	-0.17449993	0.040345017	-0.021429333	-0.473267944	-0.309424551	-0.039730577	0.05833289	-0.032920473	0.175145815	-0.212881604	0.110802532	0.040364954
UMARY	5087	0.075148457	0.014780149	0.167335359	-0.303422852	0.067376374	-0.468757382	0.018526164	0.101477368	0.278611436	0.241032841	-0.026688138	0.219517416	-0.000288309	-0.22397717	0.123660633	0.060853662	0.169372966	0.067667355	0.157519452	-0.08787742	-0.058912819	0.046943034	0.18286173	0.076551938	0.04280998
