FID	IID	1	2	3	4	5	6	7	8	9	10	11	12	13	14	15	16	17	18	19	20	21	22	23	24	25
BLSA	745	-0.25787138	0.408956819	0.273113843	0.185675871	0.367988345	-0.221375624	-0.188340307	-0.539144903	-0.116249185	0.508904334	-0.459083176	-1.503310758	0.16651812	-0.187264368	0.52166675	0.522787244	0.322694806	0.723660634	0.278507912	-0.287825387	-0.693576035	0.254907799	0.215588166	0.096640379	-0.454794566
BLSA	827	-0.005481569	0.015260598	0.517728188	-0.75294977	0.113368503	-0.182689328	-0.092291546	-0.110792265	0.060173313	-0.168875815	-0.463691056	-0.841829554	0.248106231	0.088449922	0.235771147	0.596897342	-0.333084736	0.211331673	0.600205074	0.14025048	-0.213730017	-0.015436925	0.442959178	-0.410091359	-0.220498998
BLSA	1556	0.211962676	0.050078011	0.032398487	0.567784917	-0.140206874	0.042507826	0.231180661	0.01328377	-0.081935505	0.048324946	0.681159347	0.091910299	-0.037691666	0.123219454	-0.035111071	-0.104507799	0.143394708	0.071796413	0.093461559	-0.128581526	0.10717189	0.464266832	0.159766653	-0.338612864	-0.008846668
BLSA	1579	0.008365659	-0.320649211	-0.219699121	0.575082598	-0.298532176	-0.098112636	-0.155878692	0.005523299	-0.206603183	-0.268945603	1.413240946	0.49965277	-0.157461912	-0.123991348	-0.232917287	-0.196559743	-0.133746495	-0.014270809	-0.118348589	0.145298478	0.305522401	-0.031352359	-0.244199419	-0.310092839	-0.196414163
BLSA	1595	-0.231027159	1.123696688	0.783277972	-0.881657363	0.240608055	-1.661947325	-0.017906017	-0.141035886	-0.468894285	-0.54800415	0.971822668	-0.419641227	-0.319186878	-0.159015141	0.402276433	0.118295844	0.544317619	-0.246826936	0.335800612	-0.121194673	-0.52928571	-2.173923313	0.505909489	-0.338374608	-0.945009496
BLSA	1603	-0.124737091	-0.079292894	-0.096132565	-0.331999867	-0.06748922	0.023340334	0.325905744	-0.207463793	0.121418612	-0.196077349	-0.805426621	0.098323997	-0.021796575	0.090951285	-0.175200177	-0.153474713	0.003840769	-0.12558736	-0.396419356	0.022839904	-0.283281345	0.153016917	-0.016761094	0.405625066	0.411127995
BLSA	1640	0.276586633	-0.019625868	0.168427509	0.599797412	0.003627205	0.277180151	-0.248404346	0.243483198	0.06583387	-0.160432298	0.485176203	0.40193234	0.026267606	0.029660112	0.037093791	-0.047502433	-0.050206801	-0.187737622	-0.187155353	-0.162267181	0.195813731	-0.021100186	0.020214559	-0.17603575	0.089506912
BLSA	1775	-0.202428192	0.007420906	0.019033027	-1.099788608	0.024597279	-0.287137764	-0.161386025	-0.257843466	-0.368909221	-0.261507662	-1.049754134	-0.315792446	-0.158851826	-0.024587625	0.099950788	0.111400266	-0.224338953	-0.230563373	0.593481381	-0.139586846	-0.422068345	-0.2022821	-0.193352108	-0.277064224	-0.522735288
BLSA	1802	-0.12549033	-0.12955094	-0.307846611	-0.231684204	-0.081592598	0.368073907	-0.072826925	0.036436568	0.163292669	0.052140406	-0.442989865	0.070594086	-0.061479989	0.006170233	-0.160706307	-0.069398127	-0.027507414	-0.008952773	-0.288800494	0.059577573	0.066059591	0.260482889	-0.052148872	0.194775991	0.36295145
BLSA	1805	0.05191899	-0.186189832	-0.287446428	0.182238655	-0.032293971	-0.058014906	0.426332766	0.12689362	0.226411352	-0.04623679	-0.278012335	0.166360038	-0.043484207	-0.050426779	-0.212717237	-0.131239843	-0.087168299	-0.024004563	-0.528618198	0.496998545	0.010392729	0.01257199	-0.116071052	0.34531265	0.131335909
BLSA	1838	-0.119096382	-0.162207884	-0.075020427	0.404824501	0.008595696	0.052664993	-0.041090613	0.06495689	-0.018122239	-0.100679104	-0.254477722	-0.116910351	0.083517345	-0.051644082	0.05091739	-0.060684392	-0.146461933	0.075041916	-0.260038866	0.183369758	-0.116134924	0.062499073	0.011376748	0.004764135	0.198055561
BLSA	1839	-0.152425267	-0.335379762	-0.198861447	-0.621552213	-0.113506535	0.458067218	0.160622606	-0.162975399	0.097543494	0.057631471	-0.220213098	-0.143675566	0.045139095	-0.212121743	-0.112568423	-0.131023268	0.053619169	0.127215549	-0.056225721	0.058284349	-0.355394359	0.352682405	-0.231700708	0.374531291	0.040167145
BLSA	1840	0.087229353	-0.197577062	-0.260343376	-0.563297962	0.011647377	0.489448568	0.019728841	-0.107703824	0.109826692	0.142811659	0.215006923	0.096935452	-0.071083074	0.030275197	-0.209468784	-0.128476257	0.138614089	-0.127283172	-0.030781825	-0.07528937	-0.061190701	0.204591715	-0.157948909	0.011222425	0.063237396
BLSA	1883	-0.038327107	-0.104988289	-0.189246619	-0.09308228	-0.056559035	-0.10304862	-0.027623284	-0.057878513	-0.079045315	-0.029160203	-0.403665798	-0.007907999	-0.043524121	-0.021444329	-0.049601141	0.15623349	-0.038278935	-0.00451882	-0.003949184	-0.177171824	-0.032390777	-0.145861553	-0.220566942	-0.038137397	0.062067041
BLSA	1889	0.0010271	-0.231924948	-0.196284762	-0.222411994	0.01566367	0.104794983	-0.019179556	-0.171932456	0.252232157	0.19478715	-0.831031007	0.257481992	0.071001715	0.052204789	-0.106890777	-0.145769208	-0.087430004	0.084579375	-0.14657171	-0.058039021	0.175722184	0.277561841	-0.214733565	0.238612061	0.058840248
BLSA	1924	-0.017258444	-0.038589043	-0.029767235	-0.048108336	0.061367709	-0.13210184	-0.157449447	-0.055212798	-0.094916574	-0.05680976	0.23098164	-0.366865081	-0.162180817	-0.136277997	-0.22956739	0.026864923	-0.04067054	0.124222664	-0.223938444	-0.078302919	-0.050385201	-0.090740638	0.038278009	0.170239495	0.161986346
BLSA	1961	0.089441074	-0.006273667	-0.076303269	-0.026455895	-0.05994485	0.35035198	0.243064659	0.063046807	0.240636978	0.111450573	0.20649476	0.262142305	0.130042491	0.216275118	-0.125360848	-0.046914062	0.12045719	-0.171728309	-0.258440285	0.062225818	0.231903348	0.274981158	0.159230447	0.21016768	0.224039487
BLSA	2000	0.305728073	-0.126947111	-0.058057094	0.505689642	-0.110772068	0.250685851	0.38991873	0.603262363	-0.035161346	-0.031305	0.313957957	0.74386753	0.025658976	0.083216357	-0.122595836	-0.226416783	-0.127857883	-0.011662777	0.050118381	0.294651102	0.597707257	0.224432354	-0.112847642	0.050554199	0.085325243
BLSA	2020	0.027019466	0.12692988	0.108437647	0.895161411	0.079178429	-0.276245275	-0.281562701	0.057564225	-0.1747287	0.007516978	0.348905533	-0.133622416	0.074632254	-0.010155095	0.160772021	0.037649096	-0.186511783	0.087364491	-0.006437466	-0.041573856	0.3163879	-0.0655789	-0.07023189	-0.123654606	-0.193515147
BLSA	2037	0.189947588	-0.169854173	0.130410009	0.15943012	0.032856094	0.054420304	0.0020062	0.145020577	0.080487498	0.145654581	-0.072720521	0.373521825	0.110169037	0.136276217	0.0189928	-0.114689212	-0.035376817	-0.116377174	0.258008988	0.035773052	0.452149495	0.059243653	0.038621872	-0.264898305	0.35695638
BLSA	2066	0.064540881	-0.033757827	-0.114569645	0.111490383	-0.024571071	0.016428653	-0.223925627	-0.175518246	-0.002527049	-0.029654971	-0.109149857	-0.048033011	-0.036085077	-0.047412462	-0.109553183	-0.132631023	0.05742884	-0.179940748	-0.216101272	-0.164307841	-0.273261409	0.007582801	-0.152988626	0.187917316	0.099079356
BLSA	2069	-0.025659736	0.006368647	-0.041612314	0.881684932	0.058146451	0.441258549	-0.025044569	0.152332773	0.177346116	0.404466633	0.194365976	0.450830765	0.020995191	0.1182569	0.056758531	0.089831086	0.009758263	-0.07814419	-0.070679088	0.030024851	0.318339075	0.546700781	0.093155088	0.186493416	0.39814687
BLSA	2093	0.045435848	-0.165795746	-0.240361647	-0.514295118	-0.109365197	0.042253859	0.03519781	-0.01146129	-0.101273785	-0.020583564	-0.525632903	0.597690414	-0.216211984	-0.143158166	-0.207781986	-0.012215921	-0.028229112	0.079799216	0.203888326	-0.056154295	0.124559517	-0.171701782	-0.133367259	-0.021461294	0.138576967
BLSA	2102	-0.059400685	0.569892711	0.358725878	0.318423167	0.077188784	0.049196141	-0.121048362	0.487158747	0.15316364	0.244583537	0.854736142	-0.213655405	0.326990066	0.192543551	0.505840795	0.041543493	0.152744252	-0.057413304	0.379033618	-0.03899917	0.128969705	-0.23754445	0.231817876	-0.178432858	-0.339585979
JHU	384	-0.103610258	-0.151515121	-0.121200228	-0.253429144	0.014400538	0.255007281	0.100145245	-0.302616553	-0.005916003	0.01643696	-0.443590642	-0.093927943	-0.171637741	-0.100508684	-0.200534054	-0.062832815	-0.02854826	0.009049973	-0.178541366	-0.219705885	-0.379083681	-0.127413854	-0.146960058	0.082125362	-0.023512287
JHU	705	-0.153702968	-0.053693391	-0.199740911	-0.509931239	0.095144539	0.174016053	0.319685094	-0.379471914	-0.201380802	0.126206418	-0.58872713	-0.017058352	-0.192542546	0.004428233	-0.351113324	-0.193598075	-0.011431406	0.086199534	-0.35587601	-0.259720602	-0.239730509	-0.178390649	-0.08412305	0.337294931	0.058428697
JHU	710	0.103256092	-0.043575271	0.073879563	-0.355562947	0.100204749	0.218513236	-0.105438463	-0.202506066	0.045545985	0.028738585	-0.362825417	0.202067589	-0.021110212	-0.091353256	-0.001793835	0.008023126	0.035147617	0.065884583	0.188564808	-0.231552877	-0.11945356	-0.010862017	0.127617327	-0.002811445	-0.117549414
JHU	712	0.248162747	-0.035473915	0.127020835	-0.884231621	0.044501573	0.259789853	0.120649783	-0.124416338	0.072754764	0.107556056	0.184645398	-0.046593511	-0.029017282	-0.038169406	-0.065962081	0.104001948	0.01501201	0.193846565	0.072888677	-0.225957931	-0.366672007	0.112337817	0.013849645	0.05332809	-0.31002392
JHU	713	-0.461151645	0.087897886	0.309066333	0.999990223	0.068380082	-0.952197004	-0.549049413	-0.051267968	-0.436659304	-0.205705047	0.025487204	-0.770551623	0.146202855	-0.243245413	0.499896432	0.399816612	-0.37337375	0.479549888	0.211271685	0.296945949	-0.09400061	0.031751039	0.258187619	-0.251922563	-0.182885689
JHU	719	0.109545681	-0.069195287	0.038807803	0.512292989	-0.007461794	0.372049891	0.51318403	0.366375114	0.180456442	-0.002406238	0.404900084	0.476174705	0.031866035	0.132495462	-0.100990815	-0.152949202	0.152078735	-0.134943103	-0.158848555	0.467991729	0.662435709	0.212043985	-0.056716987	0.361381862	0.049807956
JHU	993	0.006434937	0.319094371	-0.117880083	-0.183187911	-0.225211268	-0.658258612	-0.830834657	0.099899394	-0.17161439	-0.030303224	0.438677838	-0.195132102	0.3728675	0.262432625	0.303444284	0.152453308	0.127237859	-0.189745335	0.18847159	-0.247892563	-0.152485414	-0.107982431	-0.172590926	-0.385747358	0.163527114
JHU	994	0.02492126	-0.093766969	-0.209890088	0.024786739	-0.085958652	0.10723789	0.223559635	0.301187467	0.35561995	-0.190055446	-0.437600955	0.403102138	-0.110646043	0.06201759	-0.136701484	-0.202520318	-0.040768265	-0.241628481	-0.20930371	0.300816405	0.374981764	0.057098619	-0.045882585	0.1170372	0.341864644
JHU	995	0.226144153	0.040227697	0.099936776	0.64927291	-0.003999768	0.22384141	0.208098744	0.292816863	0.161193359	0.149531936	0.779033621	0.0419191	-0.025982565	0.011902847	0.053754877	-0.052394585	0.124645459	-0.268213625	0.241372879	0.119075775	0.31400831	0.011417491	0.106619016	-0.310686079	0.020342899
UMARY	142	-0.119015999	0.040908771	0.077273146	-0.800247778	0.20649472	-0.207965736	-0.301827822	-0.287279947	-0.088773091	-0.021000027	0.212750558	-0.313914452	0.010103452	-0.173238919	0.051360058	0.108613131	-0.047993495	0.088706036	0.070910067	-0.304285021	-0.274377927	-0.09344071	0.169726165	-0.143891682	0.039674758
UMARY	602	0.049395768	-0.128801991	-0.146662411	0.303056161	-0.024000641	0.312131324	0.022261509	-0.034661605	-0.107477638	0.103808469	0.615134024	-0.065942872	0.070792364	-0.063260926	-0.07256853	0.029279564	0.024765321	-0.05623503	-0.018319372	-0.02390622	-0.099287184	0.223869721	-0.099281938	0.091889232	-0.073205686
UMARY	604	-0.041535317	-0.066385152	0.013063106	0.273339904	-0.052443872	0.005499352	0.231155093	0.083083796	0.015960301	-0.047682146	-0.242249093	0.143560142	0.07836234	-0.010700568	-0.031827789	0.030977472	0.061854374	0.08023524	-0.006705669	0.117776913	0.284901848	-0.001390979	0.014206608	0.141141389	-0.103849645
UMARY	813	0.067183934	0.10641949	0.053727088	0.108116022	-0.072916535	-0.068170823	-0.052299903	-0.085591213	0.014946439	0.055255985	0.128480675	-0.174705567	0.035231778	-0.039358626	0.064114981	0.017343718	0.044164112	-0.078596774	-0.021057647	-0.071045884	-0.151908162	0.00011813	0.053405021	0.136912887	-0.059915703
UMARY	819	0.004287039	0.083328714	0.058736365	0.154974194	0.091343481	-0.123935304	-0.01786336	0.041369231	0.086508241	-0.021020999	-0.092179024	-0.136022989	0.023467105	0.028081312	0.102764573	0.107080384	-0.051143893	-0.008884837	0.090399492	0.032250872	0.060416518	-0.036206132	0.049468646	0.076471616	0.154720743
UMARY	871	0.005126074	0.066170515	-0.007416226	0.043416691	0.061011091	-0.045365975	-0.07733269	-0.154041969	-0.051136455	0.004743622	0.021539947	-0.083318807	0.061653929	-0.019158014	0.099587241	-0.033370296	0.012545038	-0.078966975	-0.070531511	-0.169440977	-0.305234941	0.004986556	0.119705288	0.052102462	-0.141066618
UMARY	879	-0.049954256	0.141940072	-0.038279314	-0.370993977	0.001791039	-0.167326043	0.002728557	0.034285588	-0.037286169	-0.083584304	0.021999557	0.121702008	0.03276994	0.018331909	0.084593755	-0.097390658	-0.085735128	-0.11912999	-0.041763382	0.070156051	-0.198975125	-0.097014181	-0.019881532	0.02550841	-0.159482631
UMARY	880	0.106648966	0.129078792	0.175483057	-0.753045939	0.057288585	0.211494355	0.015835168	-0.200565237	0.065510782	0.17695278	0.470832562	-0.226211762	0.12944565	-0.000487631	0.132713947	-0.041651399	0.22257088	-0.042920213	0.003060985	-0.264404501	-0.449225719	0.059660173	0.139164735	-0.107976008	-0.290964096
UMARY	914	-0.08259084	-0.075077657	-0.019199345	-0.269818038	0.004344952	-0.037452002	0.03111706	-0.100410671	-0.038836701	-0.003965102	-0.292030612	0.023171886	-0.077306048	0.054304921	-0.035785339	0.088830464	0.039079288	0.191735992	0.006508015	-0.203339831	-0.284540404	0.025407299	-0.106391313	-0.066447987	0.269242576
UMARY	933	0.091849182	-0.228382501	-0.197094345	0.677181959	0.000780956	0.186801287	-0.050916922	0.048331756	-0.050743529	0.038325742	-0.261654565	0.061702471	0.002089561	0.044711427	-0.131986442	-0.133700659	-0.072516601	-0.097970696	-0.107075462	0.123065804	0.125700752	0.207899008	-0.216269868	0.165645757	-0.129307506
UMARY	1028	-0.197140223	-0.22774398	-0.229858255	-0.166858517	-0.079515718	-0.100653482	0.058725875	0.150507804	-0.16617423	-0.150060916	-0.373635263	0.239974675	-0.211123701	-0.029566401	-0.294103961	0.160120652	-0.129445479	0.393579725	-0.268592989	-0.016528843	0.132638299	-0.082864799	-0.246239836	-0.073172932	0.042269251
UMARY	1037	0.041300843	-0.132005583	-0.142268358	0.946581716	0.005258046	0.029046601	0.168092495	-0.003266998	-0.177991952	-0.084311101	-0.195951618	-0.100289559	-0.120763695	0.041846104	-0.183010031	0.297518242	-0.031828509	0.205905539	-0.087607294	0.312099794	0.112616035	-0.111434749	-0.089083851	-0.043903908	-0.220327127
UMARY	1064	0.107238518	-0.113455017	-0.156907508	0.46398766	0.102706156	0.180298793	-0.00371136	0.098287407	0.108812409	0.162351639	-0.022116813	0.210346053	0.188968198	-0.036676965	-0.012340222	-0.117105614	0.032139599	0.042660211	-0.093568286	-0.006812571	-0.063659966	0.336172868	-0.166829708	0.173295867	0.295629668
UMARY	1065	0.070310272	0.15162681	-0.044634754	-0.261995803	-0.121793899	0.348760922	0.089860739	-0.111915385	0.210880098	0.13601406	-0.342866851	0.255314289	0.204763976	0.081487459	0.077464313	-0.152000301	-0.089489873	-0.290659945	0.069136251	-0.296905611	-0.082378334	0.363764993	0.138040531	0.021518288	0.236771704
UMARY	1076	0.000614458	0.196988209	0.01071738	0.167619602	-0.013696276	0.00918046	0.056521035	-0.085074432	-0.009787162	0.028968769	-0.127926908	-0.090583364	0.080019823	0.015999462	0.092144911	0.063517792	0.108944794	-0.028428249	-0.012486336	-0.03897563	0.079592683	0.049857526	0.01428591	-0.051178281	0.061792445
UMARY	1078	0.1154169	-0.215315856	0.016360568	-0.428620391	0.027200501	0.446570525	-0.059359495	-0.077294228	-0.071964527	-0.036714547	0.067867784	0.385356476	-0.079339982	-0.028480377	-0.224183566	0.046353092	-0.101362421	0.079767697	-0.060177192	-0.371868634	0.281182055	0.171325271	-0.079585926	0.045112937	0.520358226
UMARY	1079	0.042066038	-0.131737638	-0.184892327	-0.275096522	-0.110927536	-0.170318208	-0.100016109	0.194231183	-0.222460536	-0.17138939	-0.182482004	0.118622906	-0.230534564	0.023560864	-0.15480349	0.01365645	-0.055534326	0.06294746	-0.041860659	0.025088313	0.060483205	-0.102663217	-0.211748837	0.036533417	-0.073793871
UMARY	1104	-0.022436069	0.001313321	-0.021531984	-0.358266734	0.033813251	-0.038691213	-0.04365281	-0.014420086	-0.106360365	-0.073875168	-0.272773491	0.061516694	-0.042261091	-0.079767425	-0.064407935	-0.008974149	0.062279301	0.194157841	0.047679695	0.037830593	-0.295568363	-0.048636057	-0.031268677	-0.077204625	0.000841634
UMARY	1105	0.039229309	0.154773602	0.167707806	0.039218485	0.006752353	-0.112595742	0.006513821	0.187215105	-0.021291629	-0.001450319	0.381700417	0.078292823	0.056874705	0.081830371	0.134063855	0.02668522	0.069856097	-0.073816524	0.139691736	-0.002618957	0.518605099	-0.082190784	0.057695721	0.002087887	0.043683467
UMARY	1114	0.12703679	0.070451472	0.040274924	-0.125558518	0.0395174	0.12193906	0.12030793	0.284607565	0.0718461	0.078771801	0.57661563	-0.088622009	0.187467199	0.0765839	0.061538451	0.024421063	0.093256702	0.039780326	-0.079779375	0.022879354	0.014233344	0.12001266	0.048962409	-0.229794112	-0.049748493
UMARY	1133	0.422172818	0.000467041	0.060185972	1.556556474	0.068350631	0.468357907	0.128673745	0.142303262	0.106280424	0.229382086	0.174097883	-0.233284507	0.135911072	0.097232258	-0.006351344	-0.099426264	0.174428212	0.030901217	-0.129709144	0.28535133	-0.173367975	0.277817911	0.10506291	0.063608911	-0.225799964
UMARY	1134	-0.066720254	0.089787663	0.091553611	0.045524169	0.063060014	-0.099986333	0.044652135	0.17515452	0.117601085	-0.015104399	0.142382957	-0.036036682	-0.01264621	-0.024737249	0.041964264	-0.055725555	0.016196053	-0.028458769	-0.080818613	-0.049330115	-0.138002422	-0.019640287	0.081307261	0.136420537	-0.016870603
UMARY	1136	0.031586559	-0.104680793	-0.160131728	-0.013735749	-0.014987133	-0.071012208	0.043988651	0.129403971	0.159703278	-0.027278532	0.059953695	0.218742497	-0.041960962	-0.061007071	-0.120157806	-0.010221091	-0.043966993	-0.038476573	-0.046715891	0.140921301	0.236080869	-0.052839306	-0.089607213	0.051000865	0.348162441
UMARY	1158	-0.024055497	0.008054234	0.115298885	0.149756606	0.002026676	-0.116317497	-0.183806581	-0.151280315	0.011492623	0.031309385	-0.505122694	-0.297673038	-0.090346588	-0.059417056	0.006966285	-0.073809953	0.017748869	-0.103547224	0.062671184	-0.018612772	-0.083305313	-0.116496169	0.013187267	-0.111159523	-0.153217196
UMARY	1170	0.117492682	-0.058525886	0.025085299	0.303216104	-0.004567783	-0.029851566	-0.017356485	-0.055246011	-0.077634028	-0.016811903	-0.063579561	-0.129610933	-0.036566641	-0.05209751	-0.000252537	0.048675192	-0.021543749	-0.092244403	0.054706791	0.061841714	-0.000687459	0.017747923	0.074259552	0.003902481	-0.033101036
UMARY	1206	0.009244848	0.020610708	-0.000683813	-0.122870052	0.153082521	0.019873542	-0.167883089	-0.19274359	0.005304885	-0.021243117	-0.082840768	-0.361376079	-0.020229254	-0.103223838	0.007651661	-0.025864029	-0.06800286	-0.219811046	0.012608009	-0.315797327	-0.315411094	-0.011414563	0.038669392	-0.104353567	-0.070415256
UMARY	1209	-0.001465567	0.052718259	0.003200115	0.537508771	-0.003001933	-0.127469373	0.028998374	-0.033905995	-0.158257508	-0.031264088	-0.103540521	0.158280468	0.08718667	-0.005225949	0.065140835	0.014801981	0.070077068	0.00142524	0.097975073	-0.038416639	-0.070673713	-0.094537693	0.052879107	-0.101553067	-0.174719523
UMARY	1226	0.084483928	0.068682096	0.076338461	-0.155749336	0.175684669	-0.04744673	0.025539968	-0.046617956	0.095476917	-0.010179774	0.180470868	-0.078799257	0.016753979	-0.048597066	0.102033061	0.107604819	0.072400926	0.011644761	-0.031234946	-0.085709564	0.22884203	-0.024563751	0.011061989	0.112801499	0.114742033
UMARY	1230	0.014677676	0.023556343	0.020425124	0.328254577	-0.123399744	-0.0463669	0.068223191	-0.017056913	-0.048985171	0.013969368	-0.339591274	-0.042025551	0.002509841	0.057106754	0.042737487	0.068035461	0.002635794	0.029516132	0.066471314	0.101780946	-0.004088446	-0.010120464	0.007620901	0.049988096	-0.271226823
UMARY	1260	0.013236445	0.181553448	0.194210381	-0.237378662	-0.019658832	0.014720204	0.120486145	-0.073652091	0.018342	0.106201733	-0.003476476	-0.097931061	0.094155846	0.0095328	0.181057821	0.089126382	0.14252031	0.007331785	0.129479903	-0.066842601	-0.200872029	-0.035303296	0.110212568	-0.134790848	0.001663066
UMARY	1326	-0.124607194	0.079766504	0.004662851	-0.903297772	0.004110667	-0.164717244	0.046966577	0.134682751	-0.082668185	-0.051029846	0.284548443	-0.283846373	-0.014340956	0.0414078	0.070380119	-0.016508984	0.072190572	0.017652322	-0.033748677	-0.151173617	-0.403079561	-0.148334406	0.066502545	-0.069710384	-0.234009457
UMARY	1454	0.035231704	0.067361018	-0.049311534	0.259808278	-0.022556257	0.077341208	-0.125528378	-0.024240014	-0.074634592	0.082609206	-0.087690987	-0.205831492	0.133691124	-0.087032823	0.032196498	-0.076891489	0.044909236	-0.117657657	0.027419379	-0.059355003	-0.038778023	0.06917244	0.052885254	-0.098364148	-0.050135904
UMARY	1465	-0.08159752	0.029499184	-0.058593646	-0.380427649	-0.038343402	-0.105464595	-0.147306777	-0.135710978	0.077778446	-0.075405902	-0.257109092	-0.277808213	-0.157720933	-0.001347352	-0.015670423	-0.016507126	-0.028578362	0.041613243	-0.05516312	-0.157146853	-0.099317953	-0.227236468	-0.007065311	-0.229820055	0.064380419
UMARY	1486	-0.11884616	0.02670603	-0.068693477	-0.277805455	-0.126200324	-0.129366129	-0.040292672	0.061040784	-0.13553374	-0.047310885	-0.294321287	-0.116845896	-0.106014893	0.095708167	-0.101628514	-0.056256637	-0.034464778	0.10306682	0.025191607	0.024516927	0.074896965	-0.185930217	-0.08785905	0.308854163	-0.247934857
UMARY	1498	-0.192366454	0.029786016	-0.104978206	-0.202690587	-0.039864007	-0.048719875	-0.074793021	-0.042732795	-0.11735286	-0.10898125	-0.252791761	-0.016451291	-0.005266417	-0.108820271	0.04347622	-0.038316005	-0.079760413	-0.056338922	-0.064951228	-0.205729431	-0.149060538	-0.053696535	0.09386031	0.013421398	0.029119478
UMARY	1502	0.023688771	-0.070782164	-0.136385523	-0.132114501	-0.049475799	-0.160191083	-0.070153818	0.087801581	-0.115759059	-0.128519988	0.874842415	0.096985364	-0.049179044	0.097333727	-0.092789202	-0.055369639	-0.049071934	-0.202861263	-0.176089352	0.048152033	0.050376492	-0.164069792	-0.054741685	0.257121645	-0.147999336
UMARY	1535	0.00961157	0.03837471	-0.024752998	0.860633093	-0.00034389	-0.004806567	-0.025860367	0.114227195	0.00907593	-0.035639256	-0.243321338	0.161309903	-0.054000182	0.044184365	-0.051829567	-0.020461773	0.03686119	-0.108857485	0.001630315	0.078963024	0.265515588	-0.025396741	-0.042799989	-0.012585356	0.064071654
UMARY	1540	-0.079341123	0.022119685	0.047591367	0.116387868	0.203720571	-0.171011418	-0.093017834	-0.204846416	-0.017838801	-0.125329998	0.080809762	-0.219796422	-0.067351517	-0.097380457	0.023099	0.077116132	0.060743644	0.119299057	-0.125070592	-0.085001733	-0.226964136	-0.076986992	-0.035281464	0.124712299	0.008376308
UMARY	1541	0.017789864	0.011807333	0.127344854	0.293638941	0.036622142	-0.027692096	0.082833986	0.078731277	0.03853431	0.103479174	-0.380360589	-0.093273481	0.060399179	0.026350203	0.095532467	0.127689364	0.077296395	-0.068623402	0.099085349	0.096857062	0.169262683	0.012057394	0.118024087	0.08814377	0.109918233
UMARY	1544	0.070291465	-0.064751204	-0.026680093	-0.11133146	-0.045583823	0.003526722	0.245786409	0.17592427	-0.013343858	-0.129991298	0.346309976	0.308796518	-0.108358025	-0.016345063	-0.104585057	0.008013102	-0.053051375	-0.086761683	0.03440169	0.006355113	0.154230734	-0.134602836	-0.009364777	0.057817272	0.018480923
UMARY	1545	-0.015844864	-0.052055447	0.120463822	0.858569025	-0.071312998	0.212428474	0.315143234	0.586917181	0.167576948	0.151478504	0.087871154	0.270412494	0.180550606	0.066478004	0.192397663	-0.073109947	0.14576731	0.0132081	0.013130756	0.470913833	0.601082684	0.123265055	-0.081286719	-0.104844531	0.083741682
UMARY	1568	0.143402019	-0.049122946	0.029543417	0.54175374	-0.03963988	0.109013859	0.08391182	0.039646803	0.048912213	0.063396425	-0.129671694	-0.080758454	-0.072409681	0.023268598	-0.048729535	-0.005855107	0.07094505	0.201303892	-0.116262646	0.216361611	0.125647747	-0.029668752	-0.090398689	-0.004534726	0.247549408
UMARY	1570	-0.060625593	0.016236539	0.02442374	-0.359295935	0.064044295	-0.117192041	-0.032541369	-0.164641706	0.002152014	-0.052835296	0.181407789	-0.180775825	-0.024317066	0.02016932	0.011253598	0.052389308	-0.026736053	0.02238441	0.025041185	-0.058806132	-0.314439469	-0.05123165	0.040061942	0.034039835	-0.057000087
UMARY	1571	-0.11030965	0.036800396	0.115871477	0.226513566	-0.080532318	0.145193643	0.219756067	0.165003271	0.110739872	0.173187717	0.250162943	0.2597062	-0.053883222	0.177305472	0.017188984	-0.063975797	0.152277379	-0.042633169	0.084013456	0.221405605	0.384677584	0.091696601	-0.002767397	0.048566284	0.118403568
UMARY	1578	-0.040665474	-0.127232453	-0.003742103	0.719813286	-0.048895417	0.077020967	0.333847365	0.115210877	0.175900222	0.074311159	-0.015607498	0.082721443	-0.050540803	0.087173765	-0.094837255	-0.202805059	0.025312421	0.004976188	-0.262988405	0.284924868	0.406282438	0.039067367	-0.111377805	0.285596019	0.331643243
UMARY	1583	0.049764945	0.122056382	0.166669194	0.553062652	0.124824478	0.117339237	-0.114194814	0.110460836	-0.007534532	0.017807442	0.683212183	-0.244059565	0.014017355	-0.019586083	0.130976655	0.015211191	0.017816353	0.073534516	0.117155835	-0.062659035	0.089735703	-0.012359844	0.099053326	-0.213770881	-0.002337773
UMARY	1584	0.200132392	-0.025723229	-0.064528012	0.177267153	-0.157224358	0.209039573	0.236832489	0.101880523	0.111065879	0.155704896	-0.058312921	0.193931245	0.116494286	0.049300958	-0.056744607	-0.194121542	0.043805462	-0.364520532	-0.025904165	0.015055098	0.111067567	0.046845836	0.102855025	0.081988004	0.330727789
UMARY	1611	-0.079020661	-0.318123321	-0.238076414	-0.500072486	-0.14319655	0.191232805	-0.037029804	0.010769862	0.026857972	-0.034477003	-0.497372974	0.157883665	-0.091790986	-0.045851669	-0.143960681	-0.087535661	-0.140502837	-0.032088926	-0.186029337	-0.034139955	0.189896949	0.156466367	-0.269413441	-0.026326251	0.300342475
UMARY	1612	-0.090953283	-0.160870812	-0.102536595	-0.813629867	-0.114284312	0.216776188	0.021471137	-0.219255704	0.177508619	0.100807883	-0.605389094	-0.028696069	0.008068825	-0.00483607	-0.090110854	0.073541761	-0.054273661	0.002234673	0.018094642	-0.119674808	-0.360800222	0.209402266	0.011880622	-0.24351416	0.042499225
UMARY	1613	0.045850754	-0.03433497	-0.081768426	-0.339358932	0.109621349	0.248917171	-0.087239978	-0.43249274	-0.021960233	0.030031639	0.22479054	-0.499042982	0.071893162	-0.053866543	-0.039767925	0.061408651	0.055978677	0.049324116	-0.112264168	-0.207423271	-0.471170161	0.087377691	0.041013816	-0.251405789	-0.221063996
UMARY	1614	-0.027025999	-0.0085853	-0.010903794	-0.392596169	0.198184084	0.152509773	-0.00134984	-0.228204453	0.050777971	0.16125051	-0.302555394	-0.310746923	0.022491326	-0.037927004	-0.020465039	-0.202966187	0.063491195	0.035865658	-0.064066627	-0.160855358	-0.303425605	0.072510902	0.014281475	0.237427856	0.003237189
UMARY	1648	-0.047694074	0.055963376	0.004452739	-0.712839888	0.14821829	-0.06277617	-0.107818015	-0.208005003	-0.093003177	0.053914125	-0.511300427	-0.201127898	-0.005956308	-0.035590536	-0.026669623	0.071042741	0.044521908	0.145840251	0.021072228	-0.177271777	-0.340126725	0.074054541	-0.023762651	0.121912142	-0.124056077
UMARY	1652	-0.011231399	-0.103603731	-0.02006464	-0.326310158	0.114849768	0.158112137	-0.297412691	-0.334282008	-0.022905707	-0.045193034	-0.127123922	-0.367973802	-0.031242114	-0.077945541	-0.063594433	0.089237242	-0.043184682	0.025195185	0.080385817	-0.202014716	-0.385554849	0.029261004	0.070557869	-0.248287346	-0.474641562
UMARY	1668	0.045878526	0.076669952	0.099562346	-0.682265354	0.110708246	0.102702271	-0.098272269	-0.120067514	-0.015942249	0.026866099	0.24366663	-0.363103534	0.052327391	-0.091220201	0.058632399	-0.027621663	0.090010723	0.013317039	0.073856129	0.015431681	-0.225216129	-0.00032865	0.07751237	-0.024489386	-0.34542285
UMARY	1710	-0.077339544	0.08789066	-0.093567156	-0.673964693	-0.013713565	-0.101958244	-0.054047962	-0.093734371	0.077224046	-0.038982389	-0.127681095	0.166866004	-0.004245814	-0.159903509	0.091475283	0.007307951	0.064009557	0.088848174	0.068093017	-0.223736699	-0.125958589	-0.005694704	-0.094014586	-0.038095294	0.146592811
UMARY	1712	-0.0761	0.080440892	0.115548425	0.113451605	0.018080898	0.044664983	-0.06234018	0.016616913	0.110106659	0.02400696	1.207695188	-0.058838706	0.047070061	0.058141523	0.109307747	0.043533048	0.023389763	0.038606465	0.178187134	0.045710921	-0.129945726	-0.039454689	0.102414561	-0.040075527	-0.172701395
UMARY	1713	-0.188912633	-0.064212415	0.031425293	-0.309925411	-0.08645069	-0.099979907	0.023452077	0.150953445	-0.04397459	-0.084558996	0.260578954	0.122764688	0.017931139	-0.104369484	-0.048740992	0.014499986	-0.089813328	-0.021333968	-0.03019244	0.198386386	-0.085681811	-0.072929475	-0.075899136	0.001113386	-0.117225156
UMARY	1715	0.004276406	0.044405515	0.015341053	-0.183883575	0.129799569	-0.195034189	0.036837791	0.149000402	-0.11468709	-0.02381879	-0.083136491	0.248278774	-0.015310269	-0.034210785	0.049120404	0.095523267	-0.009030806	0.03038744	0.059853153	0.157886847	0.029995442	-0.023026425	-0.011912415	-0.072892455	-0.110100847
UMARY	1792	-0.090164167	-0.065105347	-0.013115955	0.020317851	-0.036625107	-0.025396503	0.133911414	0.002216145	0.246138538	0.01667383	0.263254287	-0.050897164	-0.019807845	0.224763907	-0.010018151	0.021707996	0.010584709	-0.105385669	-0.014510686	0.060307974	0.150721545	0.021916262	0.062831159	0.131111828	0.194060374
UMARY	1795	-0.014369646	-0.05796749	0.049039866	0.387706477	0.011554024	-0.043797869	0.02481509	0.156079774	-0.015393645	-0.045301157	0.071045312	0.215813296	-0.044411902	-0.05274294	0.00687834	-0.012102799	-0.029666104	-0.078189898	0.067372348	0.214786568	0.334287337	-0.046528099	-0.036513702	-0.002575513	0.234961341
UMARY	1797	-0.169789739	0.010740764	-0.007245825	-0.051098084	-0.010291246	-0.14967164	0.054718002	0.117912383	-0.055063538	0.018754848	-0.385117603	0.297525282	0.051853749	0.006793236	0.113158626	-0.078518378	0.089636048	0.261329097	-0.033827077	0.035568348	0.073725112	-0.061453684	-0.05718408	-0.124818464	0.041159628
UMARY	1825	-0.081713417	-0.052520566	0.005443079	0.099712856	-0.03435069	-0.130184926	-0.024807823	-0.445342412	-0.000184283	0.142447697	-0.110436696	-0.178151278	0.012086633	-0.024813024	0.00681323	-0.044427868	-0.005933415	0.129926231	-0.123473697	-0.020452423	0.069893941	-0.121458246	-0.068739798	-0.058955036	-0.199704322
UMARY	1827	0.036583501	-0.123436272	-0.031858872	0.649820373	-0.122497691	0.139458317	0.291049948	0.24832506	0.18955317	0.025125448	-0.249393883	0.225120852	0.078245468	0.10787832	-0.020618839	-0.093458521	0.005273542	-0.068864301	-0.047984	0.265975027	0.501374997	0.125601004	-0.015914816	0.208078087	0.404008856
UMARY	1830	0.109524416	0.211517963	0.189930005	0.725260277	0.046043581	0.113803321	-0.077796838	0.041135601	0.051897579	0.168300119	0.060584152	-0.163551422	0.130387894	0.029282505	0.199833838	0.065939285	0.179501835	-0.051324223	0.023996866	0.018078565	0.093957051	0.017831959	0.230885887	0.020981041	0.065626953
UMARY	1846	-0.032540887	0.064974713	0.036690087	0.802927491	0.098738958	-0.237049123	-0.11024215	-0.091231396	-0.120947185	-0.035994542	-0.250078835	-0.169628959	0.034355582	0.004013698	0.065620751	0.033298625	0.027648835	0.064930686	0.02421444	0.078273431	0.073699079	-0.191962961	0.018212921	-0.202442808	0.175842512
UMARY	1847	-0.078314981	0.053743643	0.074872373	0.221823651	-0.110963842	0.070820309	-0.046101421	0.262910924	0.030667166	-0.046843708	1.316729114	0.764174207	-0.028792718	0.023541079	-0.011767811	-0.123608073	0.038421267	-0.086545488	0.09437734	0.043292405	0.375153976	0.005314426	0.01533383	-0.077422034	0.308566801
UMARY	1849	-0.033587168	-0.003509624	0.070807833	0.275673056	0.010728834	-0.072416724	0.01532072	0.032656631	0.191966987	-0.054601725	-0.184127688	-0.325201398	0.064828095	0.042674774	-0.057639105	0.001733215	-0.007140281	-0.056818898	-0.193195911	0.458084697	0.038352168	-0.055520023	0.028358558	0.175626903	-0.031457668
UMARY	1862	0.034827495	0.034219494	0.072123953	0.395323741	0.056838994	0.082918633	0.124839669	0.088589121	0.038258415	0.118191109	-0.166241519	0.053238554	0.041878932	0.024917336	0.084266819	-0.156139656	0.138025551	-0.041655367	0.007300223	0.190634773	0.317069139	0.177491451	0.023981401	0.070215772	0.158694243
UMARY	1865	-0.060890379	0.078035641	0.0387323	-0.001176549	-0.013584332	-0.10997805	-0.008959168	-0.225837034	-0.125570296	-0.046953895	-0.25150376	-0.046247017	-0.012768952	-0.011009543	0.033767913	0.023606187	-0.042941846	0.042234055	0.077182024	-0.218031382	-0.251650646	-0.088691503	0.014459367	-0.016970391	0.041542098
UMARY	1866	-0.193717096	-0.122376513	-0.138348752	-0.534774625	-0.013490048	-0.215782783	-0.043349241	0.101335573	-0.017461467	-0.176758642	0.023221549	0.05656772	-0.125827838	-0.039273901	-0.156800002	-0.107751328	-0.041641279	-0.079261276	-0.077738518	-0.081866093	-0.137629456	-0.05727689	-0.068494843	-0.07261234	0.027740045
UMARY	1867	-0.12517933	-0.025564116	-0.148042835	-0.13260296	0.079889199	-0.115003871	-0.002807856	-0.207519995	-0.054236132	-0.045352246	-0.218635125	-0.011048488	-0.065614332	-0.034122053	-0.037852391	0.051641287	0.026907765	0.089106098	-0.069218838	-0.168341602	-0.235285424	-0.005494581	-0.058842452	0.094403895	-0.019487146
UMARY	1902	-0.029815493	0.082533046	0.073823187	-0.527874418	-0.122525105	-0.16043753	-0.015234335	-0.201466082	-0.10570497	0.016283601	0.352377221	0.022696222	0.005879631	-0.051199946	0.020524389	0.037484901	0.05927447	0.122568171	0.093560044	-0.081308524	-0.459330024	-0.016050096	0.111683855	0.031869787	-0.1543816
UMARY	1903	-0.025095897	0.128411815	0.067671544	-0.867181492	-0.203537957	0.031537354	0.081110907	-0.01710903	-0.043132883	0.042520064	-0.217712895	0.194654277	-0.000787115	0.033616536	0.064778998	-0.002970484	0.105616268	0.085912016	-0.020728092	-0.139307978	-0.310960361	0.019386225	-0.032834205	-0.018153761	-0.074647721
UMARY	1907	-0.077904744	-0.155452871	-0.104828467	0.147642412	-0.01461898	-0.08866836	-0.026236969	-0.157823151	-0.031169123	-0.240300297	-0.390919396	-0.060310395	-0.132944975	-0.110059121	-0.171867125	0.041491054	-0.12385423	-0.03169048	-0.145537206	-0.047662109	0.008014302	-0.084965975	-0.008810388	-0.079244457	-0.143026804
UMARY	1917	-0.127957024	-0.00233403	-0.011261773	-0.192028985	-0.16777076	0.136700411	0.150707071	0.015648922	-0.10886376	-0.002920337	0.088357897	0.360039301	-0.086619789	0.047662804	0.002955579	0.034555785	0.077509701	0.139732842	0.106263918	-0.083588198	0.070048465	-0.042128093	-0.012530571	0.112633276	0.391366217
UMARY	1935	0.047067176	-0.112340398	-0.153711673	0.702438861	0.067582827	0.006461867	-0.127835598	-0.001877608	-0.084590357	0.028008355	-0.031775218	-0.095663277	-0.155239325	-0.084323321	-0.211613135	-0.051990449	-0.078345008	-0.030086494	0.001297836	0.12344867	0.161442625	-0.144388647	-0.107038727	-0.022518078	-0.080563662
UMARY	1936	-0.045741056	0.02974293	-0.052253092	-0.129597884	-0.087866299	0.089497666	0.104183456	0.297095277	0.225249636	-0.006718219	-0.069516711	0.35196863	-0.010664915	-0.006943549	0.056189501	-0.107232292	-0.054284623	-0.151217432	-0.098887316	0.281529402	0.362246673	0.127320593	0.01117991	0.090870856	0.193474809
UMARY	1939	0.07804501	0.268402141	0.3463107	0.910034513	0.149852499	-1.4760358	-0.704213204	0.184758961	-0.542056662	-0.630792064	0.330847875	-0.074650526	0.164961137	0.126990389	0.362822327	0.663148061	-0.749548438	0.179538525	0.47260218	-0.304311397	0.096336203	-0.366095316	0.316032923	-0.351853079	-0.461633719
UMARY	1940	-0.035758516	-0.035068835	0.024500709	-0.253562413	-0.109769103	0.213504874	0.09086423	0.041697329	0.204607209	-0.012829071	-0.529077869	0.051404462	0.021933961	0.098121648	-0.088476988	-0.04183778	0.031404051	-0.05865997	-0.077263227	0.111532158	0.155776865	0.126688909	0.069490173	0.223869203	0.008979242
UMARY	4263	0.145658294	0.111808223	0.062156192	-0.133671787	0.003653882	-0.064711498	-0.081101371	-0.142307717	-0.200382393	0.152423919	-0.260951402	0.033888046	0.011435435	-0.147208176	0.023383265	0.076226523	-0.038288809	0.01555667	0.271195771	-0.290057169	-0.024660209	-0.107542999	0.048330081	-0.297165922	-0.164442913
UMARY	4540	0.017758889	0.015983837	-0.008811129	0.029572126	-0.038041451	-0.322880704	-0.17856072	-0.422916681	-0.273461176	-0.128621383	-0.33806703	-0.27579822	-0.080450007	-0.116126586	-0.062567238	0.124940078	-0.062126996	0.138153782	-0.017386844	0.107157024	-0.197770545	-0.195749856	0.026418125	-0.064927939	-0.261699706
UMARY	4542	0.287525176	-0.035994846	-0.031040476	0.164453866	-0.065728085	0.083783938	0.218764904	0.051418082	0.006302863	0.105165533	-0.331999101	0.334888783	0.029698375	-0.023138199	-0.033644675	-0.130828002	-0.060081171	-0.079277175	0.058933721	0.16077021	0.080288238	0.147376851	0.004451733	0.0402672	-0.019514381
UMARY	4543	0.04889673	-0.0184311	0.049123827	-0.435091219	-0.080623315	-0.058795511	-0.041958175	0.11997668	-0.043080293	-0.034909103	0.250751368	0.518758682	-0.033189472	0.018298417	-0.049036964	-0.049177417	-0.05702799	-0.061469673	0.107866382	0.047370464	-0.016038193	-0.047870596	-0.101888242	0.020147726	0.121707432
UMARY	4549	-0.086778427	0.04802861	-0.043442639	-0.590181066	-0.013059542	-0.0915051	0.111720899	-0.135343321	0.114803192	-0.078625544	-0.01530741	-0.063517668	-0.033679806	0.189552664	0.015041791	0.056886622	0.089750266	-0.036127201	-0.025158658	-0.171978288	-0.347797505	-0.101919664	0.033596743	0.180723335	-0.027723527
UMARY	4590	-0.020453524	-0.038796579	-0.090532597	0.576765121	-0.084130677	0.458795728	0.040419959	0.251312848	0.097682438	0.151618616	0.250740242	0.477495086	-0.070808549	-0.009951123	0.02551645	-0.086455681	-0.083575655	0.03170669	-0.189102583	0.049780109	0.24141151	0.262640711	-0.089957926	0.249186174	0.359104512
UMARY	4593	0.084602223	-0.007825647	0.053479713	-0.401391783	0.087430974	-0.010262201	-0.106820586	-0.103771989	-0.033589361	-0.035541052	0.002745222	-0.117094959	0.003652912	-0.043155086	-0.02680645	-0.145810275	-0.043842712	-0.186792722	0.09932085	0.136822019	-0.099472446	-0.069759873	0.003450905	0.343315629	-0.119889132
UMARY	4598	-0.081732222	-0.038231134	-0.030893832	-0.281151654	0.025098105	-0.032640237	0.038839824	-0.06963284	-0.053120388	-0.103918036	-0.225405616	0.103321655	-0.137842173	-0.030814773	-0.086139369	-0.049231982	-0.079826343	-0.107824676	-0.096406894	-0.136858926	-0.058308744	-0.048286768	-0.041022904	0.031708948	0.076184602
UMARY	4636	-0.057122048	-0.046367923	-0.084508291	0.00680134	0.015657832	-0.076191144	0.070213543	0.053457912	0.010019124	-0.072458516	-0.017755321	0.031622725	-0.050979486	-0.048961611	-0.09412542	0.02389748	-0.047515609	-0.040686882	-0.094805039	-0.038757014	-0.128644763	0.001261238	-0.01843662	0.143792508	-0.013843177
UMARY	4640	-0.024260853	0.003720388	-0.16839536	-0.027433028	0.047283601	-0.097398698	0.01270364	-0.073155281	0.069277652	-0.149180092	0.235651437	-0.133251838	-0.056289646	-0.156920524	-0.110949612	-0.199907462	-0.093133378	-0.222985539	0.008649112	-0.106135721	-0.067959388	0.028127291	-0.102357264	0.222896764	-0.040072506
UMARY	4725	-0.101006372	0.057315689	-0.107353309	-0.278972916	-0.067063479	-0.22206933	0.11413487	-0.03513536	-0.205708628	-0.12680613	0.20530471	0.033974272	0.012905577	0.049861062	0.077006803	-0.026235817	-0.085158872	0.062076561	-0.146414113	0.011084753	-0.143908839	-0.049533615	-0.015151669	-0.061034513	-0.027010013
UMARY	4726	-0.058903653	-0.020880524	0.088816868	0.207231022	0.024933899	0.093784001	0.178309277	0.228980939	0.077365788	0.023949256	0.199724948	0.419683697	0.011003028	0.148253827	0.033768809	-0.13117226	0.035069359	-0.135762307	-0.015095062	0.292218646	0.429935621	0.000814241	0.003817115	0.108585934	0.009838735
UMARY	4727	0.25766852	0.004246875	0.09280013	0.894837634	-0.049133197	0.135632001	0.061349866	0.253603333	0.090671352	0.106595504	0.330034983	-0.126776822	0.059689643	-0.024705492	-0.012435233	-0.231026198	0.068724814	-0.010467186	0.051431372	0.414130632	0.178738175	0.098319847	-0.007882395	-0.237114016	-0.279845481
UMARY	4729	0.036866235	0.179301691	0.084669243	0.245543217	-0.079100395	-0.18594984	-0.306422669	-0.228936704	-0.153833944	0.04893022	-0.073061612	-0.28862731	0.061905415	-0.060927169	0.18872799	0.037205108	0.000520074	0.000281397	0.163231552	-0.092163067	-0.061369898	-0.060829121	0.069643957	-0.072417416	-0.123223519
UMARY	4782	-0.121498537	-0.086060663	-0.172128393	-0.15828767	-0.138630736	-0.130369938	-0.016163851	0.154168857	-0.131356243	-0.189602328	0.22287961	0.263132466	0.029725027	0.045745265	-0.002196139	-0.130675113	-0.140134517	-0.098276406	-0.082382399	0.073018601	-0.048171959	0.033644949	-0.04712363	-0.060335627	-0.064206188
UMARY	4786	0.018916332	0.07208198	0.029196481	0.230983604	0.068329153	0.055952946	-0.126341741	0.03533378	0.072555952	0.034784058	-0.127955745	-0.04231438	0.033229606	-0.030146278	0.040494945	-0.027320205	0.03695611	0.072608393	0.039238868	-0.200131879	0.084430475	0.042631046	-0.014069136	-0.006459461	0.055745878
UMARY	4788	0.117673537	-0.163754064	-0.030905236	-0.918388459	0.16911698	0.023465487	-0.223519799	-0.149380135	0.151195269	-0.104419953	-0.130887476	-0.511861334	-0.129791729	-0.050719918	-0.144512764	-0.192224901	-0.403206908	-0.013349108	-0.046619814	-0.088927033	0.021080432	-0.120149101	-0.289057866	-0.268023237	-0.572952574
UMARY	4789	0.215793891	-0.01645683	0.06110628	-0.662705793	0.035116818	0.351597567	-0.009414955	0.106901233	0.359978079	0.185129452	-0.028508471	-0.226891073	0.082976863	0.226859913	0.065182605	0.12166659	0.070292261	-0.039391827	0.4160938	0.186481778	0.282517083	0.338319659	-0.006883475	-0.056229213	-0.295549487
UMARY	4841	-0.057141734	-4.68E-05	0.030742743	-0.090513592	-0.105158572	-0.072327843	-0.006311524	-0.184286976	0.051260868	0.038282876	-0.532650417	0.017992492	-0.032309502	-0.098576858	-0.099340681	0.141124642	-0.041411848	0.200032932	-0.064937425	-0.181264877	-0.133947017	-0.02387495	-0.020778121	-0.128080725	0.06395013
UMARY	4842	-0.131695765	0.17846168	0.046843259	-0.479576889	-0.018396629	0.140646671	-0.352429158	-0.354736625	-0.058838858	0.093854826	-0.024437296	-0.454158658	0.085471637	-0.003096076	0.252546283	0.422853452	-0.005511982	0.357706546	0.127261058	-0.390895471	-0.57658595	-0.016433395	0.234533518	-0.09719443	-0.214570306
UMARY	4903	-0.188154795	-0.06797077	0.003610428	0.20400907	0.156102186	0.12345418	0.031571561	0.037485494	-0.014216159	-0.032197166	0.364819224	-0.09970165	0.006815294	0.104532811	-0.044606584	0.104841664	0.014143845	0.258659545	-0.178587341	0.006097041	-0.186963439	0.009805245	0.059735278	0.072870502	-0.134579569
UMARY	4915	-0.028465507	0.037195228	0.088556827	-0.87100215	-0.010372261	-0.009113653	-0.041644633	-0.185293749	0.058039578	0.077660617	-0.358875785	-0.207715843	0.004304633	-0.082956522	0.056901406	0.048145364	0.148362556	0.009714492	0.002464116	-0.060676238	-0.446652496	-0.035276199	0.042733127	-0.069363816	0.117521428
UMARY	4916	-0.09686653	-0.090531987	-0.07904054	-0.198845815	-0.059102132	-0.004793065	0.041035015	0.01525229	0.08224917	-0.048272161	-0.432252398	0.137339439	-0.026707228	-0.094378662	-0.078527576	0.128413297	0.027985693	0.035743031	-0.063230084	-0.118597726	0.009974806	-0.052734262	-0.097107788	0.005533622	0.149257639
UMARY	4924	0.061095895	0.131621566	0.208480934	0.678759286	0.105026097	-0.100167891	-0.141167855	0.460638743	0.095271234	0.028380345	0.786112208	0.382571585	0.168993295	-0.009600576	0.292170809	0.069710966	0.123087771	-0.120648861	0.58519189	0.298520364	0.553857111	-0.042362756	0.141658629	-0.181489314	0.019408948
UMARY	5024	0.51581455	-0.005909689	0.004119699	-0.559571905	-0.035284771	0.132226594	0.165697403	0.151890998	-0.095046313	0.111051577	-0.796790936	0.141595194	-0.055598717	0.117063165	-0.061196043	-0.001455507	0.071913941	-0.037929062	0.084784027	0.137521083	0.349121302	0.073225132	-0.002551072	-0.103081975	-0.07176808
UMARY	5028	-0.071295278	-0.036914704	-0.044530842	-0.126517368	-0.040061321	0.101859864	-0.054463614	0.243362527	-0.086416396	-0.068563224	0.558360024	0.277442436	-0.124883445	0.004772641	-0.067136411	-0.078384358	-0.022862545	-0.066772884	0.037707904	0.097286851	0.252307978	-0.087346615	-0.002638258	-0.125034585	0.5721974
UMARY	5078	-0.041525191	-0.165991066	-0.115619312	0.124820966	-0.040737942	-0.06462692	0.073484427	-0.19067039	-0.066846824	-0.111716188	0.19315685	-0.147737929	-0.056278483	-0.002138365	-0.191437415	-0.048700542	-0.098313529	-0.04325836	-0.199815401	0.044724425	-0.008526758	-0.007825697	-0.088723818	0.012746107	0.002806548
UMARY	5079	-0.022747244	-0.076240951	0.004606024	0.540332418	0.064590681	0.07536047	0.205983857	-0.026923954	0.067984412	0.022941228	0.29282258	-0.102108033	-0.026635369	0.027518079	-0.088647168	-0.046228773	-0.013010845	-0.027551667	-0.038619714	0.175978905	0.243491344	0.019703996	-0.000869053	-0.036348995	-0.12378789
UMARY	5081	0.016432398	0.017834144	-0.010342097	-0.149366533	-0.012640034	-0.002798136	0.053048138	0.081765732	0.051669999	0.02754504	-0.30108364	-0.039646476	-0.104885274	0.084178181	-0.019121562	-0.018854162	-0.057127248	-0.07316505	-0.146913182	-0.028128118	-0.013469085	-0.069103171	-0.029990726	-0.063517389	0.116239168
UMARY	5086	-0.010933707	0.005604713	-0.003735328	0.398250725	-0.156029759	0.139854204	0.062621521	0.103749932	0.073417408	0.123010543	0.205343408	0.101913105	0.100106845	0.013928858	0.013531396	-0.043717861	0.069498746	0.027060602	0.054199705	0.020245649	0.158408751	0.084240162	-0.002628388	0.016257216	0.224920482
UMARY	5087	0.113248844	-0.006249107	0.055293459	0.234362691	0.172852427	0.149249829	-0.042807987	-0.023373471	0.051610882	0.13667068	0.143704201	0.102815382	0.047029014	0.040991822	-0.003833851	0.035313723	0.069644683	-0.110270773	-0.09507391	-0.05341325	0.250563602	0.058839363	0.039511369	0.225178432	0.107679728
