FID	IID	1	2	3	4	5	6	7	8	9	10	11	12	13	14	15	16	17	18	19	20	21	22	23	24	25
BLSA	745	0.622791733	-0.47969521	0.078439463	0.404825189	0.469897146	0.020699592	0.493053486	0.484337726	0.374703537	-0.03030883	0.769528595	0.502902426	0.192084659	-0.551309348	0.281636623	-0.510643212	0.412631642	0.53815431	-0.682674019	0.552124304	0.381975249	0.000149549	-0.524438513	-0.297442032	0.489030282
BLSA	827	0.306433525	-0.587930255	0.670785054	-0.240060427	-0.096564963	-0.695294727	0.151724788	0.228138531	0.239776186	0.091614605	-0.141057705	-0.105072694	-0.289282724	-0.072086991	0.637106012	0.118318631	0.255630991	0.207177127	-1.082890449	-0.300550081	-0.028876704	0.298456875	0.09159929	0.472855925	0.241403066
BLSA	1556	0.085155063	-0.145898957	-0.217371641	-0.156060113	0.021709068	0.406539747	0.162871559	0.02054635	-0.392380678	-0.181149393	-0.015452135	-0.043752951	0.723882831	0.071549405	0.022410069	0.020757118	-0.024646659	-0.018845973	0.178334847	0.046352635	-0.116345745	0.204508698	0.680340494	0.174272705	0.179086851
BLSA	1579	-0.235106188	0.097899241	-0.065579832	-0.18210972	-0.312872551	0.12659151	-0.471239497	-0.143528035	-0.245497626	-0.326774581	0.010672684	-0.330006537	-0.164583446	0.157708841	0.025931957	-0.225106022	-0.019983504	-0.241254892	-0.096152103	-0.195747355	0.002860508	-0.227819191	0.149982707	0.038875721	-0.263178569
BLSA	1595	0.448960708	0.059172441	-0.172061055	0.225740912	0.235188058	0.521849421	-0.210706928	0.040878177	0.654699979	0.769607694	-1.283600714	-0.429901947	-0.207967908	-0.571544565	-0.136327154	0.419745285	-0.018534036	0.562459215	0.36534946	-0.45764229	-0.505881899	0.575176717	-0.55417581	-0.027379699	-0.709066548
BLSA	1603	-0.17000331	0.300232285	-0.129476092	0.061338219	-0.182554867	-0.060323776	0.010539036	-0.170474299	-0.050546096	0.052258198	0.329367744	-0.02678046	-0.116973322	0.183007926	-0.86760447	0.109645411	0.358511262	-0.167359636	0.419978736	-0.163324281	0.33997603	0.07382581	-0.691637274	-0.327771661	-0.114105541
BLSA	1640	0.034306302	-0.149988123	-0.086089143	-0.095933426	0.019571624	0.09833698	0.152665222	-0.019677043	0.04117893	0.104175921	-0.663510072	-0.015820018	0.313496265	0.144096234	0.741595464	0.183523699	-0.255403908	0.091245264	0.185065365	0.229524484	0.045760908	0.105019783	0.644130722	0.149485697	-0.145536006
BLSA	1775	0.091230984	0.004088668	-0.011125327	-0.111884268	-0.067706488	-0.381722111	0.10476366	-0.028607165	-0.115538887	0.103013231	0.267149852	-0.30723996	-0.384278864	-0.327691439	-0.369148995	0.241823666	0.301385128	0.08577406	-0.119758681	-0.397058112	-0.167775287	-0.126292142	-0.087140535	-0.799477599	-0.290317349
BLSA	1802	-0.052257975	0.142555535	0.011766394	0.144523915	0.042282513	0.359398512	-0.001562247	0.105822567	-0.130508097	-0.202252614	0.510421879	0.071096233	-0.150267681	-0.004909304	-0.438879137	-0.227713598	-0.154646053	-0.059571048	0.301175127	-0.020453251	0.242820201	-0.174267033	-0.355099453	-0.24057949	0.06396024
BLSA	1805	-0.259275301	0.463732472	-0.285377124	-0.042353677	-0.15042458	-0.066879508	-0.212845129	-0.166110516	-0.177563621	-0.088216814	0.747909634	0.021150896	-0.218667316	0.30841389	-0.86308821	-0.008315454	-0.106207613	-0.391810727	0.491569314	-0.124429937	0.56320912	-0.132273924	-0.856650539	-0.26175955	-0.060334348
BLSA	1838	0.064508167	-0.017569247	-0.423339905	0.047582802	0.005082139	0.044169818	-0.050687576	-0.050318544	-0.067022121	-0.135003551	0.395899762	0.122316648	-0.020417074	-0.206314519	-0.128099608	-0.129266142	-0.060192461	-0.150613507	-0.134403588	-0.103837606	0.18022403	-0.243781034	-0.338635536	-0.40026695	-0.163464034
BLSA	1839	-0.088861086	0.252586345	-0.346150486	0.06543797	0.038430893	0.056752473	-0.091271383	-0.06126819	-0.147963099	-0.08355709	0.675346916	0.224060822	-0.050906687	0.092739214	-0.457071952	0.223041061	-0.076303079	-0.024392448	0.077484463	0.176668006	0.159138295	-0.045660741	-0.76689963	0.019329059	0.388931195
BLSA	1840	-0.127484485	0.037914937	0.194521126	-0.065191299	-0.079282754	-0.225446835	-0.09233259	-0.031400931	-0.190461104	-0.13110731	0.582356237	0.001527724	-0.111639811	0.2587532	-0.083572	-0.148002355	0.069965054	-0.182030344	0.149389054	0.125855482	-0.126718552	-0.217367868	-0.243756836	0.213201963	0.005352702
BLSA	1883	-0.177666502	0.022609103	0.211385081	-0.106741108	-0.10941974	-0.39905767	-0.081042093	-0.208633099	-0.063401674	-0.167682077	0.049543241	-0.009056335	-0.036532969	-0.012408392	0.10687748	-0.179617652	-0.145615244	-0.149687722	-0.299462127	-0.001669545	-0.088767295	-0.142815344	0.251023271	0.287727478	0.138837268
BLSA	1889	-0.15289841	0.271184612	-0.028967509	0.162707904	-0.004204734	-0.207231925	-0.061184205	-0.061447482	-0.035676675	0.012743479	0.159744086	0.154142994	-0.098685935	0.17437184	-0.421928604	-0.179730633	0.073536956	-0.185400276	-0.030499271	0.145855398	0.085595733	-0.29573037	-0.135466351	-0.123426968	-0.007703003
BLSA	1924	-0.158085737	-0.044948833	-0.12015473	-0.151732917	-0.048135969	0.031970373	-0.142112381	-0.167909649	0.06743241	-0.133360195	0.122243555	-0.018514151	-0.185357048	-0.181298608	-0.101883047	-0.040190244	-0.405417898	-0.104243259	0.081285849	0.114385141	-0.336599457	0.047418558	-0.376403578	0.12670788	0.175802455
BLSA	1961	0.082177137	0.363792705	-0.116231847	0.069459786	0.020126112	0.136256029	-0.009985809	-0.008982015	0.052729505	0.029302538	0.138911038	0.058404299	0.092260639	0.364141376	-0.582945027	0.220623047	-0.039458918	-0.126031062	0.154788998	0.091778413	0.209383925	0.142093983	-0.439475865	0.185132696	0.08698466
BLSA	2000	-0.217607318	-0.096225005	-0.075652289	-0.074322888	-0.098025503	-0.108347217	0.048394792	-0.180847158	-0.184347109	0.026834676	-0.10000956	-0.043991959	0.093209992	0.009410534	0.190115356	0.055924254	0.354873123	-0.159079175	0.364142091	0.108707802	-0.058825632	-0.017956751	0.215187248	-0.168708698	-0.118767142
BLSA	2020	0.057258025	-0.036006793	-0.012484253	-0.121247153	0.005654728	0.098606551	0.002042473	0.133712654	0.243521139	0.025777352	-0.437307826	-0.043908592	-0.038983243	-0.030748599	0.882747867	-0.123010903	-0.125022643	0.145997078	-0.259277653	0.134434774	-0.315639037	-0.064344269	0.421812539	0.032587124	-0.174537407
BLSA	2037	0.020207519	-0.18155539	0.245184623	-0.052103024	-0.028164959	-0.008876356	0.048371263	0.011291295	-0.155460887	-0.038035943	-0.571116118	-0.134538619	0.045906631	-0.092303153	0.882431553	0.21055291	-0.202529587	-0.067579485	-0.036636375	0.05117515	-0.34448663	-0.041960722	0.674836868	0.460150303	-0.060885454
BLSA	2066	-0.145285289	0.044182412	0.214077985	-0.088165594	0.018701859	-0.193323707	-0.143579216	-0.083958453	0.002864243	-0.070005848	-0.15651608	0.014482139	0.037747318	0.363819577	-0.431733347	-0.079646311	0.024467181	-0.002027206	0.231995798	0.067708851	0.12498331	-0.077345721	0.310606523	-0.346703057	-0.011823582
BLSA	2069	-0.000254423	0.053424871	-0.026508503	0.205795078	0.020448436	0.341385559	0.367332626	0.148775577	0.07089901	0.044180077	-0.239368102	0.088057919	0.149843891	-0.0726314	0.258355017	0.229201247	-0.173513132	0.01601428	0.138662248	0.078569825	0.448293296	0.201126841	0.423464251	0.107090606	0.167790395
BLSA	2093	-0.18013227	0.078137811	0.188116331	-0.283929682	-0.199604461	-0.245825069	-0.178249888	-0.223226161	-0.211325615	-0.177570653	-0.109997435	0.058883805	-0.1755604	0.159967231	0.007996613	-0.147005183	0.198027934	-0.163805025	-0.273001291	-0.150779281	-0.593707117	-0.011087683	0.071031764	0.332460564	-0.000664964
BLSA	2102	0.15188913	-0.451695627	0.302293678	0.384423519	0.479868991	0.349772335	0.205040039	0.43288586	0.41988835	0.505517128	-1.041159477	0.191558319	0.601672202	-0.164732949	0.845077538	-0.034908619	-0.241554539	0.546910451	-0.124465792	-0.007648526	-0.100597248	0.170925979	1.435764243	0.39363798	0.183204835
JHU	384	-0.001560146	0.498430975	-0.169839885	-0.122506351	0.064270187	-0.300282734	-0.143845207	0.244005128	-0.233921898	-0.121388716	0.600346049	-0.055136405	-0.146009458	0.461585341	-0.669771516	0.031332997	-0.184608634	-0.123413432	-0.177994486	0.22433294	0.257701359	-0.129774835	-0.291019021	0.280246546	-0.093419264
JHU	705	0.00575898	0.272752544	-0.132957259	-0.169940683	-0.150942792	-0.380746357	-0.098938701	-0.175566089	-0.226414481	-0.058630652	0.049405847	0.044884059	-0.107515948	-0.007907843	-0.698649518	0.015618492	0.224767838	-0.090860506	0.197702466	-0.084599681	0.154565714	-0.218162888	-0.341824654	-0.157509217	-0.257913012
JHU	710	0.078485219	0.265557192	-0.177744527	-0.033850355	0.060788096	-0.140941901	0.079738511	0.053283096	0.074270571	-0.00830157	-0.277824165	0.014647724	0.058739357	0.170800191	-0.225366431	0.10001043	0.157557132	0.172930815	-0.309351598	0.013006988	0.047046457	0.124818753	0.043137704	0.0809727	-0.110087403
JHU	712	-0.012720188	-0.118549968	0.40724019	0.042287136	0.111033481	0.032643469	0.047496966	0.011961571	0.019657835	0.00213498	0.076802632	0.060706181	-0.043904547	-0.141419493	-0.23048675	0.192738354	-0.167841509	0.034789274	-0.324387513	0.08097037	-0.521419057	0.067349822	0.173266541	0.290242304	0.188618778
JHU	713	-0.259266315	-0.840018757	-0.102186513	0.33611639	0.098233771	0.28305649	-0.081718978	0.081701506	0.427579205	0.263177584	0.240279186	0.039571684	-0.01397193	0.039127512	0.886366835	-0.292525112	0.213149868	0.347202745	-0.308533273	-0.436442567	0.531928078	0.617079029	-0.570682102	-0.738392974	0.083789275
JHU	719	-0.069284116	0.222031215	-0.134633193	0.055745066	-0.042604583	0.147056882	0.03786516	-0.204702084	-0.013878635	-0.033012524	0.257068315	0.119660694	0.110356583	-0.02638854	-0.553998981	0.01369238	0.014675607	-0.023254261	0.546363129	0.057610357	0.15376292	0.127061263	-0.251659333	-0.269701569	-0.181409127
JHU	993	0.355185387	-0.328014358	0.130739468	-0.122869034	-0.048381136	-0.047976483	0.261833067	0.191094849	0.014738549	-0.14011351	-1.11552946	-0.415459917	0.238155033	-0.201080778	1.178714355	-0.141642127	-0.507469616	-0.208813529	-0.209467245	0.169468057	-0.211901887	-0.480386256	1.037197083	-0.083954384	0.278176032
JHU	994	-0.190316592	0.009778018	-0.056277645	0.019961355	-0.158867896	0.005071541	-0.144925114	-0.240331367	-0.129543176	-0.022226103	0.5060528	0.105306558	-0.19666742	-0.259963696	0.004337656	-0.04901751	0.231144547	-0.177152627	0.354515607	-0.077471518	-0.194283928	-0.143792139	-0.183121779	0.19768962	0.211108011
JHU	995	0.093717771	0.01803314	0.235659364	-0.004943523	0.066470872	0.402119092	0.042494295	0.03855339	0.067512031	0.11836051	-0.336601203	0.085819423	0.10081833	-0.034752694	0.308854349	0.129792096	0.018624767	0.068571521	0.231152914	0.053125053	-0.217399656	0.035807251	0.384705562	0.400406974	-0.118863291
UMARY	142	-0.047029663	0.060033848	0.41785341	-0.074850223	0.091701375	-0.502638095	0.039935035	0.0495865	0.12193416	0.036470287	-0.428167735	-0.063791914	-0.04311032	-0.280268078	-0.023513212	0.066957884	-0.059772987	0.052182092	-0.173372497	0.012227346	-0.506516629	-0.015512929	0.028990405	0.074667591	0.123958298
UMARY	602	-0.13418913	0.105719348	-0.234065442	0.038593902	0.001598883	0.115155827	0.049927088	0.008934891	-0.028475917	-0.075226814	0.314772422	0.071525498	0.081387933	0.204922107	0.111236159	-0.016971767	-0.146321695	-0.0787844	-0.264565756	0.128113921	0.242025427	-0.076426096	0.237820977	-0.153476848	-0.035881728
UMARY	604	0.070108693	-0.182645873	-0.219886059	0.137001479	0.043274408	0.245995637	0.059685109	-0.029746727	0.022321772	0.027433981	-0.176142795	0.011223686	-0.063397982	-0.057323193	-0.008743079	0.06223975	-0.44177601	0.064089227	0.335852696	-0.056472241	-0.019856793	0.03268674	-0.401181958	-0.191117565	-0.085185457
UMARY	813	0.067491696	0.18570763	0.018251819	0.047363275	0.087303201	0.256117266	-0.019153264	0.014104453	0.003696991	0.045876578	0.434799393	0.014086338	0.048152548	0.312646488	-0.35682939	-0.013870786	0.048849379	0.02315064	0.120470509	0.035618269	0.413623292	0.029173321	-0.274949943	-0.017175926	0.042625124
UMARY	819	0.043280755	-0.02922267	0.223514251	0.048990792	0.024464503	-0.056900491	0.026652889	-0.066004208	0.054799124	0.063463149	0.017015293	-0.090305253	-0.028718983	-0.022466738	-0.187515578	-0.083781136	-0.173884415	0.00587071	-0.006389978	-0.050315174	0.052155799	0.064254479	-0.019608126	0.083810563	0.030985295
UMARY	871	0.071237319	0.473000565	-0.137940295	-0.055226811	-0.03169329	0.244633021	0.002699838	-0.009150036	0.002471426	-0.002737372	0.186366095	-0.024463027	-0.014635246	0.386557305	-0.385872158	-0.03688613	-0.141804303	-0.027885705	0.109200835	-0.008702611	0.426686706	0.031479151	-0.304272914	-0.110069399	-0.045997329
UMARY	879	0.007377849	0.035323123	-0.20512068	0.065625615	-0.068348475	-0.121403331	-0.091416797	-0.10405753	-0.090901302	-0.01494356	0.191146422	-0.046106483	-0.005158957	-0.065787959	-0.088844614	-0.005955812	0.012402835	-0.020461535	0.231769939	-0.097979015	0.077693378	-0.044874224	0.051867355	-0.122685393	-0.015279302
UMARY	880	0.124839339	0.067129266	0.281188262	-0.02619735	0.190624656	-0.347493122	0.074009995	0.09927954	0.171675851	0.088525952	-0.295827113	0.096070628	0.100568852	0.047679482	-0.043362958	0.148293383	0.130595143	0.191596957	-0.380476549	0.220845075	-0.372665786	0.110999735	0.232903409	0.15327051	0.320225755
UMARY	914	-0.026716482	-0.114183631	-0.37555795	0.086494847	-0.059579142	-0.299790292	0.010935504	0.10370561	-0.000710059	0.013517433	0.166024381	0.016150251	0.025044429	-0.173855723	-0.224543106	-0.024719115	0.290922277	0.047502407	-0.002480183	-0.062339807	-0.164653551	0.073406797	-0.28236762	-0.049813729	0.0539978
UMARY	933	-0.180163462	0.125157937	-0.192419744	-0.07052473	-0.105473803	0.099069949	-0.018234458	-0.069136124	-0.073779288	-0.088100154	0.3011809	0.01786932	0.06825852	0.212388446	0.011969578	-0.052700295	-0.384371825	-0.191211026	-0.035388572	0.17241295	0.641040931	-0.112794856	5.73E-05	-0.09895424	-0.034137077
UMARY	1028	-0.124362745	0.060733308	-0.25972946	-0.016014461	-0.191589818	0.479504554	-0.1059979	-0.120729864	-0.214884367	-0.122575531	0.170330866	0.002238633	-0.210802989	-0.151502119	0.017608307	0.000907622	0.215658488	-0.183196601	-0.00395709	-0.096280264	0.05580925	-0.254000383	-0.459314145	-0.397211421	-0.190570877
UMARY	1037	-0.020565512	0.089226354	-0.31838153	-0.091022977	-0.065814655	-0.062780107	-0.010753612	0.015153266	0.057942177	-0.026016055	0.228121951	-0.006659267	0.08317191	0.372270715	0.150774929	-0.114306553	0.342771032	-0.151402104	-9.34E-05	-0.035166144	0.532959854	-0.01972489	-0.116766343	-0.378665851	-0.107304897
UMARY	1064	-0.005040336	0.070934586	0.236539867	0.000354953	-0.074734491	-0.129583066	-0.012193226	-0.024365451	-0.00188582	-0.140265701	-0.114587996	0.141042679	0.15968075	0.262230115	-0.004711373	0.008383807	-0.067121007	-0.041426151	0.218811376	0.22458527	-0.196713307	-0.104498562	-0.124477358	-0.095487839	0.204672902
UMARY	1065	0.210761652	0.134709788	0.504351903	0.028249905	-0.099243964	0.103630108	0.02139537	0.038166829	-0.002727533	-0.152445673	-0.274320816	0.055893084	0.048817278	0.313080344	-0.310394321	-0.008091719	0.319600643	0.07408968	-0.286734875	0.083883752	-0.015074921	-0.096144205	0.527670965	-0.031654071	-0.078575612
UMARY	1076	0.041391029	-0.108546795	-0.18439275	0.048651788	0.057351818	-0.193673277	-0.014887149	0.045123558	-0.010566202	0.093729718	-0.050157497	0.097424942	0.08874901	-0.223752856	0.083181135	0.024525894	0.157412635	0.032066032	-0.096688332	0.099236135	-0.098891008	0.08151069	-0.27170584	0.060462721	0.112958571
UMARY	1078	-0.270662914	0.348876566	0.331599062	-0.258173391	-0.160287553	0.048090647	-0.153202961	-0.075855566	-0.249368613	-0.164059332	-0.456069839	-0.027741247	-0.037780022	-0.134293326	-0.137345616	-0.013562266	-0.499423413	-0.096273048	0.148702512	-0.054461113	-0.358258963	-0.14722705	0.134593627	0.171307696	0.253338329
UMARY	1079	-0.015928829	-0.019116954	-0.186235636	-0.148406283	-0.097093367	0.053962142	-0.064415817	-0.077653872	-0.112712738	-0.115185044	0.098628748	-0.01257866	-0.061481902	-0.006862392	0.132603561	0.061671827	-0.318237918	-0.089761953	0.159330123	-0.158083598	-0.000437616	-0.167065626	0.184870064	0.097118369	-0.305140498
UMARY	1104	-0.012317806	0.069614119	-0.157110508	0.241742425	-0.003410043	0.526325415	-0.049426816	-0.006048196	-0.034882163	-0.032090591	-0.074117766	-0.13108974	-0.068470547	0.047147672	-0.069112909	-0.032034766	0.152883086	-0.010662181	0.081558678	-0.013805177	-0.022581087	-0.013014561	-0.205026404	-0.131630305	-0.005761199
UMARY	1105	0.119851447	-0.132293375	0.187489971	-0.009627732	0.0892481	0.011823834	0.136765871	0.12698765	0.169737137	0.110309954	0.159279965	-0.112836352	0.090754644	-0.307599875	0.245688097	0.106824297	-0.015234958	0.1250868	0.19445772	-0.018020276	-0.071177584	0.171833438	0.171140043	0.083300028	-0.000609463
UMARY	1114	0.035415865	0.192673174	-0.054482127	-0.069342729	0.080592674	0.425141102	0.105681921	0.060071174	0.027211939	0.079593386	0.157275816	0.061021793	0.238034463	-0.044424401	-0.231697681	0.038755762	-0.583601027	0.052799151	0.374695017	0.083900592	0.259814401	0.137816101	-0.291560466	-0.005650806	0.063746491
UMARY	1133	-0.005449562	0.109792064	-0.324400005	-0.048667402	0.07934356	0.347410497	0.198822299	0.022479315	0.111788709	0.156350161	0.679023082	0.059002149	0.287452188	0.682834189	-0.144978816	0.133070263	0.366782126	0.073113693	-0.097624491	0.255558261	1.298195577	0.157892978	0.039424833	-0.02544106	-0.067173468
UMARY	1134	0.039185905	0.013225953	0.43098966	-0.011054081	0.101272422	-0.073128961	0.034114474	0.018279988	0.097379799	0.021666437	-0.235069342	-0.10088091	0.013908922	0.18354362	-0.167744656	-0.01641576	-0.139562722	0.032189919	0.056892059	-0.035255063	0.141471114	0.054994739	0.064552405	-0.141988873	0.118958874
UMARY	1136	-0.032627386	-0.08911849	0.00396055	-0.072664587	-0.053057778	-0.354726427	-0.014568191	-0.115755818	-0.074438876	-0.056422671	0.164296963	-0.008898178	-0.050508073	-0.193243218	-0.026948084	-0.038007086	-0.089990312	-0.077157617	-0.096286456	-0.039437929	-0.152448763	-0.051995259	-0.280332859	0.14928938	0.026153728
UMARY	1158	-0.031329336	0.011262163	-0.036160908	-0.035480619	0.108974648	-0.342409201	-0.02414737	-0.023065832	0.056143345	0.050002166	-0.199526346	-0.071081124	-0.025574729	-0.035196592	0.082638913	-0.015582617	0.307750241	0.018188844	-0.473980478	-0.015531909	0.172616453	0.063656167	0.131251826	0.238566466	-0.08823874
UMARY	1170	-0.001818328	-0.061485538	-0.126056571	-0.039408253	0.056339901	-0.137561676	0.040572767	-0.008627606	0.053538972	0.017176789	-0.151094409	-0.004089196	-0.010541608	-0.016178347	0.055713348	0.020523801	0.281175667	0.064200903	-0.173486585	-0.003546513	0.068174058	0.014498183	-0.164790999	-0.18874075	-0.014863889
UMARY	1206	-0.038509726	-0.053999561	0.349794568	-0.138861937	-0.011342834	-0.355207486	-0.050388937	0.000851016	-0.016701238	0.062385629	-0.418586591	0.002454727	0.027308295	0.043110126	0.183107035	0.00349807	-0.397098382	0.029810453	-0.303951087	0.007073021	-0.364051626	0.056840909	0.20809261	0.115388075	0.212987791
UMARY	1209	0.117098735	-0.080488895	-0.05659321	0.026389342	0.065678949	0.318496602	-0.026671295	0.011595625	0.011486969	-0.006734484	-0.075744349	-0.004743824	0.094734765	0.13964778	-0.160692572	-0.118154259	-0.052721362	0.104481727	-0.046398844	-0.080162985	0.289576152	-0.012026557	0.306178445	-0.103933523	-0.217958431
UMARY	1226	0.03426888	0.09625344	-0.109539061	-0.011235309	0.017624034	-0.239735962	0.054212205	0.043512772	0.00191894	0.018125106	-0.161853875	0.014293262	0.080945191	-0.110831361	-0.087286652	0.049892624	-0.316186257	0.092550183	0.237562552	0.012688726	-0.087187365	0.120669626	-0.22286172	0.054600286	-0.020994965
UMARY	1230	0.061786766	-0.094001807	0.049618658	0.005295359	-0.031251145	0.139840685	0.033154284	0.057403498	-0.003445978	-0.00795233	0.505204467	0.105662032	0.069351652	0.197840814	-0.076839433	0.002603712	-0.100704766	0.013256351	0.078784556	-0.008099945	0.363466329	-0.035745869	-0.196693008	-0.060906002	-0.069485239
UMARY	1260	0.261717898	-0.229823332	-0.089656327	0.172129042	0.143122239	0.346581353	0.150603995	0.102732055	0.158603748	0.154318776	-0.111036328	-0.01224072	0.088394209	-0.004393603	-0.206613641	0.126783421	0.313617255	0.141651234	-0.025752972	0.126838053	0.155194436	0.166148907	0.092599299	-0.033457245	0.052965468
UMARY	1326	0.070486031	0.186966458	-0.35618343	0.062892441	-0.013320429	0.297308229	-0.060058848	0.086590374	0.001297522	0.085412762	0.263108557	0.009079017	-0.025406781	0.105078459	-0.113506667	-0.001146588	0.085216801	-0.016461387	0.137900388	-0.095654203	0.137370027	0.039736099	-0.222401661	-0.131397967	-0.040000046
UMARY	1454	-0.014523727	-0.043601062	-0.358974949	-0.155060887	0.034512583	0.000566177	-0.017561462	-0.01692459	0.053779489	-0.053134396	-0.46486863	0.018784609	0.13849777	0.103659752	0.264890233	0.014610925	-0.181839559	-0.094942066	-0.089562921	0.004373164	-0.084887	-0.040526277	0.164125459	-0.099971007	-0.124400072
UMARY	1465	0.071130652	-0.178153124	-0.112044701	-0.007850498	0.022631017	-0.327874085	-0.086660009	-0.013633572	0.008832621	-0.042328288	-0.361026361	0.000848334	-0.0572412	-0.395338546	0.123930894	-0.003739142	-0.28947706	-0.089020644	-0.049333264	-0.064623103	-0.249758946	-0.061786418	-0.047517726	0.232751313	0.055329639
UMARY	1486	0.134683209	-0.056284256	-0.137781736	0.094668278	-0.009218126	0.322330703	-0.065777745	0.072876827	-0.104296367	0.07735734	0.132686443	-0.073703135	-0.090270703	-0.131248455	0.200071787	-0.165415275	0.054817709	-0.04647617	0.106449022	0.06114245	-0.133246513	-0.124556094	0.084353484	-0.176957537	-0.072435399
UMARY	1498	-0.007882479	0.011936026	0.214266344	0.086569447	-0.053632747	0.067951188	0.00305908	-0.06945314	-0.025274608	-0.12848806	0.004847347	0.059930892	-0.051001549	0.192475401	0.035735103	-0.021744347	-0.203368521	-0.070442428	-0.007193942	-0.118785987	-0.208223162	-0.032457713	-0.052826956	0.056260752	0.089260207
UMARY	1502	-0.100277802	0.149631327	-0.218117298	-0.099396974	-0.154624537	0.340658249	-0.065245544	-0.140596806	-0.120240095	-0.0767564	0.526261646	-0.13705372	-0.069790786	0.062978016	0.064809027	-0.101376233	-0.16762244	-0.061094267	0.255784342	-0.088956249	0.224481266	-0.161762355	-0.235724048	-0.116804825	0.006240131
UMARY	1535	0.019449822	-0.117148322	-0.051362702	-0.13351894	-0.029949386	-0.047495677	-0.046886498	-0.002833451	0.042463433	-0.008961889	-0.671838528	0.031822582	0.049555653	-0.034062612	0.239380675	-0.070932148	-0.003890952	0.039695826	-0.035833951	-0.00832336	-0.237834486	0.094403897	0.128933952	-0.16662019	0.067037138
UMARY	1540	-0.081167998	-0.029982405	-0.093209105	-0.025903351	-0.046602497	-0.298246341	-0.047038327	-0.120222224	-6.23E-06	-0.049753072	0.324617906	-0.062054192	-0.103807345	0.223428275	-0.146664118	0.019386578	-0.481800658	0.050749767	0.098216688	-0.125977623	-0.029171418	-0.036965086	-0.264427824	-0.17233036	-0.110275855
UMARY	1541	0.112890829	-0.05975197	0.056774433	0.079983686	0.042019975	0.080238438	0.098298875	0.013469917	0.042205685	0.063882763	-0.041104367	0.160796706	-0.00358228	-0.137692997	0.016978673	0.115235357	0.017833638	0.07818472	-0.009250623	0.085713655	0.078599855	0.140351549	0.098292996	-0.029347835	0.130546765
UMARY	1544	-0.053694245	-0.059084358	-0.060115464	-0.04348425	-0.112994966	0.313381593	-0.096884042	-0.10866361	-0.055510914	-0.04585419	0.154968151	0.055709269	-0.076099181	-0.129431885	-0.018623968	-0.008035844	0.284441897	-0.013308645	0.151696404	-0.02616712	-0.134224851	-0.042327274	0.024056831	-0.067744913	0.052517944
UMARY	1545	0.02191695	-0.114460055	0.153273324	0.09037691	0.105694839	0.369485747	0.037551415	0.090188698	0.065988857	0.068198006	-0.102406016	0.124696363	0.175410811	-0.140376401	0.068612113	-0.00310934	0.249295312	-0.029360978	0.273802536	0.217621251	0.199064573	0.122375348	-0.408659034	-0.175010544	0.128017773
UMARY	1568	-0.032095062	0.040259883	-0.079918388	-0.130427913	0.084489125	0.174710756	-0.073978686	-0.013074278	-0.070016908	0.086090061	-0.065245485	0.08121003	0.075001019	-0.187195175	0.036408408	0.012987915	-0.014747388	-0.057475083	-0.060809304	0.12086989	0.156192494	-0.047112107	-0.13792525	-0.117185926	0.243731598
UMARY	1570	0.021053793	0.078174704	0.07872384	0.012939122	0.072583628	-0.121647386	-0.026301852	0.011625859	0.068283398	0.021343029	0.029277312	0.003056848	-0.062829532	-0.008446569	-0.164687924	0.081968167	-0.15387892	0.001334952	0.032650716	-0.028846631	-0.053926522	0.062836481	-0.179886678	-0.164736591	0.000888885
UMARY	1571	0.008897937	0.224628933	-0.092641139	0.15057744	-0.110341881	0.411851156	0.079526061	-0.003063196	-0.074897131	-0.090141487	0.461678432	-0.029100604	0.001940981	-0.038972898	0.019854213	-0.102341349	0.091422059	-0.015004043	0.498002852	0.084019549	0.21453995	0.068205299	-0.646176649	-0.228679751	0.03858895
UMARY	1578	-0.075572105	-0.028580522	-0.22684667	0.06708522	-0.10502747	-0.118878555	-0.020490111	-0.043473454	-0.081600887	-0.077671842	-0.273683201	-0.041456246	-0.066480092	-0.058011598	0.002739757	-0.099130592	-0.128785988	-0.090689172	0.276852371	-0.00306866	0.119313325	-0.106771535	-0.274599099	-0.378237689	0.021573501
UMARY	1583	0.098878967	-0.28036994	0.118092646	-0.08284417	0.089983259	0.095687806	0.131040548	0.093704564	0.120336443	0.109643696	-0.501580243	-0.000256666	0.234232141	0.178012931	0.314287712	0.086484901	-0.159981406	0.144472601	-0.209628998	0.016600545	-0.519746719	0.166668565	0.466495057	0.10225376	0.071667797
UMARY	1584	-0.09451976	0.078994814	0.176840573	0.128486502	0.024042301	0.068918008	0.032013459	-0.028119807	0.010764674	-0.043858448	-0.071964645	0.079922443	-0.034919051	0.15506734	-0.121504553	0.097883855	-0.084981481	-0.041715231	0.129543213	0.101979622	-0.112305121	-0.010690939	0.322955501	-0.094843742	-0.067767226
UMARY	1611	-0.125153352	0.056056907	-0.143169707	-0.045041213	-0.072098475	-0.53935422	-0.014969284	-0.103087369	-0.135185193	-0.154273027	0.545165141	0.060000229	-0.200105599	-0.16733229	0.176963861	-0.065266996	0.282892244	-0.282199761	0.104261116	0.075279694	-0.209475546	-0.240408819	-0.133312417	0.283868913	0.053768271
UMARY	1612	-0.047706342	0.020727217	0.461896746	-0.169011996	0.150889716	-0.144923308	0.08608033	-0.055739665	-0.05527623	0.089922348	-0.213319061	0.00910715	-0.020247526	-0.033043269	-0.269177583	-0.04388681	-0.115021103	0.016682674	-0.278316618	0.070756435	-0.008639149	-0.050502865	0.563671446	0.125051914	-0.113374808
UMARY	1613	0.003003042	0.272352635	0.045951385	-0.22888103	0.005664476	-0.165941774	0.104703498	0.151831051	-0.030475523	0.010343924	-0.340234833	-0.18507069	0.041643146	0.518535588	-0.189397154	0.178280877	-0.064882272	0.034729371	-0.317095434	-0.038522204	-0.061860178	-0.03855003	0.062950068	-0.015838413	-0.1107878
UMARY	1614	0.044306127	0.087095834	0.141218122	0.104775237	0.067377085	-0.235412314	-0.053553179	0.048439653	0.030060725	0.042933388	-0.06538758	0.122898119	-0.005834502	0.131625886	-0.117896295	0.040140619	0.086771194	-0.015318126	-0.116357774	0.175118672	-0.170654651	0.011830604	-0.046329979	-0.007148114	0.061996193
UMARY	1648	0.020064464	0.178044443	-0.164311864	0.018811759	-0.018360434	0.0957618	0.006009581	-0.027712522	0.044644865	-0.010259535	0.295057152	0.053657466	-0.104272715	-0.018934618	-0.216405345	-0.077602609	0.11921369	0.056503586	0.105953643	0.166812884	0.238872401	0.035736102	-0.074108042	-0.011234881	-0.025841779
UMARY	1652	0.044124503	-0.096345881	0.183370943	-0.279391274	0.028576902	-0.095948967	-0.00580297	0.044574384	0.060350432	0.012639176	-0.636716458	0.129875513	0.043136144	0.515317011	0.058438093	0.086329413	-0.472220677	-0.028197835	-0.343657932	0.122432842	-0.412185238	0.060007589	0.560072551	0.165419063	-0.122845862
UMARY	1668	0.077404085	0.068422971	-0.041361986	0.019397254	0.070150214	-0.03498734	0.053755445	0.051857461	0.119233553	0.090382431	0.235959604	0.080277053	0.156236483	-0.021413936	-0.115059544	0.076136381	-0.072421784	0.092629385	-0.139153596	0.038026449	0.104834631	0.153151948	-0.094122463	0.037582371	-0.042678714
UMARY	1710	-0.139964685	-0.108341974	0.065878467	0.038660752	0.024635288	-0.355160371	0.13294814	-0.103171728	-0.010321297	-0.125122633	0.104809031	0.111263975	0.022883073	-0.012923248	0.011626259	0.02119986	0.659728258	-0.002799983	-0.273434821	-0.096629801	-0.360593544	-0.100201853	0.071460741	0.514853239	0.264450116
UMARY	1712	0.137192211	-0.120678954	0.078368945	0.009185227	0.145740779	-0.423553576	0.07090822	0.083621418	0.167112231	0.083757232	-0.101731695	0.009014909	0.074265364	-0.197955323	0.052259927	0.060607818	-0.053141003	0.043079835	-0.012993639	0.023796373	-0.136779884	0.115116074	-0.039913126	-0.017887128	0.11681897
UMARY	1713	-0.163329233	-0.070971424	-0.250686024	-0.021205129	0.002174786	0.035506695	-0.019655643	-0.105762183	0.016872529	0.05086423	-0.19299228	0.047284093	-0.006066526	-0.218087956	0.232275456	0.068836064	0.026762914	0.01534408	0.156234235	-0.127404825	-0.22380063	-0.051472725	0.237884128	0.098887419	-0.071437474
UMARY	1715	0.038029857	0.069182818	-0.03418051	0.204396266	0.016903995	-0.140189378	-0.06335126	0.014418041	0.049850851	-0.037703836	0.114201115	-0.065730156	-0.048213364	-0.110607472	0.062927393	0.002136458	-0.077293977	-0.04225499	-0.036556715	0.010409611	0.318348017	0.019891443	-0.248244271	0.088039772	-0.125762026
UMARY	1792	0.016040579	-0.085965486	-0.028441341	0.079623396	-0.005365291	0.111107424	-0.011027851	0.002368468	-0.005242783	0.036414387	0.104010353	-0.015312742	-0.044817398	0.007798699	0.061455589	-0.03592271	0.163569527	0.026973411	0.242086046	0.025713509	-0.210812557	-0.077321929	-0.01827369	-0.092769305	0.179172527
UMARY	1795	0.000575303	-0.161920538	0.085410609	-0.001824949	-0.031653315	-0.013141294	-0.066083879	-0.028896677	0.066409101	-0.098144053	0.000988503	-0.06278511	0.015597998	-0.035305415	0.026444799	-0.000977772	0.317311743	-0.060581424	0.035225022	-0.000510505	-0.208695074	0.017331372	0.417930137	0.090032606	-0.026233695
UMARY	1797	-0.064651535	-0.093289406	0.067150454	0.055724322	0.015445185	0.228823452	0.114047907	0.08814502	0.029297688	0.105430354	0.035182555	0.053858195	-0.247703221	-0.242135166	0.05867157	-0.031105697	0.323152249	0.02920834	-0.050388232	-0.005201465	-0.342277259	0.028209349	0.23096455	-0.187864189	-0.096609606
UMARY	1825	-0.086692011	-0.107095652	-0.133777753	-0.021774947	-0.097518844	-0.088274394	-0.018618583	-0.029544903	-0.008770602	-0.060037937	0.054828412	-0.095887639	-0.125262265	0.224281605	-0.01779418	-0.185646205	0.321705957	-0.072406098	-0.017393648	-0.089686833	0.136078114	-0.079268341	-0.024920207	-0.135715798	-0.012613688
UMARY	1827	-0.065052346	-0.113605464	0.044445825	0.115538281	-0.030888856	-0.080320724	0.056168928	-0.071583016	-0.064421067	-0.054363457	-0.003308792	0.07574143	-0.003642109	-0.05769114	0.029932872	-0.013961563	0.139087605	-0.113472067	0.322556783	0.02998052	-0.010405968	-0.037098744	-0.075767628	0.07840081	0.076309047
UMARY	1830	0.184503647	-0.125967661	-0.013263418	0.026215654	0.128568782	0.371503007	0.121888546	0.12191639	0.152118095	0.102040513	-0.499485158	0.014020101	0.200341702	0.276457942	0.130757841	0.136155013	-0.047558503	0.190718867	-0.097623838	0.111045947	-0.204800056	0.147986433	0.319863388	-0.019751008	0.193223511
UMARY	1846	0.067455952	-0.144301277	-0.194613362	0.055342811	0.000139495	-0.012323199	0.045761092	-0.00308497	-0.057172203	0.093528321	-0.231351947	0.09319777	0.00865486	-0.276158998	0.111825598	-0.115374143	0.04704806	0.141110149	-0.086301976	0.011217566	0.069751449	0.005898382	-0.214569905	-0.143226182	-0.144891966
UMARY	1847	-0.131066373	-0.268238169	0.462762143	-0.007446989	0.016536956	-0.045021853	0.077274958	0.061244871	-0.019160087	-0.007822251	-0.373185161	0.071124823	0.087215048	-0.056874912	0.312254775	0.092374934	0.123330235	0.073534874	0.301391294	0.019967376	-0.30747534	0.04847051	0.374790013	0.160823828	0.247543059
UMARY	1849	-0.048873064	-0.031012428	-0.137498387	0.02976077	-0.091849364	-0.196500568	-0.010244016	-0.147462806	-0.085136423	-0.03254877	-0.017659903	0.030479456	-0.03889726	-0.400369663	0.215369391	-0.088059232	-0.069753433	-0.014945965	0.388278013	-0.065446095	0.164925559	-0.083560575	-0.322536225	-0.412224135	-0.075027024
UMARY	1862	-0.050021143	-0.10459319	0.126254604	0.095967822	0.038964121	0.039853056	0.071119212	0.044241852	0.039755941	0.123781259	0.094312758	0.07241342	0.016053837	0.062973148	0.048274445	0.044667897	0.136750267	0.136030903	0.049871043	0.10203694	-0.214674388	0.143557291	-0.169749872	-0.081069256	0.043466752
UMARY	1865	-0.029866733	-0.097337634	-0.257210248	0.136437699	0.033923922	0.081741082	0.028763817	-0.02816556	0.040262476	0.019701599	0.040890118	-0.043286891	-0.064864433	-0.024104217	-0.088533698	0.043969267	0.104242368	0.052337558	-0.114406547	-0.007569015	0.272852418	0.020670605	-0.20769929	-0.132952346	-0.111416216
UMARY	1866	-0.117470177	0.053673811	0.160482248	-0.085842772	-0.10154813	-0.130386489	-0.137287045	-0.178335914	-0.094318923	-0.019847215	0.300758224	-0.135869051	-0.199069628	-0.266996238	0.06664414	-0.022067186	0.363973411	-0.110507445	0.030722571	-0.200164505	-0.318868176	-0.105099198	-0.046195697	0.014779365	0.046883857
UMARY	1867	-0.093800213	0.091272988	-0.127585584	0.119370059	-0.039862688	0.01050774	-0.10855531	0.024455276	-0.084148217	0.026039118	0.533267004	-0.080321039	-0.093260686	0.159183193	-0.299004356	-0.097888437	0.175920755	-0.052220888	0.005548739	-0.022782056	0.237219159	-0.003907215	-0.434070084	-0.272910425	-0.129530066
UMARY	1902	0.02921022	0.113088954	-0.000682763	0.15226039	0.02955079	0.445700664	-0.040306812	0.066984507	0.098453173	0.056893201	0.110029523	-0.039983685	-0.084120422	-0.004677441	-0.325408807	0.034636184	0.244993772	-0.013474226	-0.179918053	-0.067290703	0.013594936	0.096963253	-0.170632976	0.139605634	-0.106271895
UMARY	1903	0.076736125	0.056638488	0.113214467	0.177684355	0.013598845	0.160656996	0.06437727	0.048835674	0.030521347	0.055619459	0.194939824	0.031799542	0.034093547	-0.298774318	0.03123832	0.14982742	0.158921575	0.12710179	0.030408479	0.092607372	0.024321567	0.074130275	-0.413110685	-0.019823527	-0.083909554
UMARY	1907	-0.043490553	0.247587341	0.259746455	-0.117031074	-0.227966747	-0.11324537	-0.192470591	-0.090954636	-0.194999915	-0.112722661	-0.018598397	-0.040124033	-0.155703583	0.154893299	-0.349377571	-0.024756901	0.173512838	-0.166077349	-0.226443406	-0.127379179	0.073865799	-0.193605809	-0.118775567	-0.077515711	-0.220763215
UMARY	1917	-0.004493486	-0.056031742	0.341843016	0.144647218	-0.131486397	-0.186697694	0.009432851	-0.033421431	-0.072142087	-0.062734321	-0.135041895	0.144969759	-0.062332026	-0.192696574	0.046622608	0.090854612	0.302177167	-0.114268624	-0.03213155	0.060277034	-0.314834257	-0.112657365	0.191434026	0.126557622	0.022500158
UMARY	1935	-0.141680775	0.066354997	-0.035632545	-0.205039492	-0.122766788	-0.087931989	-0.086832028	-0.095027405	-0.118230516	-0.120788553	-0.038341897	-0.087338129	-0.236243525	-0.007669458	-0.033952651	-0.105294987	-0.187699535	-0.178726172	0.007765414	-0.005746458	0.510667684	-0.176188993	-0.397278059	-0.058178434	0.043946111
UMARY	1936	-0.038844944	0.043366633	-0.176999764	0.197106859	-0.087145711	0.016079208	-0.006367221	-0.132433682	-0.019271082	-0.106333261	0.513162631	0.112720184	-0.018028674	-0.37519991	0.043419204	0.120703181	0.092847284	-0.030277018	0.238470739	-0.013032054	0.079117964	0.022762506	0.083726988	0.724383852	0.080057003
UMARY	1939	0.508637875	-0.632941856	-0.083995167	0.332506601	0.309668694	-0.180445363	-0.085757983	0.488750927	0.250181524	0.415241235	0.267593852	-0.646640476	0.059656796	-0.161905967	0.340642299	-0.296631723	-0.068904602	0.355084845	-0.380142781	-0.848471635	0.055784038	0.281653111	0.81907357	0.035804256	-0.228774946
UMARY	1940	-0.131857955	0.116232143	0.117117267	0.031356719	0.004000426	-0.351610156	-0.043244584	-0.146288754	-0.051265325	-0.13943615	0.341310902	0.143026284	-0.127758635	0.21175703	-0.518585333	0.086505891	0.270683069	-0.008300118	-0.209595619	0.067847413	-0.382370707	-0.025566936	0.01702384	0.059850844	0.174098147
UMARY	4263	0.12036501	0.085882864	0.386492647	-0.144882643	-0.024254072	0.005111104	-0.023054354	0.030360422	-0.040750784	0.009601442	-0.783916179	-0.103298744	0.151860613	-0.333487913	0.322651985	-0.000774935	0.085275953	0.108489671	-0.311494848	0.126950319	-0.488490285	0.045552279	0.48291898	0.350793342	-0.229649104
UMARY	4540	0.077921258	0.129737078	-0.498472666	-0.091336017	-0.027763207	0.209615397	-0.100456105	0.08327135	-0.025033412	0.093167023	0.621414424	-0.191451539	-0.073917067	0.133058517	0.000935617	-0.062806327	-0.030450813	-0.024916588	-0.156044892	-0.211568286	0.368893419	0.004362808	-0.515499905	-0.025146905	-0.137688119
UMARY	4542	-0.086417933	0.0577454	0.016954823	0.023704515	0.009436899	0.131070683	-0.011092633	0.053862873	0.061986141	-0.03479521	-0.089206793	0.107017746	0.018597791	0.399037144	-0.189090921	-0.010874455	0.117112173	-0.037122533	-0.022205199	0.055914992	0.213193765	0.042715362	0.360819435	0.043093236	-0.112315271
UMARY	4543	-0.1092218	-0.047966334	-0.106514768	-0.028375195	-0.071471781	0.11298287	-0.11050203	-0.035054137	-0.106624211	-0.044813366	-0.011938099	-0.088832842	-0.042456477	-0.218315832	0.158686574	-0.059115115	-0.042780235	-0.055781243	0.161470123	-0.147580529	-0.084872231	-0.006390993	0.144599063	0.071393016	-0.158942626
UMARY	4549	0.097779912	0.078577024	0.058221942	0.117662749	0.037351288	0.2898608	-0.049944727	0.009529043	0.040389788	-0.005583954	0.165704741	0.014820615	0.010222818	0.132301258	-0.339051077	-0.030650122	-0.051839301	0.024629634	0.09514129	-0.067522541	0.182720023	0.033110049	-0.511927846	-0.089646779	0.103610928
UMARY	4590	-0.190846632	-0.096952155	0.068963781	-0.060235104	0.052297944	0.069450482	-0.045673088	-0.14628409	-0.096584497	-0.032698075	-0.276585878	0.06305064	-0.086900186	-0.109588763	0.042160589	-0.024821552	0.183581084	0.087802292	0.245412121	-0.013954245	-0.154189091	-0.074016555	0.29271335	-0.191692459	0.043897026
UMARY	4593	-0.016823095	0.020638021	-0.038438898	-0.075470782	0.062395513	-0.156420293	0.083548198	-0.012071746	-0.034056298	0.02445513	-0.305415213	-0.042891874	-0.06040872	-0.13061593	0.299971462	0.058819543	-0.205055869	0.009496208	0.102612771	0.017714221	-0.094452245	-0.077164295	0.122610982	0.068524843	0.059208596
UMARY	4598	0.015550495	0.206459502	-0.057079643	0.006026807	-0.046010693	-0.246150153	0.03669828	-0.054574104	0.031495084	-0.025615417	0.056852809	0.052043029	-0.161414856	0.067290851	-0.027880989	0.002057721	0.015283027	0.066388326	0.040352949	-0.036473056	-0.026335144	-0.122318401	-0.005118936	-0.069317131	-0.120584624
UMARY	4636	0.009124587	0.171400366	0.064323943	0.018474393	-0.045885048	-0.221613328	-0.090869946	-0.103474941	-0.008455405	-0.110762685	0.312047756	-0.026315367	-0.00779317	0.161268339	-0.274698289	-0.046083304	0.106844056	-0.120200822	-0.019437609	-0.027269734	0.189117038	-0.105131638	-0.116730492	-0.038801234	-0.075207619
UMARY	4640	0.040492241	0.046021919	0.028628778	-0.15803234	-0.113826874	0.02145847	-0.055414869	-0.116541647	-0.085145721	-0.085439743	0.013540562	-0.127757006	-0.081594328	0.144452408	0.080756711	-0.177088764	-0.087218811	-0.117579241	0.118902811	-0.028322157	0.020023093	-0.06918361	0.40523078	0.386878555	-0.115685444
UMARY	4725	-0.014615918	0.152460781	-0.303271187	0.024289834	-0.091311574	-0.026799097	-0.049974839	-0.02703533	-0.005525625	-0.010106186	0.342574848	-0.030119683	-0.030137937	-0.140390554	-0.008503945	-0.182272051	-0.177542013	0.005851249	0.174224747	-0.151095038	0.301540227	-0.060865581	-0.426386093	-0.234583382	0.064894514
UMARY	4726	0.050107932	-0.076159534	-0.018015986	0.039146096	0.065919823	0.271914239	-0.009823195	-0.009135024	0.012218331	0.050009236	-0.10488772	0.05015187	-0.00915366	-0.02811416	0.021554074	0.03224036	0.307730959	-0.062340916	0.173188291	-0.033292333	0.033061475	0.050103081	-0.179614612	-0.154031711	0.089706269
UMARY	4727	-0.104406745	0.124591428	0.006911385	-0.126741568	0.034210349	0.210443307	-0.027701353	-0.132371923	0.037615166	-0.047993214	-0.149013402	-0.038038345	0.19182507	0.01324905	-0.022721186	-0.030029578	-0.185391169	0.016307249	-0.060547835	0.063086553	0.626795086	0.065230847	0.13121263	-0.155690313	-0.03494242
UMARY	4729	0.071976044	-0.171099626	0.131203374	0.010529789	-0.031124247	-0.209910341	0.033021191	0.122528172	0.069372906	-0.005311238	-0.526340406	-0.157488703	0.034503766	0.087569199	0.338774755	-0.082549249	-0.178071325	0.117840078	-0.604870032	0.002434338	-0.240885076	-0.045207973	0.081113297	-0.026905786	-0.076474527
UMARY	4782	-0.033993246	0.019428763	-0.224823743	0.205687912	-0.10681224	0.294620466	-0.154488006	-0.024561885	-0.02510553	-0.165590444	-0.085407934	-0.103057711	-0.075551994	0.200897401	0.081008487	-0.120599608	0.04669198	-0.090545549	0.029577387	-0.067716309	0.016975537	-0.138701295	0.017601391	0.030796883	-0.136570452
UMARY	4786	0.014782598	-0.03813735	0.029996598	-0.049058099	0.007809223	-0.275650199	-0.011627168	-0.050213991	0.01212628	-0.067232242	-0.498783032	-0.117137524	0.162727534	0.183985609	-0.167203837	0.149957822	-0.194099079	0.080972192	0.131476504	0.027532419	0.028389718	0.089397985	0.141457396	-0.011717777	-0.051916223
UMARY	4788	-0.162663391	-0.377642395	0.128615123	-0.443240924	-0.151880713	-0.667216404	0.124825517	0.262015994	-0.051271887	-0.140917448	-0.492726846	-0.143405737	-0.139214937	-0.307309284	0.801237211	-0.330631096	-0.466218334	-0.060044707	-0.590569687	-0.120987112	-0.336102069	-0.160839442	0.488570608	0.63789335	-0.063971237
UMARY	4789	-0.053875586	0.085477033	-0.318010209	-0.164101318	0.089662492	-0.941014067	0.071741619	-0.006707412	0.064504581	0.0263205	0.5238177	0.150059252	0.210852498	-0.182045995	0.245369025	0.083018971	-0.591020365	-0.046330103	-0.173663671	0.07624823	-0.232158735	0.060035838	0.761499504	1.005871258	0.078029514
UMARY	4841	-0.010813654	-0.19226812	0.055116978	0.014194722	-0.029944805	-0.527426379	-0.081429285	0.03060616	-0.02594374	-0.093028489	-0.022475009	0.100293601	-0.152094585	-0.10849839	-0.111291438	0.004421554	0.212800219	-0.080044217	-0.008241759	0.014417085	-0.144498039	-0.045002134	-0.130641942	0.064029499	0.397219746
UMARY	4842	0.124371029	-0.158378272	0.119768153	-0.080139688	0.074838887	-0.172855331	0.116101514	0.167361952	0.071094868	-0.021146804	-0.543537196	0.007378516	0.051776576	-0.056802133	-0.004870621	0.035575522	-0.387017988	0.125023261	-0.413245306	-0.046236808	-0.287796845	0.000908893	-0.135550864	0.015540049	-0.147119378
UMARY	4903	-0.007372232	0.018149529	-0.08028391	-0.017152678	0.020601367	0.221332851	-0.053168937	0.035230013	0.051834242	-0.043736074	0.221572093	0.020285252	0.110375334	0.020238926	-0.172501631	-0.068712279	0.333591615	-0.031410341	-0.123557588	0.100231209	0.442991141	-0.010727034	-0.339008981	-0.218347205	0.159665298
UMARY	4915	0.005264328	0.217359222	0.592617032	0.084564716	0.143384246	0.142075778	0.028484337	0.019942316	0.07758863	0.082652197	0.029553135	0.04456587	-0.075999313	-0.05829699	-0.200073803	0.066364216	-0.054426256	0.000346182	-0.119558177	-0.001300306	-0.172280352	0.127001057	-0.182270871	0.071677568	-0.037602648
UMARY	4916	-0.10641372	-0.112001956	0.177214658	0.077899054	-0.029940654	-0.263993404	0.035536476	0.004369753	-0.177048337	-0.005320684	0.402864975	0.07639872	-0.114897627	-0.233164308	-0.180193046	0.098254624	0.158282037	-0.099170963	0.065099498	-0.003252521	-0.067092061	-0.023580814	0.008547043	-0.041606258	0.080537988
UMARY	4924	0.246607485	-0.178056323	0.10310202	0.075078635	0.349309014	0.257178404	0.179887002	0.245697054	0.224219019	0.4029815	-1.040727169	0.294633983	0.004576497	0.048807545	0.998088983	0.10060882	-0.060762166	0.333054347	-0.190506883	0.137592822	-0.318853319	0.256412094	1.113391784	0.343808972	0.064073407
UMARY	5024	-0.01346711	-0.333475847	-0.431465973	-0.010438701	0.003172939	0.70838275	0.03252439	-0.029959022	-0.047074497	0.154726506	1.983611131	-0.039700514	-0.177100657	-0.381782072	-0.311198893	0.071164552	-0.151051636	-0.004469658	0.415974233	0.049356732	0.115189134	0.063149242	-0.414528845	-0.048142575	-0.206078414
UMARY	5028	0.098215984	-0.008124037	0.17829081	0.049804286	-0.042797106	0.340784909	-0.082337417	-0.004469225	-0.026192781	-0.059327768	-0.404542617	-0.090874627	-0.0050786	-0.107313186	0.20146339	0.167537708	-0.24369767	0.007631968	0.262867713	-0.008568732	0.039095608	-0.025510333	-0.102468262	-0.125322228	0.050625317
UMARY	5078	-0.176021632	0.210966481	-0.091138141	0.030983951	-0.088596073	0.237003368	-0.097973481	-0.139793957	-0.10812244	-0.122063417	0.367159049	-0.085304148	0.005382465	-0.014406673	-0.242828962	-0.039738461	0.138140846	-0.180047824	0.266090066	-0.104604306	0.294583102	-0.075940693	-0.22211137	0.00894096	-0.101677218
UMARY	5079	-0.006139505	0.147245738	-0.069240709	-0.153483135	-0.004714165	-0.002558167	-0.039890228	-0.013433971	-0.008137741	0.024799641	0.017921746	-0.014266348	-0.002761835	0.174609001	-0.054127915	0.055816449	-0.096686894	-0.046157248	0.063674928	-0.025206812	0.374723013	0.003216034	-0.148417243	-0.046451647	-0.015151557
UMARY	5081	-0.09459566	-0.015058247	-0.061971935	0.024849649	-0.133880164	-0.271938049	0.009569344	-0.033084808	-0.00209477	-0.012936724	0.235391003	-0.020605488	0.03664366	0.08299811	-0.064025188	-0.04976492	0.012210031	-0.012000299	0.019034652	-0.069318433	-0.263875313	-0.053964747	0.245019322	-0.026520418	0.149388693
UMARY	5086	0.06600718	0.045076742	0.559615073	0.013107929	-0.011511138	0.202871918	0.119069847	-0.018429859	-0.102400617	0.019666882	-0.263127496	0.132291054	0.047969003	0.084110315	0.137491881	0.045759747	0.351283333	0.018313413	-0.186597895	0.116895852	-0.381046581	-0.064393687	-0.095585649	0.121040664	0.152815991
UMARY	5087	-0.03290492	0.009020412	-0.11720992	-0.040811344	0.031495458	0.107823482	-0.013014774	0.035241178	0.042256253	0.043474836	-0.609398909	0.008490564	0.278084349	0.056450179	0.109016495	0.1005164	-0.196457175	0.022872165	0.12883443	0.12716639	-0.281620038	0.163355872	0.412148892	0.010691171	-0.152497779
