FID	IID	1	2	3	4	5	6	7	8	9	10	11	12	13	14	15	16	17	18	19	20	21	22	23	24	25
BLSA	745	-0.160210657	0.056620526	0.412711337	-1.071859212	0.844582725	0.147332682	0.614796446	0.700246593	0.442741302	-0.150705477	0.220985653	0.288300495	-0.469905642	-1.334423974	0.431333641	0.539160013	1.11728416	0.556770801	-1.250392784	-0.159356344	0.213275694	0.968880311	-0.706996055	7.90E-05	0.598152258
BLSA	827	-0.731627016	-0.315610763	0.33126365	-1.148720693	0.540036659	-0.102763986	-0.04669873	0.785103187	0.187003462	-0.168615445	0.148744528	-0.249761745	-0.426283381	-0.99420457	-0.004154858	1.115449081	1.147591411	0.175227188	-1.25581192	0.261848979	-0.481584139	0.239125773	-0.567331157	-0.00854138	0.522120689
BLSA	1556	-0.047199538	0.01542678	0.038149869	-0.08999257	-0.041102064	0.005548696	0.143316452	-0.202500152	-0.153492795	0.356533399	0.043749748	-0.062913199	-0.127551223	0.013852285	0.055341034	-0.480690372	-0.055664421	-0.1570987	-0.25135524	0.267504771	0.717926928	0.671062595	0.420823463	-0.118110712	-0.006005153
BLSA	1579	-0.372766771	-0.162229021	-0.301169703	0.042275817	-0.04667026	-0.196688892	-0.259696911	-0.024999045	-0.345689422	-0.127309881	-0.117009181	-0.204615517	-0.037709572	0.081915926	-0.268617324	0.159071752	0.128758093	-0.15469414	0.321522707	0.157081469	0.062634482	0.284032586	0.323024386	-0.367662648	-0.118446691
BLSA	1595	0.096692079	0.656281525	0.279006534	-0.039500839	0.520372371	0.128477847	-1.368017979	-0.075883654	0.914805456	-0.545537785	0.463945306	0.720256982	NA	-1.082693627	0.053100236	0.49955141	-0.567374717	0.168936613	-0.494038723	-0.055717196	-0.063071689	-0.423758922	-0.710560308	0.341119008	0.519011933
BLSA	1603	0.560436468	0.082335433	-0.108486427	0.642854195	-0.459573387	-0.111635427	-0.168066903	-0.30021147	-0.091332286	0.067238028	-0.145078601	-0.105923114	0.164960914	0.655651729	-0.111763378	-0.349094977	-0.755397665	-0.128256913	0.977337759	-0.572661337	-0.182292356	-0.93098955	-0.258814891	0.375865096	-0.389825465
BLSA	1640	-0.057881813	0.059802851	0.050964207	0.085796961	-0.158775164	0.103772662	0.175691214	-0.100432242	0.068007631	0.248798928	-0.05410218	0.128208921	0.109184585	0.117138087	0.110389984	-0.219651425	-0.406921545	0.030722153	-0.041563828	0.528648513	0.406164619	0.023571838	0.302766445	0.170473155	-0.088647362
BLSA	1775	0.104510963	-0.092320056	0.101553167	-0.45171441	0.312771187	-0.043971751	0.043214934	0.132193261	0.189632685	-0.439748939	-0.080848795	0.018990874	0.074044557	-0.14631227	-0.215918679	0.812429645	-0.077668747	0.109084262	-0.989738321	-0.325766662	-0.824154522	-0.268737096	-0.579957167	-0.059590093	0.34952431
BLSA	1802	0.22822385	0.069543169	-0.231531118	0.637112622	-0.29572553	-0.04711052	0.12392585	-0.205045776	-0.190660781	0.02234624	-0.201232334	-0.010477464	-0.002359975	0.858981316	0.031238091	-0.069562863	-0.283515878	0.103739958	0.692995967	-0.289826489	-0.092997232	-0.348566671	-0.027868668	0.156898031	-0.352303107
BLSA	1805	0.661792447	-0.00672991	-0.279168851	0.993504904	-0.588220987	-0.243410043	-0.24369584	-0.206961265	-0.150229325	0.03224067	-0.112622708	-0.222627279	0.114494708	0.901309878	-0.141100575	-0.668243356	-0.566465686	-0.311523394	0.872184817	-0.316167114	-0.077925563	-0.986762751	0.061822936	-0.010587557	-0.567142115
BLSA	1838	-0.094634887	-0.293445504	0.50436904	-0.275762308	-0.227833458	0.021951377	0.188237827	-0.175441156	-0.062742565	0.020622825	-0.158911026	-0.007235172	0.232089363	-0.132788132	-0.198793248	-0.054774223	0.903811065	-0.009218261	-0.213507225	-0.218535113	-0.405211988	0.404110011	0.300463113	-0.062933715	-0.016639862
BLSA	1839	0.313627388	-0.001962518	-0.148237716	0.264666673	-0.212441907	-0.068614282	0.152873967	-0.224493104	-0.340363692	0.124978807	-0.101272539	-0.306642538	0.032083277	0.301314333	-0.024450462	-0.104205213	-0.408287215	0.023535029	-0.088910378	0.01758199	-0.053400818	-0.339096017	-0.096659544	-0.143143303	-0.171804204
BLSA	1840	0.043816613	-0.058574142	-0.035224186	0.352739052	0.019116363	-0.007687937	-0.068853008	-0.043967264	-0.093796059	-0.041702443	-0.029124335	-0.09228068	-0.115140456	0.45073577	-0.133727572	-0.224659254	-0.583789577	-0.069919809	-0.150666322	-0.157688226	-0.083535849	0.26249395	0.041588004	0.016261872	-0.034044539
BLSA	1883	-0.075583938	0.07846482	-0.282499811	-0.019249387	0.098634085	-0.034868811	-0.098366403	0.013273535	-0.142613802	0.037939497	-0.107379734	-0.098931921	-0.09096346	-0.106549662	-0.014466022	-0.276105983	0.374150772	-0.091693914	0.228618748	0.094723149	0.041330401	0.091928356	-0.195844307	-0.087944351	-0.085136878
BLSA	1889	0.093558544	-0.143240702	-0.226509746	0.73817907	-0.270818201	-0.04796919	0.09536227	-0.104370936	-0.17040064	0.036393757	-0.105754319	-0.042279793	0.081704473	0.314213129	-0.013292819	-0.147398425	-0.265090325	-0.123853297	0.71028416	-0.167509187	-0.180862764	-0.448884631	0.043594102	-0.026837915	-0.187947308
BLSA	1924	-0.188366092	-0.105740233	-0.102878183	0.041161181	-0.150144555	-0.08443113	-0.182605865	-0.060150786	-0.127714592	0.072314298	-0.119879907	0.010899516	-0.184943787	-0.43057154	0.011536539	-0.151783937	0.14532983	0.032074242	0.406999056	-0.017762469	-0.286121317	-0.017914516	-0.111561446	-0.359953359	0.318331731
BLSA	1961	0.321915157	0.080231617	0.035497648	1.02900976	-0.517061238	-0.014301348	0.085436758	-0.131513902	-0.055938575	0.515339702	0.032131664	0.015743897	0.107661561	0.715811133	0.080080915	-0.672151032	0.403321985	-0.126103406	0.63559032	-0.158387846	0.225125451	-0.117406598	0.148112955	0.065952719	-0.456229314
BLSA	2000	-0.075170681	-0.013481351	-0.081868754	0.083032229	-0.117259296	-0.008962559	0.255304697	0.117135839	-0.140660865	0.138263808	0.032705821	-0.147681204	-0.144452129	0.621635572	0.046318356	-0.181764294	-0.14687914	-0.098952539	0.581775278	-0.034615742	0.275430032	-0.285941697	0.33026659	0.191691918	-0.169216505
BLSA	2020	-0.153516811	-0.008712729	0.060601258	-0.623969256	0.441714296	0.095134895	0.214236213	0.285442816	0.182167874	-0.232034782	-0.032613073	0.234418798	0.042187246	-0.608652928	0.032023871	0.320601508	0.096989882	0.105555924	-0.0381217	-0.100734364	0.075157726	0.425938049	0.099591993	-0.095954339	0.275495031
BLSA	2037	-0.028261274	-0.276880094	-0.11801214	-0.225400576	0.242842051	0.003519338	-0.003611106	0.121353159	-0.054367415	-0.054933718	0.121697785	-0.102373301	0.314246093	0.190993975	-0.128348839	0.156440761	-0.306963362	-0.225040937	-0.046963496	0.38736113	0.123733098	0.198300686	0.287712829	0.11021183	-0.319605177
BLSA	2066	0.039280321	-0.035775302	-0.123371618	0.205717729	-0.340227928	-0.048094467	0.02045707	-0.150594836	-0.08234434	-0.092755114	-0.029436521	0.038110686	0.069519058	0.263049983	0.017832417	-0.073061643	0.110684726	-0.083779813	0.493052418	0.124869374	-0.106830196	-0.270869076	-0.036371721	-0.184187912	-0.032222331
BLSA	2069	0.362534078	0.051086717	-0.084147401	-0.084252323	-0.114465392	0.114958937	0.388221775	-0.0186585	0.093098748	0.343567234	0.076578479	0.025417248	0.449167206	0.101106531	0.153030974	-0.32337973	-0.322626582	0.057521621	-0.214315064	0.258098054	0.357649589	0.02245828	0.398308441	0.021682799	-0.261307766
BLSA	2093	-0.338779064	-0.095288296	-0.219782092	0.032930904	-0.042688265	-0.106648178	-0.056220603	-0.025967712	-0.358689455	-0.030182917	-0.053888318	-0.227842176	-0.192693005	-0.085510995	-0.104307928	0.142056391	0.287999472	-0.030924317	0.406077869	-0.051022946	-0.319632914	0.265412495	-0.171370379	-0.279052439	0.011617488
BLSA	2102	-0.502389364	0.460197183	0.528771038	-1.118559523	0.562937894	0.546462088	-0.005242124	-0.10355659	0.483579451	-0.133050695	0.308614586	0.401237685	0.000659587	-0.666001948	0.336715644	0.251766165	0.030723466	0.247891649	-1.291054099	0.528033606	0.659193328	0.581612595	0.705260387	0.354264307	0.662270336
JHU	384	0.225506672	0.000394396	-0.236430509	0.293556543	-0.183668581	-0.259378669	-0.174508279	-0.577733149	-0.095883189	0.005478931	-0.02452507	-0.137152584	0.06469107	0.253333001	-0.073458295	-0.580673651	0.229015743	0.134546606	0.018510026	-0.453623832	-0.080509325	0.023004089	-0.063994853	-0.171561517	-0.137445426
JHU	705	0.351818765	0.031585778	-0.186471993	0.305133207	-0.248007251	-0.200050719	-0.107139113	-0.051687437	-0.132640683	0.274329281	-0.160643729	-0.171658255	-0.030641417	0.34603041	-0.194828442	0.127387326	-0.465414734	0.038077236	0.407453231	-0.139691712	0.301629397	-0.202728292	-0.080015418	0.125250155	-0.512018982
JHU	710	-0.078997214	0.156758191	0.06998566	-0.131636304	0.132582082	0.009477972	-0.020578018	-0.016033155	0.088797353	-0.041958817	0.043123271	0.109594937	0.076813917	-0.065263082	0.052573948	0.075176072	-0.202926471	0.049239176	-0.240019677	-0.004694147	0.094370532	-0.09537275	-0.154026722	-0.020342587	0.051678435
JHU	712	-0.185256062	0.224198868	0.090010678	-0.728730342	0.119573968	-0.013095126	0.028433143	0.019430241	0.036814905	-0.089181183	0.14370161	-0.0187183	-0.024049302	-0.534118748	0.010184676	0.116681901	0.155465247	0.093126603	-0.460226931	-0.025859923	-0.24388769	0.805862375	-0.133795003	-0.24531219	0.449719697
JHU	713	0.08434657	-0.597064111	0.317549494	-0.200241055	0.362860375	0.184250757	-0.191088168	-0.021974111	0.163472728	-0.273855853	0.129610107	0.12901787	-0.175243314	-0.624368767	0.139052971	0.382290398	0.840538775	0.202094684	-0.119638451	-0.111965924	-0.180968267	0.251103837	-0.338036848	-0.17924507	0.614657781
JHU	719	0.347230798	0.058285631	-0.008557423	0.827069109	-0.294185905	0.028132154	-0.013426386	0.035705202	-0.00186408	0.281019999	-0.033997501	-0.086204306	0.154784729	0.755634975	0.055160301	-0.516634776	-0.352112723	-0.080715334	0.569862741	-0.145213477	0.121049278	-0.57487204	0.225859261	0.187985218	-0.318290596
JHU	993	-0.695367146	-0.029993648	-0.011506018	-0.492962273	0.462434476	0.170891417	0.53571122	0.301335178	-0.016589564	-0.426741632	-0.081039223	0.16464982	-0.181180768	-0.525703097	0.043383504	0.582693613	0.216604372	-0.13678184	-0.668338558	0.435173803	-0.317309994	0.130488361	0.209163249	0.024864355	0.154488253
JHU	994	0.002845763	0.046488282	-0.147495684	0.362652531	-0.27056946	-0.065616512	-0.052999883	0.245332923	-0.119061072	0.12231189	-0.111640633	-0.125980828	0.033623864	0.435260079	-0.17268003	-0.056492528	-0.374032344	-0.222396275	0.573645419	0.234814084	0.061127012	-0.253324936	-0.042962994	0.193060069	-0.250052026
JHU	995	-0.052128145	0.109346614	0.112915796	-0.234841417	-0.081019705	0.145388727	-0.004404516	0.065624309	0.076953604	0.148597384	0.095411167	0.136451646	0.08120122	-0.04080477	0.140611366	-0.130428355	-0.047137865	-0.077190855	-0.0812478	0.211061128	0.244499059	-0.084160644	0.377809327	0.085301566	-0.052737137
UMARY	142	-0.188976437	-0.032998146	0.016582448	-0.655046698	0.322379833	0.030071703	0.042965934	-0.18165548	0.096562825	-0.081197981	0.078675932	0.037295356	-0.338223998	-0.698264148	0.063246075	0.35942317	-0.008146781	0.190037065	-0.248045301	-0.048662126	-0.377290805	0.419050083	-0.11859907	0.087657104	0.238450495
UMARY	602	0.013939336	-0.00993771	0.080491053	-0.414542866	-0.069133719	0.052972988	0.203354436	0.02241354	-0.097239545	-0.131785899	-0.018220088	0.057684013	0.365470372	-0.069894649	0.059465725	-0.217666944	0.144807588	-0.038862409	-0.180722744	-0.149884912	-0.264152631	0.311258382	0.065400714	0.161902482	-0.110828788
UMARY	604	0.006450005	0.02485211	0.029725897	0.282367391	0.120464425	-0.03596371	-0.041040552	0.136787227	0.033051704	0.027642315	0.062573308	0.05508245	-0.003813828	0.25314859	0.024327233	-0.271495437	-0.200722031	0.065643044	0.100910934	-0.372827004	0.102066887	-0.0814532	-0.065252697	-0.024833764	-0.091818139
UMARY	813	0.344259535	0.074631422	-0.045841233	0.249398326	-0.104037	0.010267655	0.043818661	-0.207238836	0.038522478	-0.058576899	0.055369899	0.079171434	0.176554064	0.209796357	0.024741102	-0.217606199	0.123057873	-0.081909299	-0.069601199	-0.013276279	-0.103133114	-0.348748956	-0.052718205	-0.069355625	-0.178715569
UMARY	819	0.190782816	-0.201145995	-0.026578077	0.206624502	0.028789268	0.03319382	-0.053848105	-0.070761601	0.016204471	-0.088479797	0.034849651	0.076117817	-0.005809094	0.167356535	-0.005192907	0.007827832	0.121178008	0.032192534	0.218776988	0.054777424	-0.156989633	0.044889312	-0.047726513	0.21383819	0.031351773
UMARY	871	0.321802107	-0.004662982	-0.003204552	0.45414311	-0.202615128	0.034334424	0.02060483	-0.370624517	-0.020891207	0.002846128	0.007413023	0.119056458	0.202051754	0.193016006	0.047881426	-0.154509791	0.210713814	-0.057069358	-0.080906721	-0.112278943	0.041892075	-0.196469859	-0.012690784	0.028443645	-0.066398082
UMARY	879	0.084101011	-0.066999565	-0.034970878	0.322034529	-0.040333075	-0.007773491	-0.040494221	-0.055661795	0.033606448	-0.06866918	-0.048575698	0.106990017	-0.079789439	0.244629097	-0.080883763	-0.047112634	-0.170014981	-0.026831373	0.125818205	0.139648321	-0.117703036	-0.195190662	-0.019946271	-0.087990339	-0.170934816
UMARY	880	-0.035671419	0.030888999	0.115354416	-0.452038025	0.009437344	0.154097677	0.152330033	-0.275529202	0.123808329	0.072653318	0.203190226	0.095794101	-0.208475456	-0.55421006	0.153752492	0.114957965	0.423468728	-0.038405934	-0.322745274	0.028443448	-0.123437268	0.338141255	-0.084204283	-0.141778326	0.223975041
UMARY	914	-0.012378281	0.217477794	0.005695575	-0.148202734	0.080088981	-0.034319656	-0.07497743	0.112809036	-0.053752319	0.045033519	-0.018663533	-0.055779387	0.036214894	0.023018007	0.014692908	-0.011976283	-0.4765516	0.184985676	0.20503562	0.139802783	0.004901996	-0.178166606	-0.217827241	-0.16354406	0.026023503
UMARY	933	0.182251823	0.053012671	-0.069688015	0.079840295	-0.086188525	-0.077080309	0.167168114	-0.40342236	-0.197685034	-0.170696367	-0.095953455	-0.119231047	0.261995524	0.210421081	-0.066903345	-0.181340742	0.673156368	-0.056353506	-0.213670818	-0.099750018	0.095644698	0.012791994	0.240525283	0.012391006	-0.125779239
UMARY	1028	0.134448087	-0.003140955	-0.280546337	0.184060758	0.005018569	-0.167532963	-0.24409133	-0.017035099	-0.275371943	0.213470857	-0.242053472	-0.264696331	-0.248835865	0.155819262	-0.179787845	0.000530656	-0.275689128	0.002750771	-0.010237032	-0.322552711	0.271299657	0.053471184	-0.035970811	0.346934906	-0.254620631
UMARY	1037	0.193516232	0.267138891	-0.10588953	-0.049711864	-0.190756907	-0.125240782	-0.095051834	0.229539556	-0.1851854	-0.058984432	-0.179313785	-0.240960905	0.320769616	-0.068904263	-0.054197048	-0.184893151	0.06440841	0.214885357	0.067005595	0.079071205	0.236872215	0.194675821	0.097551596	-0.144173105	-0.180704976
UMARY	1064	0.203106062	-0.057797641	-0.056827138	0.087529896	-0.191817629	0.097109835	0.221896443	-0.043234267	-0.07966201	0.221558754	-0.061087795	-0.066842605	-0.017737226	0.129957065	0.074980124	-0.289398622	-0.374832533	-0.006073074	0.132451541	0.155271369	0.029945485	-0.286445682	0.060654232	-0.329360568	-0.138642118
UMARY	1065	-0.094568329	-0.082857201	-0.099760145	0.025495372	-0.233960138	0.133228966	0.249708727	0.197043523	0.063103727	0.232531233	-0.061396115	0.149642914	-0.200719655	0.013431114	0.013218656	0.068891532	-0.005536401	-0.165984213	-0.064998177	0.001592085	-0.028433846	0.24528968	0.290020655	-0.062675228	-0.135929156
UMARY	1076	0.138762649	0.059008715	0.082433687	-0.006262862	-0.161138933	0.090089741	0.048779998	0.174297019	0.067291807	0.313607046	0.080500624	0.171819328	-0.026519645	0.059865076	0.063669514	-0.106098388	-0.164420449	0.028307075	0.004674137	0.343307179	0.179055005	0.064763201	-0.076672088	-0.021218177	0.061424244
UMARY	1078	-0.258589674	-0.162824997	-0.029397503	0.109172563	0.118309429	-0.190239286	-0.192445707	0.014449795	-0.214742917	0.195840244	-0.180760505	-0.207310354	-0.177350868	0.451881649	-0.034685575	0.056559041	-0.114855083	0.008457297	0.234559224	-0.32712331	-0.072331379	-0.475101321	0.029576162	-0.219992002	0.1047447
UMARY	1079	0.32739016	-0.118308397	-0.155017609	0.375942595	-0.196571272	-0.153525602	-0.182541574	-0.1874259	-0.058162371	0.072461916	-0.102961416	-0.210792724	-0.079641905	0.387575629	-0.123305082	-0.013996669	-0.288339073	-0.076934413	0.124713261	0.072217513	0.221298844	0.066285328	0.026633194	0.365191019	-0.226240742
UMARY	1104	0.096271153	-0.05161982	-0.010225027	0.126987566	-0.077460839	0.013699492	-0.081054996	-0.059328293	-0.020412883	-0.003094164	-0.018710041	-0.031798535	-0.055481934	0.167026819	-0.057192014	0.036443858	0.002606388	0.006003917	-0.039199534	0.034663163	0.042835114	-0.180157942	-0.006720932	-0.017640169	0.030422582
UMARY	1105	-0.22262828	-0.068598514	0.107712991	-0.004775634	0.352983381	0.104690458	-0.038677231	0.080667917	0.164509515	-0.049446688	0.112096074	0.101470782	-0.148321723	-0.269425482	0.073548118	0.385514318	0.02129246	0.108160453	0.077371536	-0.073168625	0.269296393	0.139820173	0.0547569	-0.220876481	0.233802392
UMARY	1114	0.126669133	0.074125595	0.074073822	0.366508856	0.072136121	0.056968826	0.138440103	-0.166854156	0.053236138	0.02793029	0.092299346	0.099203869	0.208654151	0.235964222	0.116613915	-0.250394371	-0.150916592	0.050736699	-0.002409043	0.017159915	0.084632491	-0.146310337	-0.021934447	-0.171665941	0.071752414
UMARY	1133	0.536979384	0.463284229	0.15685099	-0.104136984	-0.171875995	0.11482036	0.232291892	-0.394693787	-0.039595497	-0.102511037	0.117849789	0.002382465	0.505073987	-0.055392357	0.158858741	-0.194074085	0.855890889	-0.022314116	-0.383993086	-0.03999196	0.13472294	0.02893389	0.325430568	0.101802852	-0.212392665
UMARY	1134	0.041723035	-0.072501086	0.026411792	0.280041286	-0.136630688	0.035472589	-0.052583427	-0.147548366	0.079696577	-0.175115769	0.042883447	0.034020989	0.113972196	0.035282061	0.073606678	0.091112515	0.117354161	-0.081199943	-0.093253575	-0.073440593	-0.017242918	-0.114455955	0.010619904	-0.068144784	0.07032421
UMARY	1136	-0.087974849	0.019079495	-0.095308333	0.167426854	-0.135735858	-0.080230544	-0.043000324	0.172820523	-0.098754973	-0.019132682	-0.136536452	-0.132838464	-0.05444355	-0.046714379	-0.085201135	-0.004139213	-0.322494312	-0.032556239	0.119869134	0.006158433	0.279804128	-0.33791292	0.06858188	-0.038709629	0.013301142
UMARY	1158	-0.083946554	-0.087832943	0.13050479	-0.638234735	0.262528986	-0.039340244	0.041735569	0.039746556	0.067901044	-0.223827685	0.046414771	0.035618535	0.072863537	-0.423657861	0.03919637	0.170219995	0.126008723	0.029317964	-0.138694826	-0.103605158	-0.209876208	0.169450523	-0.177262728	0.17466751	0.202967772
UMARY	1170	-0.00977326	0.122262406	0.053111066	-0.284068232	-0.004736252	0.033232171	0.026576	0.039138771	0.035678987	-0.089011973	0.049302285	-0.008934777	0.056370178	-0.330533737	0.042394771	0.073776212	0.173368434	0.028654528	-0.213643544	-0.133003143	-0.210639192	0.332380311	-0.081559962	-0.023282926	0.026655336
UMARY	1206	-0.077993939	0.018723024	-0.002169385	-0.369602132	0.183259209	-0.028669452	-0.025034515	-0.057210654	0.039226598	0.090410112	-0.00647679	0.053321427	-0.126774857	-0.361336449	0.064284175	0.081433331	-0.172673006	0.003419494	-0.192845073	0.272378717	-0.244922351	0.583935819	0.005365197	-0.230367878	0.023787235
UMARY	1209	0.13647749	-0.1115965	0.049839598	0.082556212	0.044550015	-0.011034677	-0.050627035	-0.039751493	0.035329146	-0.159396443	0.07304792	0.066804007	0.117995648	0.046272797	-0.014566254	-0.029764909	0.162296581	-0.015302199	-0.010274938	-0.011412043	-0.212046688	-0.101519554	0.055633999	0.396671908	-0.150966941
UMARY	1226	-0.011822332	-0.037923218	0.078444258	0.544715356	-0.081213125	0.042672447	0.042642685	-0.54643655	0.065452482	-0.079163575	0.094729923	0.078928439	0.017854138	0.202685033	0.076662413	0.010561804	-0.259694007	0.076841552	-0.106516277	-0.301536069	-0.06538514	-0.503456374	-0.233734597	-0.119581954	0.18706917
UMARY	1230	-0.005721273	0.204692296	-0.003484912	0.077925406	0.097927327	0.044851785	0.101896008	-0.082388151	0.010269149	-0.044517046	0.040348124	0.027841337	0.010298252	0.011219683	0.035091789	-0.145731632	-0.110269158	-0.015561112	0.050524262	-0.041553422	0.071425979	-0.025005288	0.006815059	-0.142998703	-0.045880408
UMARY	1260	0.121215859	0.129945176	0.188972455	-0.036844127	0.115712448	0.134817311	0.060588877	-0.050981404	0.186508538	0.13404625	0.161551523	0.189325016	0.17067	-0.020596064	0.144544989	0.067619728	-0.327504823	0.0968459	-0.089630496	0.162542547	-0.005591348	-0.063462256	-0.129315305	0.430130891	0.053231474
UMARY	1326	0.103189289	0.0286701	-0.032177479	0.179912652	-0.070811673	0.009618537	-0.107506355	-0.041248277	0.006152571	0.009725016	0.052484418	0.059956073	0.179197034	0.251044352	-0.059264701	-0.231843137	0.086798188	-0.00413396	-0.217419143	0.016810728	0.059300428	0.138845435	0.090341509	-0.154110656	-0.055305049
UMARY	1454	-0.017348339	0.141901072	0.069543724	-0.031277577	-0.01748566	0.063587348	0.073215203	-0.050998133	-0.034399419	0.006099962	-0.018285937	0.060126198	-0.164406041	-0.307653374	0.064606337	-0.028433051	-0.063357531	-0.10004589	-0.159128628	0.411012457	0.036758891	0.239456429	0.11666151	-0.135777461	-0.116264136
UMARY	1465	-0.219604631	-0.043889942	0.055566682	-0.367009312	0.021696597	-0.096971938	-0.096041858	-0.071663373	-0.029035223	-0.080708791	-0.014208338	0.012715002	-0.189396733	-0.288820062	-0.058938663	0.323599098	0.040958308	0.073915856	-0.022275297	0.265087661	-0.028387138	0.054929109	-0.110814709	-0.056600372	0.450551134
UMARY	1486	0.09864141	0.013048458	-0.134368383	0.00360904	-0.051326087	-0.095195134	-0.105954007	0.095806836	-0.06241583	-0.122315817	-0.119168556	-0.104396158	-0.142630025	-0.029978672	-0.132119565	-0.035894916	0.134029896	0.012008021	0.059522869	0.120206313	0.196458113	0.205042703	-0.027879576	0.129039677	-0.186021883
UMARY	1498	-0.12135525	-0.045009501	-0.033829708	0.191711839	-0.059769427	0.014848063	-0.037338662	-0.111854391	0.050284577	-0.094240175	-0.049555808	0.094182771	-0.121198072	-0.138923868	-0.071837683	0.032149694	-0.03490045	-0.076157378	0.267283202	0.018056629	-0.003601878	-0.076648681	0.017347949	0.078208002	-0.051959415
UMARY	1502	0.141226656	-0.056646745	-0.119518297	0.364926264	-0.115862635	-0.116999545	-0.187569167	0.034310276	-0.168817022	0.03965181	-0.162672451	-0.14551931	0.00978853	0.346147389	-0.187750511	-0.143968362	-0.020925628	-0.134369346	0.023836665	-0.208207164	0.075792985	-0.205380729	0.131113875	0.036814559	-0.07345212
UMARY	1535	-0.035107396	0.080137908	0.026405717	-0.130397027	0.083840186	0.034682483	-0.030858479	0.338821543	0.077594757	-0.033171906	-0.047892573	-0.003004617	-0.001813324	-0.00712467	0.056281309	0.029393149	0.030098744	-0.134878367	-0.000223823	0.2382642	0.193464284	0.143688202	0.077748558	-0.045119609	0.078824684
UMARY	1540	0.246275483	-0.155675801	-0.006455419	0.142726454	-0.097183572	0.007323034	-0.10725875	-0.512876299	-0.010427087	-0.371973319	-0.107470021	0.015461791	0.159685697	0.336486816	-0.086892252	-0.199507049	-0.253813783	0.000112935	-0.071764939	-0.17139982	-0.193886645	-0.460587461	-0.300968359	0.460172507	-0.134508493
UMARY	1541	0.039352094	0.058198124	0.057487667	-0.020236848	0.013301672	0.115983775	0.063138456	0.058810451	0.079762292	0.075010754	0.087445794	0.026879481	-0.007848935	-0.181191839	0.13985986	-0.016055033	0.290068989	0.086879786	-0.007234322	-0.077889646	-0.033665697	-0.123328399	-0.041170401	0.122629421	-0.039452731
UMARY	1544	-0.194733884	-0.185565918	-0.058479073	0.209484255	0.067681631	-0.04165521	-0.150596209	0.134699687	-0.013740339	-0.033312414	-0.015158841	-0.072397191	-0.129028511	-0.008388715	-0.008059572	0.058589986	0.050380378	-0.102480071	0.134765021	-0.184614068	0.311310526	0.110443659	0.11012963	-0.015285937	-0.164491069
UMARY	1545	0.151184824	-0.15338844	0.149563518	0.102685341	-0.194613906	0.040096359	0.097244222	0.370192125	0.007036908	0.20170486	0.100478555	-0.037655258	0.037782104	0.163463927	0.051664688	0.020908524	-0.155300474	-0.061940542	0.396843904	-0.022045991	0.199986793	-0.261669277	0.240386335	0.327710207	0.085450188
UMARY	1568	0.135752108	0.195361631	-0.060223784	-0.042770147	-0.030903778	-0.003442999	0.038600482	-0.043846272	-0.051324556	0.072076038	-0.080689375	-0.003429386	-0.138399406	-0.192646769	-0.020014645	-0.065158146	-0.061299843	0.020824241	0.115749775	0.084360825	-0.004710585	0.149141658	-0.023481742	-0.260331955	-0.015698988
UMARY	1570	0.003339962	-0.014538399	0.006535051	0.138541301	-0.07690077	0.005511396	0.009596956	-0.051995805	0.061092421	-0.281326708	0.025855113	0.005719681	0.053003418	0.198658212	0.014624298	0.024423765	0.237323416	0.00844834	0.004708896	0.143528601	-0.147637974	-0.089861939	0.04630096	0.029958707	-0.038403372
UMARY	1571	0.243861922	-0.043276649	-0.055760665	0.473270133	-0.205386639	-0.005942162	0.058880973	0.331047621	-0.105088678	0.213702124	-0.013636429	-0.007066294	-0.039939023	0.440211024	0.028180446	-0.208036792	0.071634723	0.041182059	0.296174071	-0.051109537	0.402060982	0.052786087	0.074239769	0.029863994	-0.24231336
UMARY	1578	0.449477767	-0.137987551	-0.128417027	0.611503382	-0.070708228	-0.194898424	-0.062641529	0.235492237	-0.134760371	0.149663081	-0.078790748	-0.061452462	0.064766008	0.456495694	-0.039334943	-0.251216537	-0.019292746	-0.121673901	0.311888757	0.018168871	0.475382934	-0.151351956	-0.009633983	0.015469827	-0.222078077
UMARY	1583	-0.205887162	0.080008831	0.217842992	-0.365365461	0.31909982	0.133287735	0.069499564	-0.008600889	0.058756085	0.239853761	0.089660945	0.15742689	-0.122732114	-0.680757164	0.105266384	0.135482225	-0.371275768	0.025783479	-0.410221256	0.487991868	0.270945728	0.344769321	0.01496896	0.05644568	0.197032109
UMARY	1584	0.039141774	0.006376554	0.110651768	0.564619513	-0.270932048	-0.036689157	0.042182024	-0.041264285	-0.055195333	0.082973289	0.036772915	-0.118596854	-0.197407103	0.313641824	0.074012161	-0.066861465	0.116204891	-0.287987947	0.39120649	0.179186608	-0.150917365	-0.364850095	0.020828422	0.098447615	-0.127160861
UMARY	1611	-0.198509026	-0.124928586	-0.14873426	0.046137552	-0.080190202	-0.10334097	0.110116183	0.128930379	-0.32349179	0.246496648	-0.102877767	-0.189817122	-0.089488768	0.340096623	-0.155461208	-0.23643355	-0.316318432	0.027437439	0.27028351	-0.139691148	0.026350395	0.10681781	0.13195625	-0.371085856	-0.037578867
UMARY	1612	-0.293067798	-0.113599624	0.026042788	-0.39933993	0.152351088	-0.096371827	0.011259998	-0.04344441	0.05602748	-0.052707742	0.058235348	-0.131248139	0.054918061	-0.281550666	0.115123615	0.115226524	0.403473388	0.0463917	-0.283542372	-0.315744855	-0.452389937	0.14403278	0.121318071	0.006465124	0.10980547
UMARY	1613	-0.152210017	0.079750032	-0.064697107	-0.391484524	0.157988979	-0.088620506	-0.023215379	-0.344692942	0.011229455	0.150281229	-0.10770451	-0.002480619	0.208550727	-0.377181999	0.1166685	-0.004537299	-0.167951651	0.192653194	-0.979185753	-0.049728481	0.04945224	0.340838501	0.00965408	-0.357242129	0.056135782
UMARY	1614	0.098450789	-0.038206366	0.000908857	-0.170990917	0.100340694	0.073696574	0.127211666	-0.102755078	0.018028193	0.019323507	-0.017727648	-0.032773269	0.004170214	-0.120594871	0.040028038	-0.079426345	0.009828195	0.078787054	0.153339167	0.075349675	-0.077029604	-0.013735857	-0.003685869	-0.211583766	0.191736019
UMARY	1648	0.006289144	0.054867949	0.051661199	-0.008073311	-0.015436378	-0.011974744	0.065820052	0.070242707	0.019666525	-0.151922832	0.004273707	0.024275454	0.02349359	0.15975299	0.031633979	0.181152875	-0.104903062	0.112886554	0.288351596	-0.264229763	-0.320893846	0.190605543	-0.106863758	-0.011588119	0.073119527
UMARY	1652	-0.326992762	0.080045847	0.045256032	-0.296636317	0.154718567	-0.012354266	-0.026103451	-0.426415459	-0.033259088	0.339067974	0.013692529	0.030126847	-0.159629616	-0.456821352	0.056583941	0.161772974	-0.015711474	-0.017267954	-0.895540497	0.054317374	-0.049796554	0.352672029	-0.122212966	-0.398590964	0.283161358
UMARY	1668	0.05491816	0.273526992	0.139619025	-0.486337054	-0.176295201	0.129323153	0.065124646	-0.147765773	0.128748938	-0.033562813	0.112618076	0.111910589	0.155768479	-0.266439741	0.060142812	-0.104623208	0.039136023	0.063797996	-0.290232346	0.062992976	0.001885449	0.120670384	-0.091496799	-0.046978003	0.162450951
UMARY	1710	-0.185589552	-0.049777503	-0.027377076	-0.226092352	0.107976101	-0.001341897	-0.035617492	0.226201328	-0.114983405	-0.074003852	0.099022652	0.018584595	-0.255119285	-0.206214908	-0.080591636	0.162339362	0.094199682	0.056304265	-0.191755543	-0.045437411	0.176570645	0.175900162	0.200108853	-0.075481557	0.214541282
UMARY	1712	-0.076334	0.008376499	0.079943336	-0.309554866	0.019538872	0.048735076	0.048124464	0.080845932	0.167650194	-0.187052259	0.110873182	0.110757332	0.149471628	-0.092520069	0.090984962	0.073258336	0.107409273	0.086710669	-0.195803267	0.273696817	-0.100395387	0.030284136	-0.068880056	-0.083528137	0.141769673
UMARY	1713	-0.311020379	0.008034777	-0.004861914	0.030477232	0.037373104	-0.025519635	-0.125884754	0.242759375	-0.046149057	-0.001671402	-0.04857119	-0.050622922	0.012421708	0.028761601	0.011522359	-0.024810224	0.040623226	-0.123909112	0.099290736	-0.053529666	-0.035083137	0.282158032	0.025885665	-0.018691541	0.009696109
UMARY	1715	-0.181571051	-0.104250334	0.013135483	0.387813459	0.013810005	0.024968563	0.022530858	-0.133825977	0.037150845	-0.033901557	0.090487057	0.050830842	0.028658106	0.069878153	0.03440411	0.027100242	0.190279962	0.04645417	-0.00216541	-0.257785303	-0.046160575	-0.172350582	-0.016902418	-0.029494478	0.139235693
UMARY	1792	0.090484309	-0.099686082	-0.099161414	-0.05347083	-0.051488389	-0.016054149	-0.042462772	0.442191271	-0.088261345	0.201592576	0.012978201	-0.021082369	-0.117860753	0.280202225	-0.041711255	-0.088020342	-0.124674887	-0.003167574	0.329714506	0.082140662	0.104933947	-0.027062997	-0.171263519	0.355430671	-0.060150824
UMARY	1795	-0.189417972	-0.072030682	0.023882763	-0.334040978	0.295397689	0.017325757	-0.033603712	0.057779602	-0.046106164	-0.030076271	0.017201252	-0.030285189	-0.074654329	-0.192212752	-0.052082599	0.132155371	-0.076403371	-0.016426931	0.057428224	-0.150826691	0.031724148	-0.022661202	0.126292971	-0.033156553	-0.047658243
UMARY	1797	-0.096073519	-0.023234625	-0.052899453	-0.311255637	0.275806775	-0.0136232	-0.087123506	0.18476221	-0.042704345	0.190337583	-0.017743936	-0.016991411	-0.072831104	-0.442103265	-0.073818433	0.179122247	-0.014034363	0.09384327	0.000382225	-0.015184233	-0.124708127	0.005122329	0.048700659	0.051064209	0.104768487
UMARY	1825	0.187624223	-0.090519295	0.02156854	-0.135700184	-0.073910431	0.001444602	-0.005878732	0.050372252	-0.001032588	-0.01286865	-0.036958855	-0.065196039	0.135437594	0.006223993	-0.089572732	-0.102935588	-0.028329053	0.053808092	-0.012402438	0.039032928	-0.057715514	0.04288363	-0.134140596	-0.072359333	-0.11295785
UMARY	1827	0.083173336	-0.013936513	-0.05001301	0.41628002	0.003318271	-0.003838225	0.012406434	0.250470498	-0.092160324	0.125447184	-0.031102327	-0.060010145	0.07447095	0.437778419	-0.023374555	-0.013678683	-0.413328684	-0.024765666	0.292713374	0.01337782	0.343545988	-0.239616762	0.161986944	-0.068461121	-0.222183161
UMARY	1830	0.031445751	0.165928852	0.107860224	-0.268414957	0.178867418	0.174690306	0.164545112	0.061973864	0.154510971	0.048541632	0.115102169	0.202388735	0.04360459	-0.352632993	0.101999342	-0.243341416	-0.253879334	0.088579793	-0.187861663	-0.124439931	0.041187749	0.08800371	-0.051567894	-0.24191102	-0.019122375
UMARY	1846	0.006003546	0.015728348	0.035836531	-0.205459782	0.097330573	0.014591458	-0.041183292	0.052626391	0.090285532	-0.101564565	-0.007658286	0.031065753	0.089215006	-0.02741033	-0.006506564	0.214817718	-0.240055534	-0.118711165	-0.080959798	0.073430871	-0.210072412	-0.333870064	-0.177073004	0.600722467	0.085730284
UMARY	1847	-0.162067773	0.046889834	-0.040217324	-0.055916416	0.172781957	-0.006827538	-0.036960327	0.07600145	-0.012349399	-0.126638117	0.054237959	-0.029203892	-0.131717533	-0.060051227	0.005973796	0.254014097	-0.153266107	-0.097876516	-0.052494744	0.200076055	0.202819124	-0.21876004	0.268141356	0.236743563	0.185327636
UMARY	1849	0.362726956	0.271792104	0.081956103	0.585681535	-0.277291194	0.064357245	-0.041714724	0.403092647	-0.019552024	-0.010252589	-0.022813449	-0.048068837	-0.043376099	0.605251391	-0.045429043	-0.037536926	0.170060013	0.046107374	0.32598235	-0.020657023	-0.16009617	-0.045756225	-0.123595313	-0.090767384	-0.248564171
UMARY	1862	0.168382058	0.053599286	0.072701343	0.101251896	-0.117514668	0.042139203	0.03983487	0.408007519	0.040374515	0.065879827	0.0885917	0.039781415	-0.066376199	0.032932143	0.182913482	-0.228595224	-0.42845087	-0.017682824	0.234516885	0.050459204	0.219323342	-0.254413573	0.091935251	-0.216327993	-0.070824921
UMARY	1865	-0.065328623	-0.016171428	0.015383204	-0.062128574	0.129295006	0.039208808	-0.076574061	-0.04754659	0.095529713	-0.020144	0.044994092	0.084484141	-0.143264316	-0.131950494	-0.030975495	0.141598876	-0.031459422	0.047633221	-0.076608104	-0.244311659	-0.190782885	-0.120671628	-0.172862001	0.095400986	-0.050116412
UMARY	1866	-0.006827537	-0.188071943	-0.092776701	-0.081897678	-0.088746756	-0.092908211	-0.163796128	0.136083446	-0.136906001	0.048214519	-0.056868564	-0.140030875	-0.006938404	0.09110206	-0.070606386	-0.063585943	0.11788999	-0.025452502	0.04697266	-0.061299893	0.051815146	0.004834234	-0.00348177	0.039351891	0.085468448
UMARY	1867	0.273903653	0.072396894	-0.223369483	0.373910511	-0.041376674	-0.069851492	-0.155101253	0.044629358	-0.072479627	0.057080433	-0.054636894	-0.047565588	0.087030721	0.264979118	-0.053436716	-0.198106729	-0.174030701	-0.021852411	-0.076274172	0.305292056	-0.065836033	-0.236539877	-0.102735599	-0.016159438	-0.240858047
UMARY	1902	0.035668383	-0.064062644	0.047916865	0.271553112	-0.04392276	-0.014568839	-0.070960255	-0.129509896	0.097617847	-4.50E-05	0.049211035	0.063599635	-0.099049473	-0.137760041	0.034662138	0.266558268	-0.038063582	0.084390045	-0.071975665	-0.202587393	-0.155292538	-0.103799251	-0.132366667	-0.090540679	0.037041337
UMARY	1903	-0.052593274	0.150659262	0.105175036	-0.011063552	0.113432663	0.05574111	0.00838246	0.210444965	0.132731524	0.167961166	0.164451311	0.067598328	-0.001649967	0.048185435	-0.012717701	-0.013959247	0.116507794	-0.04037958	0.158307865	-0.057201907	0.018633516	0.229356879	0.104544247	-0.087321259	-0.0629123
UMARY	1907	0.004656127	-0.075765499	-0.170376773	-0.045757591	-0.186656235	-0.205287962	-0.228743907	0.120073455	-0.117081058	-0.097867421	-0.138941675	-0.133120688	0.090627225	-0.252786805	-0.188622036	-0.199177367	0.21502337	-0.20285254	-0.048758672	-0.25316708	-0.080509051	-0.181767986	-0.076235332	-0.291213615	0.027092263
UMARY	1917	-0.198557868	-0.033977692	-0.007569342	-0.145134156	0.250388939	-0.025569072	0.006649356	0.222954666	0.066548565	0.169950683	0.010726819	-0.173310053	-0.219940409	0.06792912	-0.044083645	0.13795626	-0.321953416	0.091901296	0.38400415	0.074636182	0.025436237	-0.240181967	0.026916779	-0.114216796	-0.082642142
UMARY	1935	0.340535293	0.071414059	-0.081947599	0.140119071	0.015490791	-0.236127087	-0.196072858	-0.011250787	-0.198658075	-0.039235369	-0.151901668	-0.083135478	0.210809997	0.114260826	-0.116068984	-0.001044217	0.501921717	-0.037858472	-0.112585608	-0.137475933	0.044163728	-0.038488898	-0.178319663	0.245506146	-0.163142941
UMARY	1936	0.04409979	-0.150924897	-0.004937072	0.454274542	-0.329522054	0.05747959	-7.54E-05	0.127038324	-0.014447308	0.027900683	-0.042527125	0.009991619	0.064347931	0.413017605	0.039258807	-0.267739246	-0.025303899	-0.174628006	0.334350886	-0.090651444	0.045213096	-0.579593601	0.007901948	0.165301395	0.00735572
UMARY	1939	-0.49501282	-0.015014122	-0.109445204	-0.724012094	0.320120459	0.410057246	0.225437647	-0.576136043	0.417488336	-0.850466158	0.244185417	0.533993509	0.313251347	-0.634975587	-0.138670747	0.567171309	-0.223572027	0.508668781	-0.004858839	0.399557205	-0.806487769	0.066247528	-0.40488894	0.37376618	0.142083506
UMARY	1940	-0.145578973	-0.068613078	0.048953475	-0.139825539	-0.203519133	-0.072528193	-0.070005856	0.132291289	-0.191965462	0.044931806	-0.088090564	-0.037344842	-0.251289687	0.165691467	-0.052421987	-0.024434712	0.286628707	-0.036501534	0.399634132	-0.073319217	0.007729248	-0.351605961	-0.09310886	-0.315103236	-0.111807434
UMARY	4263	-0.186888534	0.067492721	0.057193099	-0.71073858	0.498401693	-0.022271452	0.061762577	0.109282651	0.166385796	0.102970668	0.059283208	0.001121185	-0.161211057	-0.624113326	0.019530436	0.573762407	-0.249241491	0.103191884	-0.351186984	-0.051217501	-0.077092323	0.661777348	-0.267966546	-0.064771452	0.317224464
UMARY	4540	-0.072421738	0.085582242	-0.102687152	-0.021211222	-0.037950062	-0.072695617	-0.203330055	-0.143210444	0.031905463	-0.191131654	-0.129210703	-0.004580909	0.094425861	-0.248730001	-0.045436226	-0.106053818	0.426840311	0.021704994	-0.194893285	-0.383962945	-0.280053633	0.164416632	-0.206815288	-0.21015248	0.093063437
UMARY	4542	-0.13434756	0.065727081	0.036889602	0.504550853	-0.063138566	-0.021675486	-0.026575442	-0.223980907	-0.081749806	0.07801009	0.020855453	0.017879125	-0.061001823	0.161852126	0.077339734	0.031290429	0.150668828	-0.065164112	0.090139288	-0.133153462	-0.025510262	-0.272008135	0.127415135	-0.118263299	-0.185510517
UMARY	4543	-0.225934018	-0.167651396	-0.035812058	0.062476516	-0.221391156	-0.089519105	0.013819063	0.006697914	0.035438376	-0.002682065	-0.039236823	0.003622889	0.008208702	0.197061662	-0.030374916	0.024488812	0.200629972	-0.062560142	0.174127841	0.037319099	-0.045960615	0.072263598	0.082166925	-0.150306445	-0.025555896
UMARY	4549	0.223679847	-0.082660516	0.045865404	0.173109324	-0.19166211	-0.047154302	-0.073301497	-0.0155423	0.096406741	0.071784921	-0.029990495	-0.102766309	0.117148821	0.264744584	-0.094720731	-0.215024179	0.058873866	0.097824164	0.030096053	-0.049604521	0.222858164	-0.047429134	0.022402372	0.201316108	-0.22555293
UMARY	4590	0.159563887	-0.142748743	0.004379172	0.103957533	-0.02543316	0.09415561	0.349576961	0.098010039	0.110823677	0.133306698	-0.071313824	-0.036618021	-0.045749796	0.279271347	-0.034312982	0.007491027	-0.102759062	-0.093100213	0.589584264	0.217753831	0.21280095	0.166599352	0.34280609	0.181625905	-0.082048041
UMARY	4593	-0.011463658	0.062352559	0.034730503	0.298715756	0.053055406	-0.026190461	-0.007386773	-0.170803564	0.055887249	0.084114854	0.019902825	-0.029709039	-0.056619918	0.100286113	0.046068398	0.223181595	-0.003047718	-0.01531606	-0.053043724	0.042773286	0.007241979	-0.223944729	-0.064518705	-0.033840855	-0.132257545
UMARY	4598	0.049360277	-0.0296035	-0.069224644	0.285077199	-0.177511077	-0.055607028	-0.065193715	-0.017515494	-0.139504801	-0.091352494	-0.103682536	-0.119800133	-0.003870751	0.162170218	-0.035449363	-0.180257796	0.058404198	0.031394232	0.077674341	-0.047501364	0.179219664	0.10752449	0.052393757	-0.121663482	-0.111368776
UMARY	4636	-0.000668491	-0.158534716	-0.059816784	0.39101192	-0.03647417	-0.072751494	-0.082693219	-0.135983314	-0.11824794	-0.004950756	-0.106842463	-0.116011559	0.034261796	0.218030036	-0.030016914	-0.097067621	-0.049594946	-0.096817933	-0.114700118	-0.132801561	0.025856705	-0.020651453	-0.073528436	-0.171102165	-0.015313732
UMARY	4640	-0.0080185	-0.018351153	-0.105046678	0.249825496	0.071858506	-0.076692548	-0.028907665	-0.02095375	-0.062054638	-0.069445202	-0.097970925	-0.005863902	0.047159431	0.239749404	-0.116665134	-0.223424028	0.277116959	-0.143217888	0.036806102	0.309480947	0.176916141	0.06857315	0.093445153	-0.168295445	-0.159978538
UMARY	4725	0.098830453	-0.024781037	-0.115714673	0.446374787	0.018357493	-0.077162465	-0.016182006	-0.002910571	-0.106003498	0.02676081	-0.07302252	0.064382055	-0.093189816	-0.267692065	-0.138768139	-0.190727942	-0.15363297	0.050394795	0.109354757	-0.030097429	-0.101358401	0.139553834	-0.12675025	0.022550923	-0.305137058
UMARY	4726	0.043520021	0.096281286	0.006015506	0.092864864	-0.030826509	0.065373891	0.007159098	0.233320111	-0.037453464	0.103253611	0.082209615	-0.046452303	-0.043818244	0.269403134	0.040653816	0.005023767	-0.023423198	0.015448997	0.149078209	-0.012556052	0.065109781	0.104336756	0.07694897	0.186361337	-0.125960626
UMARY	4727	0.083152237	0.216627355	0.102221298	-0.114877717	-0.12760172	-0.02413294	0.05063342	-0.085761001	0.061782136	-0.082632376	0.096338559	-0.009387623	0.309092361	0.137685232	0.055959428	-0.062115057	0.429163648	-0.118317505	-0.148652902	-0.026217229	0.026605257	0.170684256	0.147723177	0.212921343	0.066683055
UMARY	4729	-0.211769711	0.085533875	0.046241947	-0.442228697	0.286319349	0.104025971	0.133786503	0.17695356	0.166187647	-0.287237037	0.00700852	0.152793399	-0.057428456	-0.406681694	0.01492273	0.040776918	0.277800807	-0.138315869	-0.233596262	0.049147178	-0.256795425	0.191121233	-0.312291989	-0.143918012	0.045733812
UMARY	4782	0.002456847	-0.208125136	-0.2162143	0.436673848	-0.056952335	-0.086127851	-0.019045728	-0.081096885	0.003932041	0.112032702	-0.231823435	-0.022783514	-0.089170112	0.291645203	-0.130452042	-0.166092486	0.206522192	-0.233101115	0.229767042	-0.010952324	0.157352115	-0.252104284	0.134295914	0.381568574	-0.241266823
UMARY	4786	0.089261994	0.069115492	0.112874564	-0.021861031	0.154484936	0.073821038	0.011194761	-0.185667242	0.033330421	-0.111393798	0.143397528	-0.012588289	0.170504363	0.132927931	0.107891759	-0.061544976	-0.052063009	0.054285662	0.199120735	0.139891241	-0.15394592	-0.020166994	0.096820373	0.092370225	0.064378761
UMARY	4788	-0.809177069	-0.186830912	-0.015575415	-0.706863994	0.188870277	-0.054413539	0.08528695	-0.086866792	0.056076133	-0.46652981	-0.218449479	-0.067284957	-0.223121487	-0.420197088	-0.338778085	0.590903961	-0.005308321	-0.062672771	-0.212005752	0.262088327	-0.111755004	0.299261543	-0.098858167	0.202582907	0.393321555
UMARY	4789	-0.626700478	0.264356441	0.136831335	-0.717322813	0.203587868	0.108853108	0.200122344	0.079531449	-0.01300205	-0.207941463	0.186131396	-0.020441253	0.273971165	0.095232773	0.318990878	-0.183508657	0.235499932	-0.090086786	0.080772536	0.234665022	0.06095838	0.225424975	0.118361547	0.209024714	0.55340396
UMARY	4841	-0.267064359	0.006094876	0.006891082	-0.329210353	0.068038124	0.019186057	-0.082385251	0.133965671	-0.045352327	-0.024919777	0.003287642	-0.048137911	-0.113455452	-0.200994159	0.007403999	0.410446101	0.09226573	0.090214673	0.018828115	-0.163069918	-0.215796188	-0.002691299	-0.202370921	-0.231199839	0.086616496
UMARY	4842	-0.307680883	0.040756592	0.052598114	-0.633341192	0.331343383	0.141697158	0.091597271	-0.204178468	0.089591804	-0.160190588	-0.002410148	0.143886815	-0.05790442	-0.506436895	-0.096605856	0.351826941	0.102111727	0.367214754	-0.612499893	0.058344224	-0.441460613	0.613971648	-0.047429006	-0.268370101	0.406553334
UMARY	4903	0.319205085	-0.022290388	-0.082564038	-0.08640087	-0.299565461	0.014717148	0.056717009	0.045077201	0.125098442	0.047593218	-0.067856288	0.041921357	0.38506967	0.080411568	-0.059179656	-0.071035093	0.092563971	-0.050412322	-0.029507154	0.004521273	0.226124938	0.122317519	0.043992372	0.11500874	-0.045236318
UMARY	4915	-0.161952992	0.154638051	-0.005911435	-0.240832735	0.124050537	0.035363425	-0.002820733	-0.166496774	0.098486184	0.004752896	0.116008764	0.030602879	-0.069518864	-0.319731386	0.093780108	0.070162162	-0.186445558	0.09932127	-0.025577962	-0.470857901	-0.263008715	0.072525683	-0.13184429	-0.172491881	0.003649514
UMARY	4916	0.00068595	-0.106405437	-0.030665204	-0.260843296	-0.054771817	-0.024712767	-0.037814223	0.132502472	-0.0793267	0.003230343	-0.065165817	-0.071341453	-0.178492082	-0.149356771	-0.041282654	0.205647373	-0.345914212	0.081347419	0.438893058	0.047342872	0.072984794	-0.258470191	0.04908154	-0.204580347	0.017776806
UMARY	4924	-0.266811049	-0.01447272	0.422783387	-0.60222829	0.48554529	0.185594566	0.021683005	0.242454104	0.233810675	0.069396646	0.300942232	0.27874689	-0.125360045	-0.334816759	0.131954558	0.394282644	-0.194666481	0.03637837	-0.553346564	0.073051111	-0.012892073	-0.109376345	0.430797614	0.17497322	0.436576051
UMARY	5024	0.252628847	-0.226664602	0.017288885	0.385708065	-0.210802076	-0.010249226	0.006332345	0.155083036	-0.036818538	-0.191557652	0.031684393	-0.029386795	-0.077140974	-0.01414588	0.042515398	0.026097908	-0.332118677	-0.00628803	0.037569745	0.137573032	-0.130241746	-0.204994647	-0.182564051	0.384976728	0.487725611
UMARY	5028	0.040730932	-0.052129834	-0.102468933	0.333690173	-0.154769414	-0.085435443	-0.074627098	-0.004307148	0.017982161	0.328383347	-0.029045693	-0.111148437	-0.093810194	0.254959121	-0.036438554	0.000170701	-0.20732688	-0.088542921	0.072099261	0.308447815	0.075949151	0.075271889	0.187450524	-0.081525733	-0.192502161
UMARY	5078	-0.003546067	-0.129604158	-0.149070678	0.258081524	-0.117796178	-0.177872185	-0.093051201	-0.138454634	-0.175421395	-0.054980319	-0.141811968	-0.142087469	0.04461115	0.304982494	-0.088867439	-0.168149848	0.15820478	-0.039780078	0.151280196	-0.247668479	0.02938735	-0.396570339	0.028563384	-0.219238173	-0.093395875
UMARY	5079	0.068980624	-0.065155646	0.026584802	0.172594891	-0.173695652	-0.027636891	-0.001682919	-0.232019041	-0.045102309	-0.073886474	-0.006251816	-0.101100446	0.178425516	0.162560914	-0.008411294	-0.310563368	0.371136465	-0.044473721	-0.066753822	-0.0974192	0.182489987	-0.15432588	0.097192572	-0.126426915	-0.045802044
UMARY	5081	0.003050212	-0.070202819	0.001434067	-0.027790738	-0.136474622	0.001704848	-0.059181825	0.161509965	-0.066913109	0.275729456	-0.159432561	0.038746089	-0.058805456	0.128242099	-0.014884778	-0.162694568	-0.122340883	-0.077742074	0.205604383	0.156479678	0.024962102	0.233998044	0.070078163	0.087500031	-0.159877359
UMARY	5086	0.130509738	0.010173344	-0.006595988	-0.110204638	-0.130869397	-0.017835982	0.104398841	0.190673851	-0.007507511	0.11960063	0.146634034	-0.004515745	-0.142074312	-0.05380081	0.049459783	0.059550102	-0.243687057	-0.025367597	0.13600736	-0.083831182	0.309798011	-0.06000081	0.013545888	0.267276806	-0.132794032
UMARY	5087	0.109711704	0.115140088	0.005464693	0.001093941	-0.119800992	0.069807393	0.087820434	-0.142508268	0.10535195	0.261047789	0.127519899	0.063866083	-0.038490278	0.002544063	0.155280385	-0.081346441	0.118195832	-0.021835657	-0.157341261	0.164565012	0.086548263	0.056856965	0.024246014	0.099163348	-0.073328216
