FID	IID	1	2	3	4	5	6	7	8	9	10	11	12	13	14	15	16	17	18	19	20	21	22	23	24	25
BLSA	745	-0.455233675	-0.0498781	0.471272117	0.199237524	0.321209903	-0.695188357	0.141003889	0.473271101	0.003774241	0.543071669	0.314852367	0.161483061	-0.319731464	-0.81146607	-1.813723206	-0.850874378	0.420626204	-0.094819672	-0.074959539	0.358578483	0.335076093	0.647096526	0.158362764	-0.266143413	-0.325316202
BLSA	827	-0.313212998	-0.012761845	0.403666605	0.680092296	0.08146843	-1.392309212	0.169554584	1.454607193	0.366876759	0.044779972	0.094880761	0.119174108	0.02037672	-0.697875643	2.203289918	-0.774797323	0.051421448	0.478217811	0.915244091	0.043549126	0.032113395	-0.03839734	-0.012961734	0.028395681	-0.618278465
BLSA	1556	0.308337718	-0.136545025	0.043246124	1.399346169	0.080678516	-0.862323796	-0.05490788	0.264465865	-0.029803461	0.306311324	0.262441779	0.299733347	-0.265191808	-0.04754596	0.347700416	-0.09409725	-0.003760232	0.419063746	0.578897136	-0.054825994	0.064609227	-0.071309587	-0.010994025	0.536618502	0.901965395
BLSA	1579	-0.153311007	-0.304074417	-0.253572366	-0.920154103	-0.152139191	0.345159445	-0.138530746	0.262932412	0.045333986	-0.333194811	-0.139181748	-0.126734165	0.273216297	0.06651888	-1.401899204	0.121510896	-0.167054811	-0.2708461	0.213446937	-0.099812887	-0.444747979	-0.119957197	-0.295995854	0.05232991	0.195333845
BLSA	1595	-0.461416838	0.788839593	0.147120607	-1.172537223	0.663612361	0.176124809	-0.032851621	-0.427880941	-0.065820129	0.461772659	0.307584463	0.264567738	0.214063969	-0.069394324	0.158836681	0.143441151	0.211704047	-0.265589911	0.432146087	0.189598998	0.017804805	0.010946357	0.264440227	0.333835757	-0.094359458
BLSA	1603	0.04091915	0.129477421	-0.132012327	-0.871905156	-0.061841371	1.441267127	-0.025060499	-0.632235234	-0.081579293	-0.287975164	-0.146827858	-0.064742841	-0.387675932	0.168506178	0.814003863	-0.245234796	-0.119297032	-0.116541742	-1.214240533	-0.09492244	-0.014951536	-0.097107477	0.606494805	-0.611788817	-0.283487277
BLSA	1640	0.182509808	0.040944687	0.134333073	-0.155085147	0.041515327	-0.513701504	-0.034634847	-0.107264644	-0.026127397	0.126114086	-0.104481507	0.034256413	-0.300495699	0.129534049	0.781149986	0.033092721	0.128103813	0.129813074	0.349419953	-0.023406858	0.109521789	0.017511054	-0.140444849	0.484950064	0.606805824
BLSA	1775	-0.242182209	0.083028819	-0.172624587	2.144856645	-0.091963064	-0.118406665	0.141880907	1.018328508	-0.097499166	0.343941777	0.04372962	-0.092770531	0.146703358	-0.280198662	-0.424094542	0.103805775	0.045808139	-0.082511642	0.862584605	-0.034710602	0.263692669	-0.157295072	-0.25375788	-0.164054431	-0.818103954
BLSA	1802	0.103664287	-0.269239651	-0.211021894	-0.458845894	-0.166513319	1.408633872	-0.116747077	-0.514099894	-0.212397139	-0.20158942	-0.204082539	-0.155345527	0.344221874	0.19827288	-0.255708262	0.406788169	-0.128458727	-0.042701781	-0.527892847	0.045617033	-0.123231205	0.085479392	0.055426624	-0.308926663	-0.518943199
BLSA	1805	-0.130060237	-0.003575543	-0.28482556	-0.649914783	-0.235532985	1.682916191	-0.244140165	-0.302390078	-0.099267809	-0.389638667	-0.225210291	-0.254180698	0.015673555	0.279408919	0.54976859	0.420347392	-0.349319418	-0.349586807	-1.300981046	-0.212193549	-0.008785401	-0.131785707	0.901883954	-0.674952842	-0.176879083
BLSA	1838	0.116632821	-0.125145093	-0.13868139	-0.957855253	0.007715809	0.120511676	0.050461253	-0.121452239	0.032193636	-0.122593273	0.012191543	-0.068926272	0.391490519	0.334415748	-0.456553417	-0.079379595	0.158024056	-0.350798983	-0.0887244	0.069502324	0.055793628	-0.0969368	-0.052497179	0.174932481	-0.265033675
BLSA	1839	0.229908007	0.112206189	-0.082601427	-0.403917759	-0.162523997	0.938860522	-0.065463293	-0.148357173	0.000744461	-0.344837965	-0.104511696	-0.040734218	-0.254322404	0.11532777	-0.353771344	-0.189626779	-0.136739112	0.080752617	-0.532511607	-0.057258929	-0.027586058	-0.030889898	0.070815176	-0.353018464	-0.305329198
BLSA	1840	-0.061889914	-0.132875701	-0.142503966	-0.01301512	-0.170874271	0.362224238	-0.006652769	-0.303095667	-0.094428795	-0.146631192	-0.1964906	-0.169916951	-0.262021511	0.067807809	-0.490227183	-0.251144733	-0.159444519	0.056792496	-0.471558874	-0.173604826	0.031755157	0.105740835	-0.105095626	-0.224936563	-0.152354691
BLSA	1883	-0.123728056	-0.183830385	-0.144576352	-0.081481466	-0.051688241	-0.219788566	-0.067624724	-0.080704148	-0.003154554	-0.124766054	-0.09869129	-0.144320276	-0.293441191	0.255292245	0.788718035	-0.034515435	-0.072752388	-0.210121772	-0.614544544	-0.066063178	-0.067313038	0.054306986	-0.164988769	-0.061227279	6.20E-05
BLSA	1889	0.05156582	0.055619845	-0.104349657	-0.111922325	-0.179830327	0.864846691	0.066832275	-0.561044022	0.066534675	-0.1389623	-0.176140221	-0.12181826	-0.064266429	0.112426556	-0.250066404	0.337141747	-0.0965619	0.184832367	-0.74742651	-0.085619423	-0.088766914	-0.051135881	-0.024157754	-0.284795443	-0.325687506
BLSA	1924	0.028394855	-0.057164009	-0.030787321	-0.14781019	-0.003931296	-0.235345217	0.047596759	-0.618220417	0.009473035	-0.072189586	-0.048112013	-0.056465842	0.066509525	0.424954242	-0.125026966	-0.18531362	0.018674494	0.281271258	0.359832422	-0.07618128	-0.176364623	-0.213880957	-0.107430568	-0.2056588	-0.178049738
BLSA	1961	0.362334466	0.016575227	-0.048989842	-0.446924542	-0.030672284	0.253476398	-0.132058779	-0.721088408	0.024206971	-0.293622897	0.021501398	-0.076356594	-0.307935356	0.297941696	1.247246915	-0.006608064	-0.116194458	0.332690569	-0.53469337	0.090519573	-0.026513342	0.055916475	0.267086481	-0.297423481	0.066364473
BLSA	2000	0.0102645	-0.13078828	-0.007445273	1.411936319	-0.095640817	0.156060979	0.049774104	0.578468665	-0.001493992	0.161614403	-0.153380335	-0.084363496	0.034741613	-0.13303626	-1.674654141	0.360468272	-0.044804299	-0.15448467	-0.127586094	-0.168502855	-0.014369501	-0.069236619	0.15101375	-0.184966295	0.475809515
BLSA	2020	0.046525046	-0.130049803	0.063579215	-0.310204283	0.039640512	-1.017926102	-0.081095649	0.084233481	-0.010455405	0.187288055	0.072873835	0.122754067	0.122787275	0.02394974	-0.840738257	-0.046336264	0.077498084	0.092738605	0.860169384	0.162359893	0.040238346	0.124229872	-0.133063364	0.486420043	0.534999285
BLSA	2037	0.195432312	-0.053638152	0.12867335	1.0390584	-0.089225903	-0.597501268	-0.007326431	0.307301408	0.135506767	0.124705171	0.05726175	-0.022939364	0.376968229	-0.34574985	-0.40527216	0.201642103	0.010477333	-0.156791956	0.672278996	-0.125370307	0.075184781	0.009916254	-0.455727091	0.360470946	0.2784161
BLSA	2066	-0.070507885	0.003608444	-0.038718596	-0.192379664	-0.105725954	-0.116821411	0.022252975	-0.025123394	-0.016978165	-0.117446406	-0.046549347	-0.104720078	0.04245644	0.071871023	1.331478854	0.243852331	-0.098693996	-0.116979023	-0.272329698	-0.076242558	0.021226782	-0.037069962	-0.088889908	-0.164288272	0.039833246
BLSA	2069	0.163857491	0.160961712	0.212286004	0.210784204	0.059681298	-0.418093699	0.066467821	-0.200017726	-0.031817891	0.035060197	0.229873648	0.083915819	-0.030895068	-0.231511583	-0.508304896	-0.021794294	0.242567539	-0.171721503	0.596117876	0.171490388	0.057725375	0.014272644	0.050952583	0.021956514	0.327316795
BLSA	2093	-0.048732147	-0.019753485	-0.142946027	-0.127281652	-0.025241576	0.42667038	0.056444664	0.131501613	-0.002433591	-0.276314911	-0.237574176	-0.002776572	0.146403261	0.28762098	1.598756195	0.281849249	-0.320946095	-0.25728802	-0.245487051	-0.149929177	-0.22623913	-0.178717606	-0.319261657	-0.169727606	-0.483766692
BLSA	2102	0.219928683	0.218057551	0.331479491	-0.064076996	0.32782244	-1.989346528	0.194825248	0.187863739	0.088612255	0.515103332	0.464042461	0.501227132	0.290364226	-0.217070362	-0.820909471	0.125782723	0.44912183	0.584611037	0.912798627	0.367429045	0.114126679	0.168303708	-0.361210103	1.49199847	1.118682703
JHU	384	-0.074417498	-0.288207634	-0.132490189	-0.362395171	-0.173583768	0.179099414	-0.163460038	0.433367334	0.096835641	-0.158825992	-0.213902921	-0.078438039	-0.228641926	0.271520487	-0.081169619	-0.222165519	-0.156423317	-0.197584669	-0.352842068	-0.174067865	-0.120286475	0.031582778	0.023199473	-0.443125225	-0.027149894
JHU	705	-0.003081482	0.238192354	-0.048656172	0.25651925	-0.112920049	1.054184454	-0.066513497	-0.325019037	-0.13547724	0.104850538	-0.20405652	-0.176931125	0.238319104	0.056141748	-0.836481641	0.333763908	-0.140309715	-0.068326021	-0.922264577	-0.303049657	0.351466502	-0.13305542	0.299390452	-0.303907076	-0.241974816
JHU	710	0.174840657	-0.127036769	0.098614916	-0.16137532	0.036211633	-0.049260282	0.062828458	0.103633334	0.043114087	0.13606458	-0.003529204	0.017729848	0.285813045	-0.109833958	-0.826398781	0.16101882	0.079430174	0.172896962	0.059069348	0.027742211	-0.005290771	0.053058763	-0.311347895	-0.055884883	-0.252704275
JHU	712	0.158411032	-0.160025325	0.002754217	0.033321958	0.006994666	-0.348896844	-0.009521461	0.166663091	0.075483759	-0.017254412	0.003184268	0.017370383	-0.045684015	0.088636725	0.077485555	-0.248751047	-0.006687336	-0.057554105	0.122301657	-0.024269364	-0.065866641	0.099281565	-0.007467171	0.131653068	-0.324327929
JHU	713	-0.447869973	0.396076849	0.16458103	0.008665592	-0.003624814	0.012334642	0.151905818	0.325822397	0.400255064	0.248883005	0.124939738	0.313007663	0.358607123	-0.156132641	0.557565429	-0.66496155	0.223011065	-0.001283055	1.264572791	0.088453819	0.436002264	0.280211421	0.122473187	0.482101847	0.19310328
JHU	719	0.075118698	-0.095040123	-0.008190683	-0.601515029	0.015931058	0.948117631	-0.059713023	-0.673644442	-0.055152904	-0.170487904	-0.025116774	-0.020394836	-0.001763105	-0.035122556	-0.965080277	0.382012344	-0.078448947	-0.056686396	-0.679323719	0.018217332	-0.078684363	-0.119669567	0.058465062	-0.4898512	0.147620278
JHU	993	0.009612097	-0.330149167	0.012750176	-0.130369458	0.30681489	-1.221700897	0.214436761	0.244322999	-0.280579664	-0.012449495	0.287056305	0.010088701	-0.184652205	-0.133598673	0.056836197	-0.406788829	-0.050106063	-0.062870588	0.869017827	0.486775256	-0.262511014	-0.09274629	-0.206151029	0.463652037	-0.0448876
JHU	994	0.003229982	0.371461966	-0.179812551	0.018214649	-0.145378888	0.779510826	-0.171636384	-0.436958731	-0.082120948	-0.261090132	-0.159620367	-0.128361037	-0.068108144	0.054337222	1.767898956	0.424268963	-0.030025446	0.050516689	-0.506136574	-0.208148647	-0.157271474	-0.098016659	0.333014325	-0.15357141	-0.089121055
JHU	995	0.104156486	-0.005272151	0.090449256	0.938933531	0.069555272	-1.353388946	0.041673366	0.161813055	-0.062357794	0.130309813	0.191045475	0.045928441	-0.353889877	-0.035948354	0.249344182	0.241602909	0.159559586	0.220891183	0.145605315	0.088346914	-0.097558028	-0.020646589	-0.311576403	0.368932842	0.639442011
UMARY	142	-0.091489944	0.203228322	0.067526344	-0.188457498	-0.034998829	-0.849662155	0.042887741	-0.174610458	0.096227306	0.079064604	0.043425284	0.008928272	-0.339297996	-0.089116258	0.774662684	-0.49452444	0.093170541	-0.121004203	0.341795849	-0.025905629	0.114063396	-0.02103053	-0.299393118	0.110130135	-0.152124343
UMARY	602	0.044164936	-0.318366715	0.011475989	-0.016244488	-0.076301255	-0.083915686	0.078922624	0.649049658	-0.023897027	-0.08526302	-0.018010503	-0.108502458	-0.136562121	-0.128243508	-1.086340148	-0.224625493	0.025903018	-0.018622921	-0.167110631	0.05342131	0.011010435	0.039997028	-0.065001948	-0.105865428	-0.098207261
UMARY	604	0.007650911	-0.040995001	0.017320594	-0.350349989	0.092579961	0.453616802	0.044517218	-0.358485896	0.151213755	-0.006982967	0.007412646	0.040362269	-0.018233194	-0.115124867	0.654902996	0.035415545	0.03807401	-0.085214489	-0.104475689	-0.052642984	-0.002334082	0.043075209	0.108667697	-0.090558602	0.088518256
UMARY	813	0.033564232	-0.204622993	0.048884058	-0.305938281	0.064176196	0.413595126	-0.094594077	0.39388737	0.000482639	-0.038300629	0.055418403	0.004218558	-0.171940717	0.047334881	-0.373138937	-0.152589277	0.041037548	-0.103470981	-0.103077956	0.051707587	0.08028276	0.07125575	0.155037784	-0.206148894	0.055227162
UMARY	819	-0.023543331	0.22620051	0.049840097	0.034517138	0.071681759	0.314783271	0.164010064	-0.134201551	0.100851486	0.053151063	-0.026228447	0.063015184	0.28216599	0.05562049	-0.570370191	0.206993652	-0.02470665	0.137618754	-0.193977033	0.05458254	0.047822505	-0.00976531	0.13233789	-0.006600694	-0.095373476
UMARY	871	-0.027027659	-0.209017053	-0.003551051	-0.275331314	0.025497426	0.308744798	0.064997404	0.577714697	-0.053669866	-0.04844042	0.030379857	-0.022657758	0.089506505	-0.050170939	-1.088167821	0.002049324	-0.070836286	-0.100091458	-0.254268832	0.064676571	-0.035677484	0.012214083	0.087075521	-0.195838799	0.044807877
UMARY	879	-0.061413783	-0.051807095	-0.031434105	0.362839414	-0.006142633	0.42225214	-0.012647631	-0.364649222	-0.031363944	0.006672548	-0.039744846	-0.012018424	-0.196207542	0.043765753	1.946886197	-0.124597887	-0.0348923	0.021126251	-0.232188902	0.035927268	-0.02579849	-0.068902979	0.182717883	-0.126545945	0.104115045
UMARY	880	0.164850527	-0.039077796	0.175320268	-0.133593152	0.103016832	-0.878075403	0.055840074	0.195669133	-0.033401207	0.040256171	0.127635481	0.215631261	-0.635265627	0.104781165	1.60987416	-0.496235536	0.124986933	-0.010290446	0.054821204	0.09771632	0.064240213	0.10744438	-0.143151541	0.222651255	0.130190456
UMARY	914	0.035803038	0.262133421	-0.029678235	0.44519322	-0.025707412	0.137520204	0.102275781	-0.29500598	0.083819488	0.006544892	-0.013075479	0.067820884	-0.184199833	0.068968964	1.082744467	-0.03901829	0.008131957	0.05650033	-0.176721143	-0.031144472	0.042371842	-5.33E-05	0.119287066	0.085278989	-0.13681493
UMARY	933	0.013461102	-0.360469789	-0.104807032	-0.210260257	-0.120671161	-0.227385632	-0.145607455	0.383307788	-0.068382285	-0.110044167	-0.109754277	-0.190026627	-0.276386054	-0.030324506	-1.388886052	0.03871458	-0.071286698	-0.117256799	-0.177900314	0.022986652	-0.063785889	-0.047638358	-0.103757456	-0.144312298	0.133342456
UMARY	1028	-0.166124896	-0.122259608	-0.138568874	-0.208201814	-0.086519243	0.609701669	-0.229992683	-0.418546738	-0.064053378	-0.238084141	-0.260264724	-0.103622402	-0.132081466	0.250381573	0.461739335	-0.119572238	-0.212276719	-0.44877186	-0.016466427	-0.239367383	0.021744806	-0.057020946	0.187093504	-0.259086126	-0.048225099
UMARY	1037	-0.06751421	-0.149338483	-0.086238893	-0.107052281	-0.119841501	0.344726641	-0.131304872	0.637983684	-0.086534486	-0.143558626	-0.112588941	-0.011073855	-0.118477146	-0.021446832	-0.921181582	0.042807256	-0.093941127	-0.346311308	0.132019135	-0.145017752	0.067797019	-0.097649348	0.035102298	-0.18319426	-0.014242435
UMARY	1064	0.180166587	-0.003961201	0.067551116	-0.281048268	-0.028831032	-0.673959993	0.093116593	-0.341403033	-0.161729495	-0.134912572	0.00363958	-0.008609105	-0.326854031	0.446858295	-0.639882602	0.062958955	0.101326757	-0.345827573	-0.361348442	-0.021071843	0.017386402	0.021042517	-0.005624934	-0.214914484	0.339840155
UMARY	1065	0.318000961	-0.211902172	0.043596825	-0.240314341	-0.076046751	-0.486872475	0.053169072	0.007622519	-0.013604235	-0.047785876	0.004234703	0.063295004	-0.033715725	0.443580778	0.361146217	0.041593067	-0.019987735	0.011503754	0.036733812	0.185344439	-0.106881547	-0.083744664	-0.107063284	0.127596975	-0.067274301
UMARY	1076	0.035039021	0.39006995	0.03550161	0.371731959	0.074439932	-0.189357255	0.045090921	-0.611842007	0.035527563	0.109544978	0.106482199	0.050523877	-0.046322807	0.135215493	0.402482062	0.03850901	0.089319524	0.151353409	0.016289337	0.103220946	0.081307907	0.056271954	0.056170527	0.014657363	0.003576404
UMARY	1078	-0.022896601	-0.381050257	-0.09756814	-0.466602732	-0.186900513	0.024175511	-0.039078734	-0.403574513	-0.083957205	-0.007356589	-0.130168878	0.048044731	0.463331973	-0.176720927	-0.259490466	0.637626512	-0.171068956	0.274755692	-0.150774393	-0.232853001	-0.262142572	-0.111161992	-0.182907184	-0.205545518	-0.055812533
UMARY	1079	-0.216962012	0.003790941	-0.176712105	0.127317093	-0.119868239	0.437823781	-0.133029514	-0.218313746	0.008852124	-0.144576766	-0.1384577	-0.147406489	-0.230436254	-0.155863443	-0.145282063	-0.133976362	-0.135421662	-0.201589539	-0.181288804	-0.167706058	-0.03369983	-0.045971629	0.302894085	-0.050214694	0.063842349
UMARY	1104	-0.070269058	-0.270292416	-0.01410427	0.048676571	-0.080041282	0.438764352	-0.021489351	-0.221959032	-0.009129102	-0.054823901	-0.046572406	0.028669424	-0.25692856	0.035794259	-0.380175566	-0.156040906	-0.064453284	0.05230889	0.152458677	0.003542503	-0.010155621	-0.020992327	0.176021963	-0.077997313	0.218830376
UMARY	1105	0.096883544	0.212799701	0.067031695	-0.450792989	0.045261512	0.069338575	0.262883968	-0.332448777	0.148919049	0.174429094	0.180038169	0.120678518	0.647316999	-0.282520569	-0.384210706	0.021362842	0.106742585	0.282975153	0.49383641	0.17390248	-0.03413097	0.092392967	-0.014141282	0.252563271	-0.167906999
UMARY	1114	0.065332797	-0.259423575	0.063045566	-0.201476344	0.074164783	-0.1058477	0.029330107	0.168892485	0.152096931	0.072707985	0.069692416	0.071456823	-0.220669074	-0.066339711	-0.308179532	-0.241935081	0.066961604	0.059045533	-0.261473326	0.099986835	0.015407322	0.087096418	0.061908429	-0.082471429	0.198255621
UMARY	1133	0.182542494	-0.267822199	0.168579836	-0.490868017	0.028969418	-0.433128867	-0.096269169	1.789043831	-0.016304733	-0.028696188	0.098618716	0.036300404	-0.330781201	-0.201379864	-1.043453948	-0.348869394	0.03272322	-0.214701063	0.219222328	0.063241196	0.119736834	0.062618108	0.016632641	-0.053643894	0.320168762
UMARY	1134	0.053754191	0.191584731	0.031704138	-0.39746507	0.051847254	0.221604685	0.017838679	0.322586581	-0.016664481	0.018449008	0.091205975	-0.013446273	-0.233293784	-0.028749831	-0.575503145	0.168999354	0.071291598	0.072194076	-0.174686932	0.116588312	-0.067924189	-0.042076847	-0.025619098	-0.040082228	-0.08350856
UMARY	1136	-0.032146179	0.340569964	-0.110178981	0.843532892	-0.100694761	0.314985434	-0.014177842	-0.14277927	-0.046947361	-0.099987649	-0.08251062	-0.043921352	0.038132861	0.028578058	0.261800327	0.070683494	-0.107193506	0.019110046	-0.176372833	-0.063804256	0.018323623	-0.005355546	-0.077834024	-0.054341231	-0.003608686
UMARY	1158	-0.023147904	0.132500697	0.04741116	-0.001449535	0.040617101	-0.539226873	0.053138241	0.282842102	0.038210105	0.064090331	-0.021059551	0.033921255	0.330688898	-0.074124995	-0.090267941	-0.151491717	0.018567293	0.05910672	0.415944476	-0.00295355	-0.011460665	0.069883289	-0.166033567	0.341792681	-0.037373929
UMARY	1170	0.02872279	0.019460902	-0.021789081	-0.239987762	-0.021932891	-0.43027228	0.014799322	0.137025633	-0.038540074	0.014698919	0.053378424	0.015011758	0.103516429	-0.009809446	0.415525547	-0.240334636	0.077126757	-0.017205175	0.058195977	0.021464594	0.004442909	0.012507757	-0.11448981	-0.034612569	-0.180889489
UMARY	1206	0.005263135	-0.062977335	0.039201309	-0.171188996	0.018813826	-1.023368022	-0.065845381	0.098142793	-0.0582926	-0.082630936	0.055765885	-0.008724889	-0.11931805	0.171076471	-0.374771976	-0.227092836	0.048344252	-0.211741059	0.450376292	0.015757779	0.048302034	0.100842465	-0.189108959	0.213651685	0.016460804
UMARY	1209	-0.024416072	-0.275699673	0.047471921	-0.504235164	0.036343881	0.350808393	-0.013768071	0.004276408	-0.050239722	0.085344129	-0.067580756	0.049157219	0.597183634	-0.06572752	0.395054378	0.257553706	0.016639732	0.107265801	0.184582099	0.016343493	0.049876508	0.020952416	-0.01143393	0.153132072	0.007417433
UMARY	1226	0.010052177	0.199653919	0.040346001	-0.114885314	0.054700675	-0.285864803	0.11379602	-0.48544393	0.054690711	0.156645351	0.112715772	0.052131759	0.037093239	-0.320295769	-0.739539938	0.039642069	0.064741936	0.116677467	-0.094397409	0.096023555	0.001079318	0.094397216	-0.17458874	-0.262540489	0.066217966
UMARY	1230	-0.015505141	-0.232770882	0.021867787	-0.141882043	-0.016919504	0.233677411	0.073365824	0.359107816	0.045335586	0.081392563	0.025118837	0.101803406	0.046818037	-0.07307975	-0.958128162	0.176140487	0.026691984	-0.089403315	0.035792379	0.047572688	0.171753641	0.007117066	0.093036775	-0.034783406	0.024472426
UMARY	1260	0.074356758	0.07555054	0.119572002	1.010214608	0.183415072	0.07661241	0.138095665	0.23311078	0.095906955	0.218138898	0.143420297	0.208237951	0.253346651	-0.335729515	-1.435682802	-0.157219504	0.158120659	0.136106266	-0.142631905	0.171933035	0.076146716	0.123975936	0.095100611	0.04620348	-0.3546841
UMARY	1326	-0.076595421	-0.133646605	-0.047839242	-0.48645281	0.024806316	0.244650138	-0.066205042	-0.396430326	-0.061457089	-0.11551231	-0.000547822	0.041905462	-0.333079705	0.069200539	0.210641796	-0.083496768	-0.078033738	0.064586537	-0.306712861	-0.009894655	0.025365874	0.001628227	0.204538784	0.01999656	-0.064691837
UMARY	1454	-0.063295092	-0.230992401	0.038259294	-0.220939633	6.45E-05	-0.855391364	0.043292757	0.131410039	-0.047456614	-0.144156084	0.052042115	-0.039428084	-0.47997391	0.096198136	-0.272400325	-0.110262894	0.00347355	-0.028428544	0.037519682	0.015891187	-0.101130305	-0.036367414	-0.155293297	0.053107846	0.299637678
UMARY	1465	-0.080983585	0.274847547	-0.086198308	0.584456183	0.021482218	-0.324918022	-0.02834769	-0.488600681	0.042047719	0.016826984	-0.143762224	0.011315677	0.021389958	0.109976804	0.830021968	0.232502405	-0.042219914	0.144014657	0.362399617	0.008717447	-0.070008054	0.021207339	-0.357143729	0.097307103	-0.130663196
UMARY	1486	-0.067768869	-0.079163701	-0.114895525	0.427853018	0.012511761	0.343627077	0.005536128	-0.241504239	0.005993346	-0.150321514	-0.107320301	-0.09616896	-0.106574997	-0.117771807	1.649590319	-0.288301744	-0.001648193	-0.166732746	-0.295977725	-0.059915948	0.019461161	0.042996309	0.089581666	-0.038258509	0.120553121
UMARY	1498	0.016391502	0.075358641	0.009745176	0.11570298	-0.030068975	0.398527913	0.03277344	0.437618834	0.00346191	0.001535836	0.018271623	-0.079372632	0.164874385	0.059148887	0.789159277	0.122963373	-0.012483668	0.037534523	0.136947696	-0.019050862	-0.114851024	-0.074189088	0.08219856	0.04225311	-0.102407252
UMARY	1502	-0.116426168	-0.387886263	-0.108078617	-0.074018678	-0.074237586	0.380932003	-0.204387922	0.034061557	-0.087152554	-0.133662469	-0.179417662	-0.060006323	-0.411974872	-0.155141391	-0.163403155	-0.168209382	-0.090618731	-0.012543375	-0.318186448	-0.040782808	-0.013374082	-0.004457711	0.391353229	-0.212501501	0.117005875
UMARY	1535	-0.040054583	0.290909099	0.01625416	-0.032119375	0.058463912	-0.578471727	-0.038408171	-0.210694755	-0.071800746	0.014541173	-0.026421675	-0.019594286	0.320236982	0.01631077	0.574575733	-0.075073464	-0.028099612	-0.111575562	0.069704112	0.052723165	0.023305716	0.053708334	-0.326964654	0.135032518	0.154672117
UMARY	1540	0.024367371	0.078368343	-0.06347036	-0.428124491	-0.100412513	0.407955972	0.087148779	-0.031367576	-0.032071225	0.072162889	-0.093791657	-0.050136544	0.02095079	0.147283721	-0.215914977	-0.036235308	-0.047547536	-0.031958004	-0.057228802	-0.088144451	0.077628972	-0.079261372	0.375176783	-0.433054972	-0.084745816
UMARY	1541	0.094385595	0.14111176	0.142676979	-0.331132405	0.081710378	-0.000220614	0.063714746	0.113851752	0.077696412	0.188053452	0.099794202	0.042431468	0.027964984	0.060548697	-1.288175736	-0.048425499	0.028448198	-0.058741998	-0.008411084	0.091361823	0.041365924	0.131785139	-0.111024897	-0.041024848	-0.006881141
UMARY	1544	-0.156754376	-0.113302191	-0.10743996	-0.25779676	-0.063006249	0.466064221	-0.101136488	0.120077287	-0.103396433	-0.172684141	-0.03131759	0.010096087	0.088028729	0.177916645	-0.01004108	-0.008196597	-0.024190542	-0.018982797	-0.174000044	-0.106904413	-0.024488202	-0.005260973	-0.079408119	0.142107344	0.080928592
UMARY	1545	-0.005984543	0.011277979	0.145165846	-0.364894751	0.112613823	0.500001099	-0.057644188	-0.279529124	0.039235085	-0.071408675	0.024505994	0.173785574	0.271602357	-0.15266101	-0.997061406	0.301330822	-0.020614781	0.06557376	-0.345333025	0.068299933	0.103741579	0.038815942	-0.020749371	-0.037792594	-0.196901023
UMARY	1568	-0.043355917	-0.167081809	-0.192795932	-0.333140314	0.017858141	-0.562320023	-0.12382496	-0.286631175	0.04598771	-0.02916761	-0.11835118	-0.005726769	-0.449693403	0.011748479	-0.892833776	-0.373352062	-0.034605558	-0.241175811	-0.203212119	-0.049098853	0.078799162	0.027403087	-0.164932317	-0.207959057	0.2726853
UMARY	1570	0.014348724	0.014939066	0.020098837	-0.164710955	0.018117504	0.177144771	0.046711162	-0.177420202	-0.065966288	0.028072148	0.032174505	-0.002903997	0.079726181	0.163312717	0.983794162	0.133072396	0.022185536	-0.049396877	0.180780249	0.05799422	-0.014390294	0.025543608	0.117306924	-0.096884025	0.01439163
UMARY	1571	-0.079964942	-0.06491676	0.021820973	-0.119069435	-0.001199404	0.726242916	-0.045460153	-0.396075196	0.100370604	-0.165939501	-0.107689283	-0.018280132	-0.226773788	0.066340676	-0.581285668	-0.112821862	-0.024873613	0.027558008	-0.335128919	-0.067653265	0.096929648	0.149423087	0.238496528	-0.288710744	0.223789079
UMARY	1578	-0.079084996	0.239126108	-0.129894931	-0.580803969	-0.146930809	0.764147844	-0.066153286	-0.30046104	-0.085733302	-0.196244648	-0.103205809	-0.064375837	0.334151977	-0.132304797	-0.938361689	0.483550706	-0.104688765	-0.202497706	-0.388588578	-0.123932575	-0.054956489	-0.059061339	0.230700273	-0.392160641	0.102352649
UMARY	1583	0.070637817	0.087400341	0.118348457	0.401296277	0.209656698	-1.704410445	0.051222144	0.288641812	-0.069462573	0.106677809	0.048450527	0.18432812	0.076231456	-0.199450862	2.190111168	-0.143184869	0.072688007	0.036925237	0.493293985	0.077459461	0.145808481	0.084829581	-0.197501571	0.241655401	0.626301753
UMARY	1584	0.049180291	-0.015871594	0.041323643	-0.216918849	0.011546477	0.439604011	-0.116094798	0.138547607	-0.115312922	-0.023873914	0.009690596	-0.013933503	0.29044152	0.213613799	-0.065663271	0.434602665	-0.032537659	0.018399935	0.237120712	0.000165727	-0.09353455	0.00654149	0.145552525	-0.259531749	-0.076593479
UMARY	1611	0.067709087	0.11633179	-0.160685892	0.313337184	-0.20903498	0.480477796	-0.009406616	-0.528778946	0.107982251	-0.261424857	-0.175370668	-0.093992331	-0.073033323	0.17378118	1.950854805	-0.325213968	-0.118072246	0.04167562	-0.357726512	-0.140132923	-0.158003812	-0.005354553	0.035371363	0.028534192	-0.039030988
UMARY	1612	0.17000352	-0.307795876	-0.066780884	0.630122817	-0.107042566	-0.511483537	0.05682148	0.220670678	0.013764108	-0.045049974	0.045391737	-0.115904414	0.213213711	0.126168448	0.432180215	0.225404872	0.068537419	0.624558391	-0.158883228	-0.073512573	-0.052055459	-0.0733558	-0.17119346	0.110516518	-0.292938652
UMARY	1613	0.037945517	-0.30426609	0.034025953	1.820666455	-0.120585887	-0.97373111	0.178616141	0.911587789	-0.174130978	0.441657513	0.120608203	-0.143513252	-0.05645311	-0.195226365	0.100280188	-0.273756584	-0.081867254	-0.305071052	0.579751318	-0.024877633	-0.056899884	-0.075961271	-0.249261075	0.128636183	0.20477569
UMARY	1614	0.067581599	0.252230037	0.117241023	-0.408100881	-0.049153322	-0.231763028	0.030774176	-0.184273505	-0.012591567	-0.067247776	0.048762932	0.021616105	-0.081354363	0.119478371	0.414939804	0.107860049	-0.056009432	0.031495908	-0.143529186	0.041841298	0.074578614	0.047493294	0.021377979	0.007845641	-0.016078005
UMARY	1648	-0.028666111	0.172862194	0.094507659	-0.351479304	0.047873043	0.595275894	0.07574262	-0.218031848	-0.042222261	0.054754373	0.039289062	-0.065002789	-0.138375218	0.075983798	0.194463226	-0.109033887	-0.064090911	-0.001937603	-0.134390923	0.049287166	0.09381749	-0.047878941	0.145544837	-0.123400363	-0.397372221
UMARY	1652	-0.014898004	-0.207896695	-0.050066232	0.733247005	-0.020577824	-1.287931574	0.095355112	0.124920366	-0.060269439	-0.04233345	0.053152196	-0.006873346	-0.575931746	-0.036424817	0.411841338	-0.649243649	0.011784006	-0.2177434	0.836910649	-0.073538355	-0.076381209	-0.026895398	-0.166660887	0.233458911	0.167837843
UMARY	1668	0.041477606	0.005394779	0.101351082	0.519087101	0.080063773	-0.372280197	0.01771749	0.207684235	0.072674141	0.131731594	0.104789493	0.057390357	-0.420893489	0.078632826	-0.821741859	-0.253729994	0.114119404	0.169816559	0.057746293	0.10668141	0.056667545	0.115414796	-0.063430992	0.086168908	-0.105951386
UMARY	1710	0.059130432	0.319686757	-0.000408384	-0.127559907	0.03436034	0.291705348	-0.034071727	-0.112468598	0.094709934	0.07401697	-0.042459073	0.135595206	0.131331737	-0.075197617	0.775769692	-0.15922535	0.049236429	-0.124282156	-0.353119254	0.04277487	-0.087892245	-0.109614176	-0.244622613	0.153378298	-0.075019075
UMARY	1712	0.021555239	0.228643218	0.138194928	0.074841255	0.076885101	-0.158424784	0.139509878	0.292563153	0.042599842	0.134501379	0.058270734	0.044610776	0.221992386	-0.1439884	-0.13326419	0.038686529	0.091015663	0.235294041	0.004795945	0.116119899	0.001285314	0.059307195	-0.130668008	0.232279594	-0.040730866
UMARY	1713	-0.096648524	-0.100145377	-0.059171397	0.452373273	0.101529456	-0.09827583	-0.161595307	-0.234430508	0.02624016	-0.095444293	-0.035156804	-0.092583799	-0.35449296	0.105363025	1.325845448	-0.095665074	-0.020016036	0.14844803	-0.151096338	-0.087989216	-0.112679412	-0.108566376	-0.002104034	0.21689816	0.022583445
UMARY	1715	-0.036194621	-0.034728726	0.001667381	-0.166950427	0.033075358	0.256353337	-0.002400705	-0.365283728	0.074879636	0.024227467	0.051526322	-0.002253686	0.034484488	0.001977188	0.057845081	-0.060939504	0.042353224	0.089501633	0.131338471	0.039960926	-0.131979426	-0.00693852	0.14749814	-0.057900655	-0.221545804
UMARY	1792	-0.114530321	0.267550339	0.035291167	-0.273396704	0.005737195	0.482139833	0.099448902	-0.274889268	-0.097417013	-0.020516351	-0.005872213	-0.043883407	-0.030828048	0.099643241	-0.778145468	0.076620696	-0.011802726	-0.082098564	-0.424378549	-0.06259976	0.004449538	-0.007832194	0.231578259	-0.081544422	-0.086119665
UMARY	1795	0.081812439	0.241529785	0.047702915	-0.083806482	-0.04251544	-0.030031072	-0.023101358	0.078147251	-0.008848902	0.077529979	-0.042486179	-0.002977513	0.058630679	-0.123335834	-0.494548683	0.223944739	0.039312473	-0.142268315	0.008581212	-0.053218819	0.021380047	0.00744698	-0.140862678	0.035816629	0.024386632
UMARY	1797	-0.049018788	0.102260478	-0.043102032	0.105128275	0.230358416	0.263313181	-0.10640555	-0.294076526	-0.053852717	0.03175878	0.051832584	0.001699269	0.10628519	0.262081892	-0.99819633	0.388438534	-0.025330068	-0.026064375	0.044562174	-0.149108381	0.140771322	-0.116659471	-0.138472353	0.010253748	-0.20605159
UMARY	1825	-0.03397326	-0.116051261	-0.074728968	0.190362335	-0.09493217	0.410137361	-0.043276107	0.02051055	0.004972317	-0.064565653	-0.128478069	-0.027271762	0.04449293	-0.043062063	0.456255823	-0.043273652	-0.049937632	-0.05343871	-0.156259649	0.04897027	0.150539418	-0.044616559	0.049304672	-0.104461789	-0.091925421
UMARY	1827	0.052363531	0.410498017	-0.017528242	-0.504051065	-0.0879812	0.663642495	0.015055967	-0.503970655	-0.127928518	-0.063314434	0.018860135	-0.129802456	0.176458963	0.064823405	-0.872221774	0.358018179	-0.0227107	-0.435867631	-0.118324856	-0.04332531	-0.003169834	-0.01154096	0.161704624	0.192765696	0.000553414
UMARY	1830	0.15161051	-0.133541023	0.175487777	-0.29588945	0.121729885	-1.551020628	0.147182834	0.278608669	0.007427787	0.110141491	0.251548271	0.165407488	-0.180140504	-0.123831493	-0.687836775	-0.276864318	0.105662585	-0.133933472	0.288339686	0.136547764	0.025866586	0.188177748	-0.21998584	0.102145461	0.185076213
UMARY	1846	-0.048346001	0.032705302	0.04169083	-0.017837858	0.071848583	-0.016063888	-0.019927044	0.364718854	-0.14378425	0.027014111	0.017365276	0.028937421	0.154142592	-0.119877309	-1.120966267	-0.001810059	-0.034043162	-0.09988957	-0.064218891	0.045578934	0.033913755	-0.058012951	-0.072999551	0.008637595	-0.032608011
UMARY	1847	0.10256363	0.503501173	0.001097378	-0.114592252	-0.032364323	0.139378697	-0.082215939	-0.190384437	-0.175131513	0.09517791	0.004370398	-0.028438669	0.36151094	0.082656296	0.093529932	0.291363801	0.076495476	-0.193170132	0.579192299	0.055713326	-0.132456893	0.02549698	-0.146201122	0.312386683	0.105122317
UMARY	1849	-0.004625824	0.114449885	0.016312464	0.483330886	-0.037668968	0.080265701	-0.10636459	-0.812807795	-0.087508463	-0.009041578	-0.035993533	-0.006459833	-0.341097778	0.046717814	2.429395718	0.018903829	0.072438648	-0.120400813	-0.167041405	-0.048888674	-0.025918455	-0.049711838	0.115933601	-0.196594569	-0.004608111
UMARY	1862	0.020949501	0.287633359	0.077058767	1.093867894	-0.002975247	0.213898466	0.037475429	0.052742538	-0.087953339	0.095673184	0.146071446	-0.006177901	0.01473114	-0.102826581	-0.966967762	0.304720877	0.064929919	-0.243143305	-0.190994143	-0.003607816	-0.009142745	0.099122398	0.127594395	-0.145822194	0.142558984
UMARY	1865	-0.032938624	-0.141757114	0.017165145	-0.379520927	0.021473049	0.361647792	0.064943251	-0.162934476	-0.057235496	0.058588027	-0.010797038	0.027354355	0.347185625	0.091192661	-1.310363081	0.061555158	0.042772217	-0.143738743	0.127964767	0.054187487	0.05695036	-0.005914386	0.119799787	-0.05941574	-0.343320941
UMARY	1866	-0.115265709	0.040022341	-0.194985703	0.162466367	-0.132433849	0.147976522	-0.221821891	-0.26558235	-0.063353493	-0.120529517	-0.177050521	-0.133001007	-0.409160764	0.058900966	2.155609934	0.074188825	-0.084910569	0.180803313	0.070819823	-0.139276653	-0.168551738	-0.130821048	-0.053595581	0.094952388	0.145186724
UMARY	1867	-0.115528425	-0.177447848	-0.073459526	-0.340729405	-0.013235804	0.709129218	-0.027398794	-0.310548266	-0.05694505	-0.038410711	-0.03366129	-0.076903632	-0.012533176	0.140561772	-0.247302821	0.329891345	-0.053578486	-0.319582521	-0.339713403	-0.113359523	0.066229512	0.013226421	0.250355332	-0.142455298	-0.070497818
UMARY	1902	-0.008504151	0.017764793	0.027571997	0.109638982	0.096470117	0.65423055	0.099628634	0.247886627	-0.007555664	0.071721616	0.042449003	0.05047746	0.21364335	-0.163088066	-0.327344842	0.060939342	0.025906828	-0.067747582	0.035965354	0.020994624	0.091816705	0.015675275	0.17488201	0.009580685	-0.387585732
UMARY	1903	0.011007811	0.037649352	0.022418425	0.19024517	0.158727462	0.37874775	0.063452516	-0.2959104	0.102084726	0.014187712	0.018491086	0.037868546	-0.073389936	-0.238881281	0.745515676	0.047374664	0.080394807	0.197478296	-0.193187054	0.06035577	0.039686937	0.105829205	0.296499751	-0.094047936	-0.079390731
UMARY	1907	-0.159800292	-0.075067991	-0.113677075	0.433379563	-0.14441201	0.378537558	-0.094884259	0.39740229	0.414199522	-0.173509509	-0.105241418	-0.163119783	0.129399018	0.137887858	0.612078577	0.103213322	-0.17619432	0.269800374	-0.264010492	-0.175624232	-0.210130162	-0.183359012	-0.125730265	-0.005207831	-0.160649788
UMARY	1917	0.009082225	0.465920277	-0.075766917	-0.411784761	-0.045548249	0.449708274	0.058060917	0.034119899	-0.074998654	-0.156097678	-0.052879294	-0.017321463	0.606892606	0.029553378	-0.771001339	0.380236312	-0.088187295	-0.151118222	0.199347464	-0.128233547	-0.000273891	-0.017402975	0.005405765	-0.022528538	-0.047418007
UMARY	1935	-0.135895585	0.040267201	-0.193517844	-0.32109203	-0.131417328	-0.122008104	-0.238406073	0.382107847	-0.049806486	-0.185099674	-0.072991263	-0.126210547	0.006009547	-0.079535556	-0.239654755	0.003687939	-0.222820067	-0.249126818	0.220040315	-0.068869522	-0.107329907	-0.121784125	-0.139636686	-0.211246462	-0.261986116
UMARY	1936	-0.001645217	0.02310176	-0.063331385	0.398182395	-0.082817286	0.289819056	-0.079840284	-0.243166317	0.23292615	-0.169402229	-0.002953764	-0.105203174	-0.244954249	0.062305196	2.315865452	0.035376715	-0.025013161	0.312347208	-0.442624547	0.002301363	-0.232338066	-0.069108749	0.183932805	0.045095861	0.033026191
UMARY	1939	0.296249162	-0.136784206	0.419183386	-0.043707804	0.421357558	-0.194823724	0.398446063	0.25342223	0.255190722	0.799315598	0.314754836	0.415158586	0.876908128	-0.156161409	0.003931979	0.309716289	0.618219303	0.249212985	1.009271582	0.405226105	0.255498628	0.181781009	-0.251887003	1.18758653	-0.022316506
UMARY	1940	0.013031136	0.139731127	-0.021970092	-0.184231583	-0.035272247	0.497240695	0.184095899	0.122881459	-0.088667915	-0.129981963	0.009902904	-0.062187627	0.326997292	0.359574538	2.184865146	0.085244552	-0.060002038	-0.141974025	-0.140564123	-0.089140156	-0.076805541	-0.082037298	0.028091851	-0.106709893	-0.369675115
UMARY	4263	-0.035978663	0.040108046	0.020524462	0.535095788	0.057248164	-0.682303389	0.03308817	0.774233333	-0.007671201	0.211862476	0.065568313	0.086046936	0.57870133	-0.321404004	-1.145136237	-0.074391366	0.050811673	0.06780817	0.343270272	0.005046252	0.085989972	0.002857612	-0.320413683	0.05440235	-0.191550545
UMARY	4540	-0.126896152	-0.396958057	-0.029667757	-0.284529379	-0.012340272	0.302586683	-0.138995765	0.869903677	-0.026326705	-0.017102631	0.010383739	-0.063718183	-0.10998102	-0.041300071	0.555701964	-0.448534988	-0.033640628	-0.03798222	-0.102840493	-0.003704133	0.028974885	-0.000154205	0.003924056	-0.121987678	-0.245098666
UMARY	4542	0.120328767	-0.205579058	0.000361602	-0.576927052	-0.032616029	-0.005031689	-0.005912058	0.121195428	0.019201601	-0.021410017	0.082970091	-0.064657315	0.219866676	0.122073866	-1.560152216	0.392794031	0.042605992	-0.03974639	-0.099060457	-0.017681537	-0.030887617	-0.080555049	0.110844733	0.018174764	0.021551134
UMARY	4543	-0.120207043	0.018459688	-0.070391269	-0.122757811	0.021159082	-0.006106063	-0.151608641	-0.258717546	-0.079091407	0.041033363	-0.032919849	-0.02078412	-0.140281699	0.148805995	-0.874433506	0.250371381	-0.085877264	-0.000109182	0.118955817	-0.12861817	-0.10183602	-0.010318014	0.118588856	0.040188337	0.207463712
UMARY	4549	0.039431046	0.040570468	-0.039013912	-0.513092196	0.012893254	0.883210054	0.033583574	-0.191629138	-0.052693371	-0.068147435	0.009209777	-0.026450452	-0.245691009	0.070404801	-1.152606972	-0.01922556	-0.030012002	-0.246717473	-0.243182359	0.02051353	0.12304111	-0.016154543	0.557306302	-0.201634476	0.022981033
UMARY	4590	0.005560298	0.140552997	-0.092195966	-0.141917193	-0.044577234	0.309811152	-0.048905427	-0.378223668	0.02063585	0.119332381	0.014811625	-0.005180885	0.563631202	0.042045031	-1.039798352	0.42968943	0.027784534	-0.333790558	0.413117943	-0.053522936	0.290863557	0.056370425	-0.132740363	0.131430185	0.31935887
UMARY	4593	-0.068882293	0.091827633	0.040965403	0.177898882	-0.089383024	-0.442684797	-0.148733628	-0.308817847	-0.041204045	0.017870252	0.059272684	-0.036316263	-0.423974712	0.196602179	1.289009718	-0.100161943	-0.003032544	-0.018591656	-0.207796417	-0.024097643	0.135889953	-0.029202915	-0.145186806	-0.083762758	0.0534641
UMARY	4598	-0.066450885	-0.051070131	-0.003566484	-0.201030984	-0.098688421	0.359192716	-0.010581974	-0.456723009	-0.069223945	-0.056023093	-0.085873936	-0.177730657	-0.212759125	-0.024584646	-0.86675518	-0.108289384	-0.078089839	-0.009522846	-0.219959744	-0.046290139	-0.064046969	-0.001620066	0.108381375	-0.080896394	-0.034925643
UMARY	4636	0.001881282	-0.077461837	-0.036413658	-0.419738084	-0.061913546	0.193837655	-0.114557492	-0.194046088	-0.010964805	-0.059895611	-0.01037153	-0.131851164	0.050589685	0.163187577	0.306093692	0.002492557	-0.103935772	-0.140755553	-0.04343145	-0.054050988	-0.11041478	-0.035150002	0.126174161	-0.193031998	0.043987852
UMARY	4640	0.092214416	-0.098178539	-0.059398184	-0.154243194	0.026337015	0.087888472	-0.069445772	0.012268948	0.007821702	-0.161787713	0.006426833	0.026643403	0.075405077	0.076699192	0.907448037	-0.177941949	-0.093505706	0.060271814	-0.032876932	0.005204805	-0.114362825	-0.013484242	-0.001731545	-0.049518114	-0.011653924
UMARY	4725	-0.102891929	-0.295271782	-0.015385587	-0.335906861	0.058027783	0.532493381	-0.145158314	-0.381419519	-0.027274336	-0.029047281	-0.051156154	0.03520746	-0.138178335	0.063347443	0.081713028	-0.245997222	0.033446412	0.00408675	-0.418336932	-0.003159932	-0.018395076	-0.120736982	0.120321687	-0.338959855	-0.039830886
UMARY	4726	0.006821924	-0.030645877	0.052283129	0.126109509	-0.006224082	0.203317658	-0.10055121	-0.564224945	0.017667162	0.054990057	-0.06378861	-0.012946279	0.113177588	-0.108426907	-0.102317189	0.271831586	0.005020246	0.079929803	-0.298131806	-0.009816048	0.033957003	-0.09026432	0.067573498	-0.095682457	-0.080059288
UMARY	4727	0.00565428	-0.364006776	0.05386931	-0.260213543	-0.007713096	-0.247060034	-0.140801932	1.438928856	0.011858539	0.055614547	0.029455487	-0.049347128	-0.088395506	-0.21770653	-0.852967731	-0.243013863	0.029128853	-0.026827034	0.315853033	-0.012404745	-0.072293691	0.033869938	-0.072091769	-0.100579668	0.226150918
UMARY	4729	-0.086541422	-0.168005308	-0.011763743	0.325241111	0.136845152	-0.61961583	0.126978144	0.238299288	0.038556057	0.092000453	0.080680121	0.092531805	0.276815525	0.144700366	-1.045700787	-0.098710867	0.163030646	0.121468451	0.727431385	0.143349075	-0.020977178	0.027574333	-0.194100546	0.139047257	-0.069770942
UMARY	4782	-0.095104523	-0.249893027	-0.197887163	0.284504365	-0.058429445	0.151424945	0.03518312	0.079820922	-0.100063594	-0.116425305	-0.072456043	-0.014178806	-0.121642526	0.074401158	0.013654511	-0.118616811	-0.097937991	0.086382134	-0.482376705	-0.052993884	-0.011475656	-0.12784887	0.052541381	-0.085241495	0.113883687
UMARY	4786	0.05710738	0.228735409	0.045425697	-0.203202199	0.063328196	-0.197726983	0.000741231	-0.288629817	0.033218794	0.138784411	0.079256717	-0.023855593	0.081420934	-0.243551584	-0.109756988	0.235179795	0.105645041	0.011645776	0.342004771	0.048173919	0.000413219	0.100386536	0.046344277	-0.029983181	-0.079254341
UMARY	4788	-0.014712798	-0.213273246	0.034284779	1.081067679	-0.131184607	-1.194622117	-0.001748344	0.323397197	0.153829621	-0.095621517	-0.133698847	-0.159575635	-0.039138278	-0.138103845	3.503422777	-0.399695846	-0.061347825	2.036089878	0.171647372	0.096362694	-0.091665989	-0.282899507	-0.297494645	0.349150466	0.180461691
UMARY	4789	0.040709805	-0.009896337	0.00150982	1.657237124	-0.042559368	-1.250976096	0.037567676	-0.196513125	0.42793529	0.178350741	0.001507378	0.146563371	-0.401741012	-0.526544315	-0.016714631	-0.299422218	0.000170156	1.077577529	-0.021008619	0.065336964	-0.105695566	0.10886161	-0.154423196	0.221234949	0.090792904
UMARY	4841	-0.065439129	0.569051444	-0.034331205	-0.587998204	-0.048165422	0.681992624	-0.003113921	-0.124385742	0.066553905	-0.052776126	-0.060376595	0.027111626	0.347249686	0.037817794	1.782664489	0.202725732	-0.016644138	-0.103041781	0.094865913	-0.054208512	-0.046148822	0.019872979	0.015907202	-0.006118189	-0.661663966
UMARY	4842	-0.016287759	-0.121192628	-0.018405912	-0.38347676	0.115833977	-1.162611176	0.144120729	-0.337837336	-0.104721779	-0.010269034	-0.030156008	0.271266998	-0.381622062	0.26430431	-0.325368412	-0.642561072	0.064714594	0.074080512	0.964380556	0.216464196	0.016209019	0.042315032	-0.251133144	0.196361379	-0.104992345
UMARY	4903	-0.01717619	0.073588302	-0.071459621	-0.255999943	0.130734236	0.237709146	-0.067172584	0.318309339	-0.05201457	-0.133542629	-0.024741455	0.062902002	-0.038491289	-0.184254447	-0.102185571	0.283590812	-0.035910225	-0.161009666	-0.0825264	0.009126518	0.063562014	-0.023837888	-0.01626734	-0.064262057	-0.060156866
UMARY	4915	0.079177797	-0.232157585	0.101440923	0.110482849	0.00366705	0.452400886	0.086964273	-0.222180139	-0.025689421	0.041212869	0.077311281	0.064014541	-0.040632073	0.126791652	-0.416603862	-0.329662963	0.058270148	0.033244209	0.055384933	0.045199428	0.071973362	0.061450862	0.029282309	-0.065235744	-0.316390269
UMARY	4916	-0.03940838	0.443198762	-0.057035658	-0.093395558	-0.063850966	0.466596061	0.149829222	-0.253066394	0.113830965	0.013199232	-0.075412071	-0.063617617	0.264493629	-0.032379868	-0.366988009	0.162727127	-0.022908981	-0.013957353	-0.410064501	-0.041482952	0.026194366	-0.03976686	-0.058991502	0.0997746	-0.133738927
UMARY	4924	0.116630943	0.302362766	0.191047293	0.625478082	0.220245496	-0.830961127	0.137444994	0.056638986	0.13309692	0.415770133	0.288935435	0.007872417	0.467006067	0.220173111	0.103102323	0.291960569	0.240687823	0.299929385	0.747539175	0.051708587	0.138433684	0.190835498	-0.025049871	0.898470136	0.114427488
UMARY	5024	0.048630341	0.02911443	0.04993005	0.071221838	-0.056517598	0.274025622	-0.000660693	0.252266441	0.017474813	0.132823335	-0.020653469	-0.0008155	0.222142204	-0.551547683	1.263872436	0.515202641	0.006888155	0.114472965	-0.06846704	-0.038201594	0.008333413	0.152111977	0.056881631	-0.004598861	0.545407918
UMARY	5028	-0.046220929	-0.052269754	-0.065575741	-0.540113135	0.017664152	-0.203796204	-0.099011464	-0.543582649	-0.081855307	-0.07636604	-0.022623078	0.015409741	-0.21089636	0.15568651	-1.485968577	0.059378144	0.000575058	-0.363169964	0.13992113	-0.086823564	-0.152633951	-0.02067136	-0.134691133	-0.113222741	0.110266573
UMARY	5078	-0.033566517	-0.140634843	-0.112959441	-0.355073107	-0.182217224	0.621111968	-0.08517482	-0.068217767	-0.079630517	-0.102818891	-0.105900657	-0.108901143	-0.037902846	0.206949304	0.047085714	-0.008034035	-0.105444546	-0.064448938	-0.281855867	-0.13820953	-0.07735153	-0.072435052	0.051404166	-0.062711771	0.008435259
UMARY	5079	-0.018084612	-0.133069576	0.009913508	-0.179052225	-0.086678034	0.062848177	-0.085400833	0.394857828	-0.023610416	-0.057836608	-0.004187159	-0.081515242	0.17357646	-0.01779109	-1.079193322	0.009181254	-0.042134987	-0.114098926	-0.042847387	-0.030576224	0.016821634	-0.016754849	-0.054362045	-0.142925341	0.178557584
UMARY	5081	0.07199473	0.124441263	-0.075379895	0.117254718	-0.072639304	0.36268608	0.060639368	0.161942543	0.007519933	-0.048874457	-0.088812259	-0.019014963	-0.006692266	0.009752365	-0.171326907	-0.242043602	-0.0747392	-0.048598477	-0.2893922	-0.037622794	-0.047540569	-0.075831494	0.091439332	-0.050053839	-0.002199051
UMARY	5086	0.03950169	0.024741407	0.049991048	1.092228414	0.062833042	-0.360251299	0.11590291	0.791241447	0.019208667	-0.086067326	0.040398141	0.025250183	-0.038668183	-0.21520225	-0.77800652	0.122924936	-0.084546946	-0.14028444	-0.235722345	-0.012844058	0.021158704	-0.025133475	0.014752565	0.193216706	-0.003274342
UMARY	5087	0.054415817	-0.187606927	0.128798424	0.053717675	0.040275627	-0.964134346	0.011273399	-0.250020013	-0.016229517	-0.053446106	0.045224728	0.039469036	-0.358718097	-0.05825041	-0.660217936	0.256234992	0.043866999	-0.100875459	0.043047107	0.067876988	0.007688881	0.043703206	-0.081376083	-0.158587345	0.450410915
