FID	IID	1	2	3	4	5	6	7	8	9	10	11	12	13	14	15	16	17	18	19	20	21	22	23	24	25
BLSA	745	0.642001524	0.305775475	0.241493252	-0.641411834	0.484238987	0.049350393	0.107037425	0.467487017	0.29289365	0.114406081	0.053993131	0.506325649	-1.677545982	0.693878512	-0.004717658	-0.5990443	1.090252266	0.61059607	0.409583371	0.383602866	0.02843566	0.176313003	0.146698135	0.507785187	0.590145132
BLSA	827	0.281188699	0.398358117	0.528813764	0.106971888	0.79989781	0.200648703	0.331723746	0.067435032	0.13667595	0.475330938	0.259488749	0.381806642	0.026844975	-0.155596679	0.080502787	-0.226980349	1.062435345	-0.596022952	0.207147055	0.271377543	0.024191825	0.112484486	0.392125955	0.324377441	0.299003121
BLSA	1556	0.08763885	0.135112195	-0.110434456	0.081477536	0.548081464	-0.226143408	-0.025898896	0.159619844	-0.125506242	-0.091039629	0.050400889	-0.066945006	0.136512686	-0.007110942	0.049304938	-0.380388749	0.150243104	0.38872831	0.222876934	0.080874146	0.266554771	-0.345012185	0.122809223	0.066529137	-0.319265416
BLSA	1579	-0.24790782	-0.186121774	-0.01856279	0.281782304	0.178255618	-0.014023129	-0.267955453	-0.15022	-0.171520226	0.02698266	-0.117232123	-0.20109511	1.077229812	0.2107359	-0.224001958	0.054535428	-0.124854378	0.604664888	-0.161078354	-0.01381647	-0.197114994	0.142149017	-0.073760602	-0.187663631	-0.223723501
BLSA	1595	0.951192207	0.856030317	-0.078204407	0.099955159	-0.40211235	-0.452820229	-0.05835824	0.410962711	0.302403041	0.732372318	0.240099731	0.527650568	-1.493599018	0.742538761	0.508372544	0.084000759	-0.028534938	0.392910609	0.920872885	0.488127886	0.412703313	0.26399554	-0.358790738	0.052771549	0.413057458
BLSA	1603	-0.308362686	-0.157079452	-0.122183157	-0.435346452	-0.918980767	0.090264455	0.049921201	-0.126737738	-0.096210747	-0.325692838	0.053183467	-0.129787746	-0.818255496	-0.056025919	-0.02235025	0.590888699	-0.332016131	-0.509520093	-0.126432128	-0.24410339	0.003840288	0.053553473	-0.027070853	-0.035279773	0.102210054
BLSA	1640	0.044606126	-0.046225074	-0.195345261	0.52251626	-0.072518608	0.228845746	0.241102427	0.064909155	0.049045835	0.210481075	0.133597685	0.10683476	0.715376737	-0.283214051	0.059809224	-0.371082692	0.186950729	0.353905639	0.132862049	-0.10983872	-0.017091798	-0.047794957	0.041723844	-0.020099862	-0.360676685
BLSA	1775	0.121512904	0.183734267	0.215724248	-0.270547181	0.362454703	-0.47316094	0.089839875	0.075348679	-0.096283531	0.053886026	0.070856722	0.048446183	-0.767761134	-0.109241193	-0.142575586	0.636815296	0.184170717	-0.843608319	-0.037722094	-0.316006485	-0.113726484	-0.456225147	-0.482263088	-0.473052691	-0.007777814
BLSA	1802	-0.136155308	-0.252150971	-0.139010784	-0.185033499	-0.09985328	0.107800406	-0.025909659	-0.095190923	0.047795271	-0.302946253	-0.25884104	-0.244719332	-0.353223113	-0.264975521	-0.088839678	0.464933563	0.560925086	-0.318725351	-0.32230086	-0.254923382	-0.128587584	-0.280861567	-0.13308771	-0.16312237	0.033107608
BLSA	1805	-0.383289099	-0.247358423	-0.154167276	-0.516142155	-0.877450324	-0.02349546	-0.151490295	-0.196014642	-0.153088865	-0.466947161	-0.092855794	-0.253477492	-0.178146329	-0.097291389	-0.133753954	0.546344758	-0.615061216	-0.520183358	-0.193177329	-0.4551049	-0.002856352	-0.040502405	-0.209150359	-0.195978757	0.233187961
BLSA	1838	-0.131407984	-0.094705321	0.175692615	-0.136561463	-0.047150942	-0.148269576	-0.252145528	-0.007397513	0.077204442	-0.262063469	-0.148943958	-0.049213961	-0.300581038	-0.175773711	0.010699738	-0.007440315	-0.261981026	0.005749797	-0.081734057	0.044627093	-0.302664103	0.016069077	0.093043873	-0.030137728	0.024645708
BLSA	1839	-0.219234228	-0.250101901	-0.164741759	-0.33524748	-0.731356193	0.166025937	-0.023551278	-0.112458213	0.203789693	-0.138884533	-0.122620788	-0.041353921	-0.35622727	-0.11817291	-0.023777972	0.133202778	-0.369164105	-0.508426694	-0.250445671	-0.304791813	0.039782264	0.322438488	0.044652305	-0.060939992	0.267609824
BLSA	1840	-0.351796909	-0.029998671	-0.0630442	-0.460843735	-0.332373942	0.02553967	-0.107919897	-0.09286337	-0.216375482	-0.153082258	0.031213942	-0.126990057	-0.003993555	0.183964419	-0.056368301	0.160178884	-0.383761508	0.664462119	-0.38920154	-0.121383924	-0.288810674	0.020187032	-0.063292671	-0.051100662	-0.042499148
BLSA	1883	-0.215201949	-0.095834375	-0.016539059	-0.255898407	-0.003879223	-0.06387512	-0.071081136	-0.105300177	-0.033723656	0.040206662	-0.065427859	-0.155401539	0.367146641	0.300698142	-0.145962476	-0.151517722	-0.235617649	-0.020234116	0.009040694	-0.076941218	-0.110942572	0.200259696	-0.149213973	-0.092103738	-0.118112732
BLSA	1889	-0.264472809	-0.372194755	-0.090619127	-0.338071133	-0.085282535	0.047553668	-0.029830415	-0.129948599	-0.126033619	-0.121126141	-0.02171349	-0.207456577	-0.092449178	0.038761703	-0.142897616	0.188764388	-0.199285909	-0.591935836	-0.153009783	-0.160016707	-0.059489575	0.034196924	0.02421078	-0.042059715	-0.144703625
BLSA	1924	-0.030977396	-0.050175776	0.178682046	0.000278648	-0.173999201	0.098757449	-0.028587407	-0.104268204	-0.056919791	-0.090708108	0.006702737	-0.052567159	-0.036652041	0.092130423	0.013957927	-0.154861666	-0.479153889	-0.360906076	-0.165834644	0.499895591	-0.005200517	0.274999856	0.019436164	-0.031728117	0.01920301
BLSA	1961	-0.254960345	-0.135136606	0.03697047	-0.280158461	-0.473049978	0.246424706	0.048301721	-0.094249152	0.022041908	-0.25819841	-0.100772278	-0.125751495	0.441527238	0.536808954	0.142060996	0.188321617	-0.15462631	-0.208838292	-0.032590244	-0.119040507	0.199873641	-0.218312786	0.211476869	0.17355063	0.033944925
BLSA	2000	-0.199683304	-0.154009201	-0.045411257	0.049697307	-0.013044011	0.016087122	0.032606301	-0.155635566	-0.111779222	0.135709773	0.113587552	-0.052730394	1.056103794	-0.33535261	-0.150102852	0.373563922	-0.623340422	0.016076833	-0.186472857	-0.222033	0.088186858	-0.502351556	-0.031056237	-0.098466013	-0.029544168
BLSA	2020	0.211918588	0.180057892	-4.85E-05	0.593509441	0.428443616	0.014865985	-0.081325547	0.179360485	-0.010690561	0.148612182	-0.051894546	0.001888342	0.867731214	0.041021571	0.083139697	-0.429940811	0.312943183	0.334912199	0.066864845	0.184430903	0.036341585	0.297600018	0.058554337	0.044324238	0.057835894
BLSA	2037	-0.028539341	-0.135048188	0.048371339	0.722384786	0.517729915	0.117794178	0.082797653	-0.091080088	-0.032136372	-0.128687259	-0.14685983	-0.173328857	0.759192825	-0.646699326	0.141901077	-0.303685296	0.430036405	0.900881521	0.024285197	0.120912689	0.02369804	0.104903991	-0.085853455	0.025025996	-0.144068193
BLSA	2066	-0.146196868	-0.236669927	0.022098348	-0.220106651	0.081006286	0.034323134	-0.010893724	-0.075553168	-0.20529887	-0.222171481	0.127740233	-0.063886546	-0.297979466	0.005296288	-0.112623688	-0.022076189	0.06240484	-0.616429233	-0.10149599	-0.102700658	-0.105743582	-0.05135614	-0.101133849	-0.122080249	-0.118238614
BLSA	2069	0.132211015	-0.083893399	-0.018551219	1.000151038	-0.142376701	0.278263709	0.322584274	-0.043030543	0.061539253	-0.240918109	-0.153089414	0.09735178	0.443713329	-0.255298507	-0.01144712	-0.186300158	-0.047266002	0.848934315	0.057858345	0.173353132	0.128477473	-0.087649814	0.101178706	0.172008101	-0.322895908
BLSA	2093	-0.264210256	-0.166115294	-0.132709985	-0.057544467	0.174069385	-0.189625439	-0.212533934	-0.172173993	-0.111802523	0.362364976	-0.246314527	-0.178765694	0.607829326	0.074931447	-0.049155153	0.066446543	-0.273680629	-0.59251787	-0.219091739	0.051199724	-0.05694823	0.187904285	0.157537334	-0.132778189	0.15856605
BLSA	2102	0.71012639	0.633750845	-0.098272886	0.674188552	0.799250271	-0.13113196	0.041566786	0.326998966	0.353980663	0.502112957	0.38570081	0.45316696	-0.122794956	-0.416013359	0.218825335	-0.654678388	0.087982436	0.565525889	0.369195915	0.202299602	0.137090746	-0.176988329	0.30122601	0.370219206	-0.401010941
JHU	384	-0.220913714	0.09552107	0.115319034	-0.271946803	-0.642256461	-0.059067404	-0.018727965	-0.297056039	0.001005364	-0.037989641	0.173724609	0.010686082	-0.229608343	-0.086968202	-0.094699625	-0.065504457	-0.085534637	-0.346448564	-0.208668859	-0.180693479	-0.08693147	-0.075265972	-0.081810386	-0.062301049	0.077963132
JHU	705	-0.183447235	-0.044822838	-0.136731672	-0.527036166	-0.522761888	-0.118976746	-0.181185154	-0.178294096	-0.040311571	-0.218054809	-0.291042408	-0.144866032	-0.887655125	-0.020751641	-0.222752768	0.377837481	-0.228914683	-0.267167864	-0.280866831	-0.298557281	0.000387495	0.012542888	-0.238823384	-0.178916513	0.355735948
JHU	710	0.007684724	0.05249665	0.057873667	0.027663713	0.209892593	0.074483687	0.053716954	0.036340424	0.16417084	0.079874806	0.215247888	0.077634744	-0.484771227	0.137046305	0.025958601	0.022396119	-0.021984288	-0.361973993	0.034222761	0.136675698	0.143853782	0.22944621	-0.022777779	0.09186416	0.064411644
JHU	712	-0.002092651	0.037209278	0.042247815	0.151410372	-0.008614782	0.066964418	-0.045336743	0.008985309	0.080656009	0.223475536	-0.02576393	0.016559232	-0.418649663	0.246829837	0.105069887	-0.114669529	0.120744119	0.54706157	0.017651927	0.135815851	0.066758785	0.340806071	0.056551971	0.09672866	0.099569593
JHU	713	0.425524469	0.31538326	0.291474055	0.209119832	0.896670854	0.169853666	0.099183567	0.328871203	-0.112621213	0.103315361	0.163092241	-0.031003486	-0.615625317	-0.48355998	0.265259018	-0.272620981	0.981000316	0.107152157	0.311040277	0.277008421	-0.115114054	-0.314502758	0.620533909	-0.052449218	0.216060779
JHU	719	-0.126384944	-0.224121858	-0.254571383	-0.376431198	-0.246430337	0.145511328	0.048696493	-0.085809877	0.132275049	-0.103111011	-0.197289397	-0.05525884	0.071912376	0.076489691	0.048031805	0.468116727	-0.382159745	0.084208501	-0.106282823	-0.120091985	0.061273332	-0.059825105	-0.066516725	0.006723802	0.020969437
JHU	993	0.052131976	0.110225311	-0.048312682	0.98633225	0.397715997	-0.253939835	0.082702897	0.233319594	-0.280297097	-0.123113383	0.246692545	0.170504976	1.594287353	0.23255505	-0.139128633	-0.508207175	0.084988014	0.669104317	0.26072668	0.226364645	-0.049348337	-0.063726973	0.028785656	0.143015107	-0.334629318
JHU	994	-0.055805212	-0.268577855	-0.365613565	-0.258152349	-0.1847363	-0.10260915	-0.123426819	-0.087216293	-0.12668233	-0.024747227	-0.240136482	-0.082939458	0.262070999	-0.13006103	-0.136152879	0.27042558	-0.180614439	-0.598836857	-0.059305105	-0.318695095	-0.077326174	-0.026679881	-0.197282827	-0.076335742	-0.093722015
JHU	995	0.103302588	-0.073313017	0.298314731	0.059040349	0.100520322	0.077780036	0.08437677	0.040859774	0.181804949	0.100350368	-0.044525065	0.038682782	0.708038946	0.028419971	0.148414593	-0.177773766	-0.287524657	0.166900733	0.031481973	0.142173225	0.056446642	-0.04279448	-0.098660435	0.031670793	-0.406359201
UMARY	142	0.150991692	0.139370541	0.161086992	-0.007657606	0.026466544	-0.055720185	0.111185615	0.117725069	0.008093101	0.04432326	0.17191479	0.123859499	-0.262767837	0.088917254	0.047949177	-0.246743961	0.700208562	-0.423640236	0.052909096	0.023012873	-0.042031195	0.242662769	0.057154748	-0.016530341	0.030490253
UMARY	602	-0.183684651	-0.142963909	0.153174961	0.054838042	-0.199732173	0.138586956	-0.004966192	-0.062803083	0.015224905	-0.103355043	-0.058594019	0.031142585	0.357567684	0.012267639	0.014202003	-0.172281996	-0.297532547	0.250244825	-0.118272379	0.071639362	-0.081734859	-0.094152329	0.00020481	0.065358186	-0.162828607
UMARY	604	0.026290959	0.108222543	0.03123975	-0.058372177	-0.180386936	0.045576417	-0.009583767	0.046804011	0.152680436	-0.057180203	0.052716481	0.077394626	-0.380589934	0.073238667	0.030233868	0.245615828	-0.295656109	0.419460247	0.013716516	0.072969804	0.083091982	-0.18597376	0.047782102	-0.030079821	0.186559605
UMARY	813	0.045283737	0.018768373	0.03982831	0.016455261	-0.267209814	0.020856262	0.006262497	0.025056142	-0.01880206	-0.103216729	0.107986652	0.059700928	-0.27688017	0.119666782	-0.018335214	0.090462393	0.193253692	-0.046630642	0.084860204	0.040273849	0.07301627	-0.136343557	0.02819428	0.100990611	-0.145517998
UMARY	819	0.030917488	0.10985598	0.083029352	-0.130162716	0.15385973	-0.042125326	0.014676725	0.088493903	-0.061549895	0.018853054	-0.006000363	0.043868238	0.057512677	-0.00715808	-0.004406909	0.268655858	-0.055139945	-0.395689993	0.029136537	-0.082827226	0.052414212	-0.198772472	0.019755023	-0.032901971	-0.052215574
UMARY	871	-0.043133548	0.01344351	0.128247036	-0.097030629	-0.220802035	0.003355598	-0.002386339	0.050730991	-0.021233437	-0.116490303	0.174783701	0.045888755	-0.24367422	0.161950209	-0.027017287	0.042705138	0.063262207	-0.083343426	0.030757531	0.032283535	0.006527076	-0.076773478	-0.018362768	0.048098393	-0.050707117
UMARY	879	0.005997718	-0.086261386	-0.035590255	-0.093372212	0.046027853	-0.095054132	-0.068206678	0.005589749	-0.088114109	-0.041114706	-0.068748203	-0.053367271	-0.049198213	0.265194865	-0.038438222	0.23028354	0.260699052	-0.140410335	0.019148502	-0.120083316	-0.065187126	-0.169182962	-0.130406976	-0.011759144	-0.029192164
UMARY	880	0.181521145	-0.000562319	0.11323089	-0.000267331	0.036024773	0.110813044	0.171212135	0.172214152	0.239075651	0.082255911	0.088468436	0.188693817	-0.149043242	0.273417118	0.12955557	-0.374566323	0.093207675	0.135729427	0.21041814	0.148977992	0.134873816	0.256482055	0.152243528	0.186718254	-0.295983142
UMARY	914	0.023456891	-0.014867581	-0.168823363	-0.154907984	-0.184212917	-0.050687161	-0.007474249	0.042455705	-0.031507324	-0.091453645	-0.004218397	-0.00531758	-0.545424523	0.020806573	-0.018409168	0.006692648	-0.423985896	-0.46091514	0.020243074	-0.126244449	0.048059809	0.138434418	0.081172263	-0.004045581	0.046258164
UMARY	933	-0.284450888	-0.32143587	0.022061015	-0.001384697	-0.15156132	0.070311531	-0.038673599	-0.109976051	-0.08493929	-0.241194905	0.134826256	-0.123297124	0.291924695	-0.274565405	-0.034408067	-0.076491332	-0.103554057	0.292639348	-0.227652214	0.122805453	-0.064941142	-0.003115998	-0.033891747	-0.051731359	-0.202494578
UMARY	1028	-0.221647822	-0.076688422	-0.228214981	-0.088393911	-0.37189938	-0.066156211	-0.246131121	-0.093065683	-0.075595602	-0.114395114	-0.084684084	-0.168872215	-0.403757657	0.082225082	-0.14716079	0.196216909	0.370169731	0.639772374	-0.201449616	-0.219488858	-0.174329269	-0.09294661	-0.159558944	-0.200084888	0.271061351
UMARY	1037	-0.12760385	0.029096593	-0.216633926	-0.156533563	-0.397868727	-0.03439823	0.0121328	-0.177547937	-0.000813624	-0.071303671	-0.388883965	-0.082978767	0.103661959	-0.086690202	-0.00956925	0.086991895	-0.137862248	0.612624529	-0.161081179	-0.029858738	-0.003414816	0.010651261	-0.033972324	-0.072980696	0.246923541
UMARY	1064	-0.154189942	-0.10311374	-0.042395469	0.128931778	-0.471664622	0.080050568	-1.25E-05	-0.00929723	-0.039640866	-0.122507794	0.076773591	-0.108290985	0.619209369	0.207548279	-0.054209397	-0.138707805	-0.450358438	0.07871697	-0.118857155	-0.161792073	-0.059230528	0.3531341	-0.017549851	-0.011276091	0.013464812
UMARY	1065	-0.205915752	-0.065833493	0.029882443	-0.053729676	-0.012129011	0.043036243	0.144113254	0.101049953	0.003782684	0.172722647	-0.000426856	-0.026576184	0.115753682	0.098609319	-0.032700643	-0.071184736	0.14237129	-0.413614535	-0.045382481	-0.11754788	0.077946087	0.164614242	-0.044287299	0.052470862	-0.280400874
UMARY	1076	0.090028578	0.0004986	-0.016621173	0.008873254	-0.166285742	0.113475254	0.122095147	0.052068991	0.027437706	0.044181294	-0.183938403	0.046232602	-0.036240169	-0.125937752	0.085562509	-0.037910238	-0.313095502	-0.033604387	0.15878513	-0.082498966	0.017709006	0.174292259	0.035176831	0.055047343	-0.04370083
UMARY	1078	-0.06567787	0.090228293	-0.183889311	-0.145186135	0.492879397	0.07139998	-0.029022584	-0.082608276	-0.112142784	-0.141615517	0.27452943	-0.219548558	-0.059255988	-0.013040248	-0.223983535	0.061234264	-0.104289321	-0.482824165	-0.266561375	-0.127187647	-0.194098425	-0.211232771	-0.084113201	0.186743121	-0.099538535
UMARY	1079	-0.113704863	-0.210172884	-0.178986096	-0.097474132	0.105980093	-0.144903355	-0.162701452	-0.163195401	-0.138293933	0.034159887	0.097580647	-0.125938479	0.339973365	-0.010267167	-0.14645895	0.068709955	-0.26859275	-0.316344531	-0.136794417	-0.146008649	-0.175729198	-0.143011087	-0.169797262	-0.157396367	0.078449514
UMARY	1104	-0.046323633	0.003261221	-0.008886375	0.02697005	-0.255576853	-0.026356177	-0.034988196	0.043553637	-0.015607326	-0.052086015	0.029077042	0.016638169	-0.249176226	0.308767838	-0.029546975	0.064892924	0.072445157	0.389869776	-0.011998074	-0.050853129	0.007423	-0.23744106	-0.086006706	-0.078493398	0.040866701
UMARY	1105	0.254594797	0.155163151	-0.050739826	0.9073341	0.664814681	0.025342946	0.018207226	0.116260796	0.118673413	0.087670491	-0.124744452	0.053223053	-0.133350143	-0.135752797	0.145581641	0.015016981	0.025284657	0.166781161	0.21886989	0.057389972	0.066090092	-0.324596469	0.103219135	0.091842313	-0.024842168
UMARY	1114	0.037524043	-0.038445207	-0.146051498	-0.015137951	-0.092171666	0.104679527	0.094488408	0.024212289	0.106394705	-0.103828023	0.193278203	0.028510278	-0.151762608	0.132896994	0.101428749	-0.208912326	-0.183223491	0.300315009	0.079156108	-0.138203081	0.09757685	-0.319910952	0.083488243	0.08852579	-0.02841764
UMARY	1133	-0.010243477	-0.037888907	0.408728732	0.1199828	0.018113411	0.197068948	0.169733383	-0.067874245	0.161188455	-0.30194646	-0.01274982	0.096040387	-0.382283879	-0.852854536	0.166893378	-0.041675436	0.817548912	0.208425919	0.051007159	0.440548434	0.188619277	0.065974863	0.177857243	0.102266779	-0.127055042
UMARY	1134	0.13341337	0.014556054	-0.011920143	-0.175904851	0.136143629	-0.046439155	0.037853982	0.019062558	0.004738402	0.03961399	-0.012710633	0.039303227	-0.332430228	-0.077740604	0.060015077	0.115219599	0.051353497	-0.000832277	0.041069126	0.135356847	-4.65E-06	0.055740103	0.033436524	0.109069836	-0.011335359
UMARY	1136	-0.076675931	-0.136071262	-0.282952649	-0.159422519	0.03312505	-0.073378347	-0.165064201	-0.071426521	-0.059219327	0.049151093	-0.182171721	-0.034434254	0.149728859	-0.280968304	-0.079851861	0.168972461	-0.196724643	-0.285089908	-0.111954975	-0.016358812	0.00234331	0.025643819	-0.106231833	-0.108408095	0.073582017
UMARY	1158	0.139554695	0.060065108	0.082501742	0.039994015	0.188107314	0.003744073	0.016816181	-0.001579734	0.038235166	0.150413587	0.136684761	0.055354165	-0.019816482	-0.173658675	0.05761017	-0.186994627	0.614847272	-0.277951096	0.072002554	0.108673978	-0.012823402	0.053019075	0.031708917	-0.017059682	-0.208338709
UMARY	1170	0.065150777	-0.012144617	0.111720472	0.11927049	-0.012030677	-0.010237405	0.016052573	0.012267643	0.027912802	-0.062722414	-0.075547266	0.046574856	-0.261058029	-0.05955974	0.077852191	-0.059029203	0.65608861	0.11259897	0.039864841	0.110050269	0.001236192	0.040191307	0.021005758	0.020778869	0.010167315
UMARY	1206	-0.07479945	-0.039090127	0.168005186	0.17373831	0.097470224	-0.037029688	-0.065947636	-0.024998324	-0.048342591	0.206106713	0.109580256	0.039602912	0.113937115	0.233416258	-0.025245302	-0.306945516	0.144133456	0.081051283	-0.023025056	0.051694788	0.002109903	0.278850561	0.027490231	0.028857452	-0.101486257
UMARY	1209	0.003950306	0.080822398	0.092310358	0.068088298	0.519016048	-0.122918849	0.02334516	0.096128253	-0.052553653	-0.03398604	0.179252549	0.086730843	-0.397784784	0.026723678	-0.006148923	-0.054536103	0.351370668	0.264362609	0.123419624	0.119789973	-0.065416101	-0.119722062	-0.038243428	0.093260942	-0.036852293
UMARY	1226	0.073667325	0.048761206	-0.199867127	-0.004568005	0.151180495	0.04751974	0.045933365	0.139073893	0.030444791	-0.028104237	-0.004560754	0.011663691	-0.164738335	-0.253579501	0.095570692	-0.110661023	-0.222952414	-0.492139344	0.097635397	0.023270958	0.060244883	0.179066011	0.079332872	0.061438787	0.087300073
UMARY	1230	-0.025517901	-0.032686302	0.018925623	0.000395786	-0.255693555	0.016478685	0.009207594	0.021867096	0.031624327	-0.03936682	-0.090761857	-0.051958215	0.011128982	-0.089753844	-0.038759971	0.103267223	-0.128134125	0.57332629	0.008464417	0.102581355	0.033906809	0.017955525	0.040195825	0.043008159	0.148956728
UMARY	1260	0.181474144	0.208643289	-0.011151845	-0.02630293	-0.0626833	0.159067728	0.142796111	0.120823015	0.097257447	0.041689344	0.079088762	0.161849694	-0.416886812	-0.297937418	0.168225439	0.053442292	0.572283755	-0.153793165	0.183531901	0.000423514	0.182717102	-0.194669155	0.125373589	0.158086813	-0.003891686
UMARY	1326	-0.000763612	0.005199616	0.25629359	-0.259614564	-0.370079351	-0.077885065	-0.045007212	-0.026808636	0.014779456	-0.015207651	0.219965978	0.040206696	-0.398865175	0.253842713	-0.069468151	0.078292165	-0.01933721	0.324385094	0.002240876	0.098505502	0.029166602	-0.246050566	0.05243097	0.014675049	0.078726222
UMARY	1454	-0.081817748	0.009733733	-0.017726652	0.247778134	-0.110906243	0.012301057	-0.03482468	0.015034952	0.083085154	0.044917785	-0.045793338	0.062159404	0.3911117	0.075017416	-0.03463293	-0.235169327	0.041431054	0.452682641	-0.050273086	0.071796373	-0.04541153	0.22613856	-0.037028157	0.006947731	-0.141371524
UMARY	1465	0.010858066	-0.010502398	-0.141235991	-0.358555491	0.25580164	-0.113964381	-0.112171721	-0.032234752	-0.047035276	0.067294594	-0.120897612	-0.04956263	-0.284933289	-0.090674003	-0.008388558	-0.014045288	0.042359814	-0.637587356	0.02435456	-0.058261487	-0.075264162	0.137683153	-0.125138276	-0.13808967	0.055086545
UMARY	1486	-0.059045428	-0.015127803	0.023352744	-0.090705258	-0.106094616	-0.118886795	-0.12798079	-0.009535434	-0.045949941	-0.101170616	0.015469207	-0.028703078	0.033266939	0.120653722	-0.099173038	-0.092038737	-0.200701378	0.193574336	-0.061238679	-0.134211757	-0.12002594	0.063080306	-0.120493874	-0.023578554	0.150935918
UMARY	1498	0.021121653	-0.027878623	0.071791931	0.043716168	0.048774569	-0.041945788	-0.058221353	-0.057071859	-0.136814721	0.141435959	0.033553185	-0.023373365	0.062941383	0.221315199	-0.057706817	0.071205192	-0.045725305	-0.097503364	0.026902732	-0.034558074	0.052399641	-0.003980417	-0.039442503	-0.024712205	-0.062751391
UMARY	1502	-0.187601023	-0.009183748	0.14051615	-0.344592972	-0.266158493	-0.08122136	-0.084492375	-0.140002348	-0.139837747	0.045773701	0.057045157	-0.129166662	0.018831326	0.066413608	-0.094300311	0.009019331	-0.099344283	0.140996315	-0.074981141	-0.099241728	-0.07215862	-0.2373888	-0.105107294	-0.109332643	-0.091511956
UMARY	1535	0.022870764	-0.011615212	0.098577069	-0.328957413	-0.215157416	-0.003742607	0.036506817	-0.062247193	-0.055772347	-0.003067096	0.092710019	-0.007239199	0.413925914	0.070366765	0.045151312	0.00851761	-0.362186042	-0.126644129	0.036865957	-0.022918797	-0.001463443	0.254372563	-0.031057355	0.069312931	-0.065237533
UMARY	1540	-0.002653322	-0.073878777	-0.349962202	0.065328332	-0.31261183	-0.004699934	-0.044699577	-0.01113727	-0.019610649	0.1160195	-0.070882677	-0.062801254	-0.148169438	-0.392828076	-0.033604917	0.001206488	-0.289137696	-0.338617319	0.002785819	-0.14167938	-0.045683414	0.062438482	-0.066175988	-0.037621867	0.086278231
UMARY	1541	0.077011748	0.03419266	-0.02727782	-0.005750544	-0.085662782	0.123347877	0.06867249	0.098656578	0.059260863	0.087280405	-0.031631586	0.072313364	0.114967645	-0.017732742	0.10999698	-0.054428509	-0.00069744	-0.009187852	0.079468764	0.116953057	0.093696236	-0.046752544	0.169273507	0.052000486	0.091122635
UMARY	1544	-0.035933932	-0.070017629	-0.000726756	-0.094289704	0.246033196	-0.066731278	-0.066395285	-0.12311083	-0.064849365	0.145136807	0.02595137	-0.075649754	0.35455035	0.217954259	-0.037354769	0.100053414	0.108163987	0.612002521	0.016762861	-0.013636292	-0.042545485	-0.223086923	-0.055822103	-0.03540725	-0.061896978
UMARY	1545	0.045886808	-0.10720572	-0.216343751	-0.037624275	-0.249308564	0.086166084	0.130044502	0.133109181	0.137103002	-0.211226204	-0.389607277	-0.021015263	-0.043762638	-0.155864165	0.066675171	0.381700521	-0.105073536	0.670518866	-0.004674649	-0.056312401	0.095890032	-0.278843275	0.038896229	0.021880487	0.09192435
UMARY	1568	-0.050396006	-0.055402643	-0.043224094	-0.170705041	-0.590510028	0.08340164	0.07005394	-0.050331879	0.057002444	-0.182181538	-0.078643854	-0.063193751	0.475409174	0.002849256	0.014542205	-0.099431542	-0.259078833	0.46891376	-0.035297045	-0.078481809	0.043181757	0.374101287	-0.001360835	0.019057334	0.035741537
UMARY	1570	0.109851524	-0.025867591	0.021090767	0.125944033	-0.052374883	-0.011568124	0.011181112	0.02956272	0.025582731	0.010126133	0.156160694	0.06290873	-0.268017797	0.140405376	0.075101072	-0.063142531	-0.174113653	-0.162154816	0.0542416	0.017441627	-0.009499662	0.031752043	-0.020927515	0.004280562	-0.04537993
UMARY	1571	-0.109232662	-0.031156874	-0.02436921	-0.134255663	-0.389124445	0.060555	0.014241704	-0.011739899	-0.027924653	-0.16572553	-0.167350376	-0.031843713	-0.042011532	0.040983941	0.036563775	0.208703861	-0.01425086	0.815535782	-0.146534689	0.081968963	0.086726935	-0.169680984	-0.054800568	-0.018744028	0.19135935
UMARY	1578	-0.165486896	-0.040477908	-0.141810706	-0.443691285	-0.349756169	0.002560932	-0.021142112	-0.093500746	-0.101147032	-0.251945787	-0.212198196	-0.073761017	0.188133797	-0.104054527	-0.085137409	0.366265365	-0.192051685	0.05597303	-0.133136385	-0.16243058	-0.067153425	-0.023076485	-0.07370946	-0.046457864	0.279265744
UMARY	1583	0.024624683	0.180748423	0.181368644	0.16401255	0.007868966	0.115769341	0.133350583	0.161770501	0.231860055	0.1966923	0.123852004	0.032004273	0.861257768	0.098119166	0.147219183	-0.310334104	0.119509537	0.474214887	0.124230984	0.161733688	0.111694232	0.187421941	0.129939228	0.042417063	-0.16025294
UMARY	1584	-0.062760649	-0.181447973	-0.266936624	-0.245044517	0.138119815	0.104982524	-0.039412893	-0.016793445	0.071746748	0.211809808	0.085447988	0.017934882	0.258393057	-0.029300142	-0.057588936	0.071625297	0.011243821	-0.085658362	0.039529784	-0.08591275	0.116960537	-0.223783376	-0.046391995	-0.010861096	-0.216126979
UMARY	1611	-0.311239456	-0.088539441	-0.13062006	-0.019713073	-0.11512961	-0.042077588	-0.111969291	-0.245986501	-0.064710587	-0.027867887	-0.261993103	-0.230293295	0.210510398	0.003154049	-0.164331237	0.110842156	-0.560046814	-0.230797985	-0.317103889	-0.251936346	-0.1802282	0.028482301	-0.143106313	-0.175693754	0.047561593
UMARY	1612	0.038926281	0.014902833	0.192207155	0.347629586	0.377015425	0.123516444	0.068233933	-0.069686878	-0.011263303	-0.136311415	0.039070235	0.07864605	-0.697881947	0.08605841	0.073094459	-0.079626838	0.4318352	-0.96094942	-0.061742663	0.080759795	0.039130664	0.131419639	0.238800158	-0.049438123	-0.304503655
UMARY	1613	-0.045987398	-0.034745037	0.128729587	0.262700202	0.016990055	0.024440148	0.095978811	-0.057240484	-0.055095173	0.082590348	0.262694658	0.170916546	-0.649075565	0.092353592	-0.010877685	-0.363944907	0.301421057	0.414046628	-0.040955049	0.035611304	0.076064149	0.068067095	0.095804357	0.12067729	-0.146165146
UMARY	1614	0.001260138	0.097200144	0.180088425	-0.266379598	-0.187645197	0.034523265	0.104524424	-0.026468793	0.028866783	-0.095652063	-0.014978737	0.013887946	-0.389285018	-0.149518711	0.032546318	0.000949496	-0.27729595	-0.497041051	0.034717567	0.014008488	0.053556531	0.289125905	-0.024533608	0.0365081	-0.079100634
UMARY	1648	-0.030060386	0.093451186	-0.035532427	-0.277265143	-0.08226297	-0.040398266	0.013959723	0.030185788	0.013518662	-0.005504792	-0.029622542	0.06766352	-0.409358264	-0.061883234	7.48E-05	0.03879414	0.52423885	-0.136652626	-0.002112523	-0.038843553	-0.050291644	-0.110361159	0.011545674	0.038035929	0.197305032
UMARY	1652	-0.061787413	-0.003557588	-0.024071676	-0.024593692	-0.055434153	0.117621852	0.056203605	-0.055742107	0.088829688	0.052982312	0.451206834	-0.034460174	-0.30837384	0.044931993	0.048272965	-0.624414904	-0.062707954	0.143589133	-0.027440654	0.015266227	0.106177835	0.282435281	0.061740305	0.019530602	-0.204316097
UMARY	1668	0.12112351	0.087626032	0.162954755	0.052151429	-0.170789699	0.099908572	0.11789583	0.116455226	0.131491938	0.061472863	0.138215671	0.086547473	0.055725569	-0.08039714	0.15933029	-0.046553682	-0.011920459	0.020687132	0.113573911	0.15230067	0.160097143	0.052567562	0.079759418	0.105773918	-0.02250602
UMARY	1710	-0.003232134	-0.042137722	0.130339865	-0.23779022	0.10528973	-0.069314025	-0.033134168	0.018565638	0.172069565	-0.08026538	-0.145929016	-0.081593088	-0.374415457	0.109777777	0.109600841	-0.014813755	-0.349508594	-0.589099982	0.018639111	0.082532082	-0.037310534	0.163175983	0.020690019	0.045607409	0.150560243
UMARY	1712	0.154652633	0.146636004	0.019819299	0.105226395	0.164877456	0.019741246	0.092903604	0.090305149	0.029286946	0.002418851	-0.015202561	0.084673853	0.133502416	-0.145306379	0.097092378	-0.006613684	0.168600223	-0.148388482	0.106995078	0.040512423	0.123302108	0.04595925	0.102208842	0.038802579	-0.098361221
UMARY	1713	-0.028344415	-0.042789217	-0.015610062	-0.031568777	0.139648848	-0.046969678	-0.052138673	-0.116953526	0.031546205	0.163459937	0.074003242	-0.023440695	0.371081636	0.137520528	0.014405343	-0.169184189	-0.116200425	0.240408942	0.033338757	-0.037651351	-0.011153623	-0.180539549	-0.025202301	-0.019523279	-0.100588862
UMARY	1715	0.023310106	0.044200498	0.004712297	0.078660139	0.432591276	-0.034857799	-0.055323852	0.025979037	-0.005382187	0.085502743	0.03068283	0.054099847	-0.017989157	0.168506092	0.038074591	0.077473723	-0.273287884	-0.0633413	0.024991928	0.141881155	0.005830183	0.025351525	0.030693811	-0.012944065	0.20171495
UMARY	1792	0.027749594	-0.00305136	-0.025138141	-0.03344986	-0.268023109	-0.039055256	-0.018613298	-0.022808036	0.009604576	-0.17130761	-0.069320649	0.062425381	-0.191694759	0.032895069	0.05038576	0.118201598	0.070133799	0.200419358	-0.016838236	-0.088440312	-0.007228134	0.006846444	0.052886298	-0.059962094	0.098126181
UMARY	1795	-0.010895324	0.063109266	0.03785389	-0.009853005	0.01736186	-0.057008789	-0.053430394	0.064401628	0.035198023	0.07888802	-0.078325018	0.025594749	0.558499685	0.207256597	-0.035829207	0.170350455	-0.101293056	-0.063977421	-0.008386864	0.024572023	-0.011040324	0.080282391	0.081627571	0.019395437	-0.100405567
UMARY	1797	0.011741782	0.230302697	-0.093051626	-0.13010145	-0.203463686	0.06824111	0.029844251	-0.018607166	-0.009087104	-0.022774899	-0.308818119	0.004376346	0.091201251	0.171170127	-0.05925958	0.37589715	-0.260526099	0.401484124	-0.07846793	0.01247057	-0.060597646	0.020745978	-0.031804428	-0.088441686	0.239750794
UMARY	1825	-0.037208667	-1.55E-05	0.152668929	-0.071574672	-0.466266195	-0.043187605	0.071063559	0.032316485	0.012600798	-0.113644253	-0.128776471	-0.100723138	-0.178981883	0.031513024	-0.031460953	0.0740873	-0.097308676	0.13545934	0.007262386	-0.100177922	-0.068450892	-0.177509762	-0.035365521	-0.111096313	0.166574667
UMARY	1827	-0.116595047	-0.120912861	-0.156145782	0.026134732	-0.092017771	-0.02992109	-0.037701871	-0.064056978	-0.067045804	-0.114538335	-0.077494128	-0.019626575	0.223404302	-0.192344106	-0.076187192	0.35364765	-0.304204188	0.132103445	-5.25E-05	-0.12039034	-0.02606967	-0.049578619	-0.055422065	-0.002333303	0.082060332
UMARY	1830	0.158637002	0.080371111	0.171450106	0.390719291	-0.134492181	0.139103746	0.133762278	0.181581233	0.113661279	0.083823583	0.106250789	0.15884835	0.46228721	0.030330778	0.147148495	-0.215377503	0.215718885	0.765219592	0.200090977	0.191287834	0.163488909	0.234145665	0.104563359	0.187967256	-0.026711341
UMARY	1846	0.144224538	0.031948006	-0.041389356	-0.184007481	-0.125602205	-0.0290045	0.000963655	0.048211566	-0.025472492	-0.064805222	-0.058893589	0.000630138	0.037856411	-0.046171838	-0.004446056	-0.030529091	0.034344081	0.034157579	-0.006114253	-0.038602835	0.015268708	0.117156772	-0.048426481	-0.016743011	0.142269651
UMARY	1847	0.04500044	0.045934855	-0.069407234	0.127401436	0.633994321	0.015474546	-0.000705797	0.032917292	-0.00583693	0.035152815	-0.087702491	0.018235084	0.487390255	-0.278432123	-0.008722656	0.064965474	-0.155809671	-0.023478227	0.064112608	-0.01182934	0.015421042	0.098621609	-0.001157756	0.062592472	-0.2301521
UMARY	1849	0.039102434	-0.053683167	-0.105172452	-0.140613193	-0.267051559	-0.006545503	-0.135470095	-0.038510104	-0.039432753	-0.116067899	-0.139012647	-0.043111842	-0.650796843	-0.329749865	0.087814487	0.020981843	-0.53958564	0.114989043	-0.023345265	-0.13298257	-0.004056224	-0.033252514	-0.06638271	0.048781838	0.093306808
UMARY	1862	0.096717195	0.00736156	0.147292015	-0.009257776	-0.359969215	0.115480733	0.179365339	0.003684709	0.03045627	0.105869614	-0.20500813	0.052083785	0.458133257	0.105517289	0.031987405	0.121706714	-0.054680011	0.410071066	0.064797014	-0.03481865	0.167236496	0.139482778	0.103526543	0.014152998	0.05321452
UMARY	1865	0.040921444	0.101535234	-0.038591004	0.269385384	0.320494739	0.000729912	-0.042773642	0.060247459	-0.035100209	0.135191171	0.145606387	-0.00661444	-0.386261028	0.154815832	0.102380477	0.053699299	0.31949183	0.044013118	0.070578582	0.074893232	-0.00713891	0.097770552	-0.027236268	0.0298248	0.092032183
UMARY	1866	-0.144041755	-0.117211527	0.051506426	-0.16368181	0.026105163	-0.100337104	-0.090318801	-0.154221822	-0.072809932	-0.051015374	-0.021628581	-0.083883872	-0.358322098	0.027177327	-0.08774103	0.026121497	-0.354468159	0.150263069	-0.116131023	0.133483696	-0.127267448	-0.025389735	-0.102375223	-0.115698215	0.05735383
UMARY	1867	-0.020572695	0.024880127	-0.056996186	-0.016077597	-0.212736995	-0.052648257	-0.07097367	-0.027290431	-0.081561036	-0.040919561	0.163666189	-0.087305135	-0.405782578	0.182545102	-0.045976258	-0.020062675	0.085982171	-0.304166475	0.012991602	-0.109505366	-0.089036325	0.191092318	-0.096749754	-0.075721219	0.128106518
UMARY	1902	0.027694404	0.089448783	0.021883804	0.027337766	0.165335411	-0.014351486	0.063211537	0.087006025	0.070965862	-0.011305626	0.090559075	0.036993424	-0.251793738	0.288013356	0.02612383	0.185719184	0.059850017	-0.171723286	0.069852735	0.066500812	0.003053351	-0.165417407	-0.023015246	-0.02219097	0.111244504
UMARY	1903	0.088321893	0.033976347	-0.034168658	0.187842482	0.124805252	0.097282751	0.014631418	0.11977125	0.111668792	0.050758076	-0.025507667	0.040103893	-0.35029215	0.121077923	0.072379049	0.070147431	-0.058100873	-0.084286726	0.072587262	0.035139736	0.066090385	-0.225493681	0.036086003	0.064976742	0.150378008
UMARY	1907	-0.192305045	-0.252210177	-0.079611585	-0.502658298	-0.006891945	-0.020512514	-0.130837555	-0.144375516	-0.081241567	-0.041899	-0.113084937	-0.111083145	-0.231099291	0.010964334	-0.059874245	-0.044434276	-0.45504897	-0.003489527	-0.098610681	-0.012233009	-0.099462845	0.226032145	-0.096207385	-0.113172412	-0.122690406
UMARY	1917	-0.051620407	0.014774229	-0.090659436	0.220327394	0.223442507	-0.113171401	0.020681897	-0.105759917	-0.051691955	0.085545022	-0.14851278	-0.073033527	-0.0030403	-0.066253035	-0.021333021	0.323023319	0.029791321	-0.820724999	-0.056099476	-0.001908203	-0.018328042	0.23569418	-0.068879063	-0.1147281	0.083162547
UMARY	1935	-0.16034614	-0.178526914	-0.056850712	-0.160675391	-0.131610529	-0.136575696	-0.076628577	-0.166226752	-0.200724982	-0.17412872	-0.080500907	-0.16250622	0.272983783	-0.256033906	-0.131248155	0.076437198	0.339081122	0.043742973	-0.181028342	0.009600927	-0.116387176	0.036825374	-0.15817412	-0.128741082	0.297989844
UMARY	1936	-0.075639878	-0.096254267	-0.195921903	-0.131078203	0.259987225	0.03041323	-0.104649369	-0.043036605	-0.076340451	-0.117129673	-0.273313653	-0.021818086	0.275295714	-0.195569692	-0.042763606	0.079580656	-0.176826616	0.085451598	-0.046603601	-0.133777805	-0.042972825	-0.031122766	-0.035852916	0.104423863	-0.29875222
UMARY	1939	0.806166599	0.58394351	0.464891799	1.513185556	1.61959253	-0.361818933	-0.237577569	0.599903111	-0.09112512	0.526131973	0.530499087	0.300221995	0.711305764	0.563917689	-0.109389464	-0.272069172	0.470276968	-0.284465767	0.525417032	0.256158735	-0.304169831	-0.653524463	0.175571299	-0.101400286	0.067523858
UMARY	1940	-0.138760783	-0.15131251	-0.11135324	-0.366212815	0.097495858	0.022401311	0.044359955	-0.092486505	0.001239272	0.061536965	-0.077534877	-0.077705714	0.103679395	-0.089156959	0.06692728	0.402991682	0.209809715	-1.18276991	-0.031642644	-0.024378966	0.01643631	0.228058456	0.075323709	0.002587102	-0.007719761
UMARY	4263	0.168636861	0.089427217	-0.289393142	0.02662573	-0.012402791	0.004209841	0.064126533	0.113525256	0.044794203	0.130374827	-0.114674527	-0.051497998	0.077581809	0.00475271	-0.000193911	-0.339900696	-0.219426899	0.034578531	0.016170703	0.086247774	0.003078936	0.29540831	0.060064326	0.02035141	0.194184997
UMARY	4540	0.040411124	0.083551796	0.113910658	-0.305206881	-0.098743507	-0.169964992	-0.061948251	0.060189412	-0.133993693	-0.076474413	-0.140414693	0.051603214	-0.438785468	0.176438024	-0.095307533	-0.357743464	0.078010481	-0.164797031	0.030694074	0.105482569	-0.09030739	-0.200218315	-0.059257372	-0.092746336	0.037373817
UMARY	4542	-0.037264703	-0.053591889	0.026354123	0.381194186	0.218624958	-0.023667537	0.01136969	-0.103557455	0.094168375	0.124482773	0.032625928	0.04436232	0.981711984	0.091470837	-0.021625571	0.214575182	0.099638303	-0.365226876	0.021488503	-0.078841754	0.105788713	-0.040418381	0.029541813	-0.024475429	-0.109361381
UMARY	4543	-0.023530086	-0.069987406	0.054576202	0.419666038	0.167921439	-0.078995464	-0.086370242	-0.026594264	-0.094167508	0.126505897	0.052855449	-0.046913454	-0.001222171	0.225922447	-0.112485749	0.127638936	0.013385284	-0.151987607	0.002363425	-0.058359986	-0.038704767	-0.091285994	-0.103887993	-0.072916619	-0.056556408
UMARY	4549	0.050765865	0.125063929	-0.024990175	-0.204929228	-0.368515444	-0.013870484	-0.022939615	0.054323445	0.010327396	-0.233013105	0.175969094	-0.028160386	-0.810057669	0.277924925	-0.041468474	0.131020715	0.062619967	0.369508955	0.026896966	0.069331589	-0.004949357	-0.195025748	-0.029698535	0.000230928	0.283855346
UMARY	4590	0.014173298	-0.109101943	-0.112765438	0.072028	0.177356615	0.076089393	-0.036104972	0.015184801	-0.061268563	-0.197665604	-0.160447563	0.040402523	0.296701504	-0.302021883	-0.167696277	0.146309365	-0.134290832	0.334242061	-0.093700593	-0.206155881	-0.12923802	-0.069151272	0.147075592	-0.065153025	0.023097635
UMARY	4593	0.053101942	0.077064154	-0.011816376	-0.045767662	-0.045212058	-0.031185858	0.096357387	0.00641123	0.040377992	-0.001203127	0.178873953	0.008842847	0.295344521	-0.072001669	-0.005709982	-0.184028351	-0.048416488	-0.24004191	0.106869836	-0.038177153	0.009566743	0.17044073	-0.05938526	-0.016773058	-0.040658236
UMARY	4598	-0.07354832	-0.126201425	-0.099435488	-0.029139437	-0.049085489	-0.113011512	-0.070038647	-0.098161663	-0.038752436	-0.072630006	0.186544884	-0.05835525	-0.247079187	0.099124768	-0.075438978	0.064232944	-0.242109188	-0.099147666	-0.06126403	0.067924594	-0.026877667	0.094244167	-0.078122703	-0.039822102	0.155685967
UMARY	4636	-0.07434881	-0.026554761	-0.007952263	-0.209772993	-0.141338346	-0.02634776	-0.07568909	-0.124103313	-0.127273377	-0.018224767	0.007617426	-0.126886047	0.098645659	0.114588982	-0.057793383	0.160082823	-0.262841983	-0.16559239	-0.146166876	-0.013877708	-0.020898566	0.041866784	-0.031997393	-0.091407641	0.153615321
UMARY	4640	-0.008854641	-0.037068159	0.016682048	-0.035466694	0.038497235	-0.045338768	-0.139106979	-0.0571096	-0.078683787	-0.211918571	0.012034815	-0.034178538	0.090121361	-0.105715372	-0.144761631	-0.287256384	-0.209008294	-0.395857635	-0.032244177	-0.006052315	-0.083303093	0.114875435	-0.096153752	-0.077114992	-0.103873174
UMARY	4725	-0.070973552	-0.070169555	-0.087374863	-0.165501152	-0.025476112	-0.164868234	-0.082344767	-0.002920367	-0.037691727	-0.041921173	0.006658829	-0.106579559	-0.636387929	0.161499447	-0.121253029	0.045727741	0.184225436	0.233807514	0.024126501	-0.061440873	-0.152516335	-0.191117368	-0.113484302	-0.034134954	0.270071391
UMARY	4726	0.021777011	-0.004605442	0.11485824	-0.105039067	-0.139299078	0.055391756	0.026406939	0.039046216	0.067586297	-0.102457472	-0.122648209	0.009925952	-0.164972488	-0.078788649	0.075614917	0.330707683	0.102862749	0.230461107	0.014440454	0.100222115	0.065498269	-0.127275489	-0.028873909	-0.011978996	0.1505108
UMARY	4727	0.030596233	-0.046823464	0.108886483	0.333975244	0.142722374	0.132313956	0.008435544	0.018394482	-0.010663025	-0.070801968	-0.055745202	0.019518644	0.450789625	-0.358220123	0.078955823	-0.020362684	0.063166168	0.431138415	-0.085386594	0.157359887	0.073257873	-0.29262762	0.085282077	0.036884011	-0.267330835
UMARY	4729	0.154251416	0.17685088	-0.089873521	0.164419994	0.255199233	0.056196527	-0.001431652	0.163769594	-0.097016539	0.191406179	0.064404457	0.151062164	0.176789239	0.055558214	-0.048437944	-0.319246513	0.248370341	0.116243217	0.167906202	-0.097019672	-0.109522517	0.318449668	-0.01204028	0.092389054	-0.005179221
UMARY	4782	-0.118029006	-0.128973819	0.029933377	-0.228391828	0.117183021	-0.155904374	-0.106375888	-0.012471974	-0.119533766	-0.002348754	0.108829572	-0.065208065	0.555601687	-0.003442028	-0.212161896	0.092022629	0.017928381	-0.147797878	-0.076026135	-0.05121788	-0.186690897	-0.192499577	-0.103177796	-0.096624458	-0.05549022
UMARY	4786	0.098178892	-0.005512206	0.010928231	0.296729351	-0.0070503	0.017421548	0.076843796	0.002837023	0.029364901	-0.050326455	0.255227944	0.00394692	-0.315916445	-0.198329908	0.051592406	-0.107900384	0.011608373	-0.670112864	0.012313491	0.057862245	0.037359626	-0.077037842	0.069295694	0.040489894	-0.155814234
UMARY	4788	0.096168282	0.097300534	0.200422083	-0.095301169	0.624707982	-0.256685477	-0.036737814	-0.368368926	-0.075875577	0.268376339	0.316104236	-0.165162141	0.483961395	-0.362807801	-0.136984994	-0.581897625	0.24219384	-0.615466713	-0.294105775	-0.032020013	-0.022368569	-0.216522714	-0.134770733	0.016751876	-0.074606324
UMARY	4789	0.017792053	-0.063625821	-0.016433908	-0.079353638	0.645833665	0.260797131	0.172719216	0.009529586	0.045474187	0.267511705	-0.090845484	0.040848741	0.743378544	-0.515344617	0.154464853	-0.352487347	-0.302166653	-1.153462209	0.058107946	-0.11003255	0.143949084	-0.195810162	0.100378084	0.033588256	-0.361192712
UMARY	4841	0.007315012	-0.016130728	-0.075769616	-0.021632349	0.125331851	-0.006345769	-0.015736005	-0.029728447	-0.033236375	0.107956924	-0.164833764	-0.045893178	-0.435320015	0.154816062	0.084346214	0.139978592	-0.301799552	-0.318778571	-0.008921228	0.090840892	-0.011262223	0.160334871	0.01515685	0.002364458	0.135674753
UMARY	4842	-0.006237248	0.088415623	0.207022032	0.234080603	-0.233550313	0.041395876	-0.053088083	0.139666836	0.114048849	0.369037705	-0.006385435	0.228233725	-0.281041183	0.25367818	0.097702363	-0.353481597	0.266515137	0.357139449	0.136192047	0.019808252	0.006344998	0.421586779	-0.01017133	0.148248199	0.140361925
UMARY	4903	-0.208594276	-0.008294473	0.052379947	-0.22296745	-0.481500352	0.02951618	-0.000213872	0.017002973	-0.041617113	-0.05941821	-0.308105825	0.010746466	-0.476238452	-0.121086444	-0.039623956	0.250602834	0.02927088	0.22927011	-0.016706522	-0.042022452	-0.022772759	-0.075873809	-0.024954977	0.062189665	0.033418904
UMARY	4915	0.138672918	0.144003336	-0.05581448	0.202163411	-0.11202187	0.06900525	0.11678578	0.107865208	0.07516874	0.203715451	0.066366758	0.038431956	-0.568947239	0.274238087	0.089706304	-0.251246562	-0.073071251	-0.099516061	0.006876486	0.120930646	0.072535749	0.095851833	0.052968123	0.009865173	0.063055399
UMARY	4916	-0.163052734	-0.062116938	-0.112119646	-0.214897589	-0.034093366	-0.01390504	0.029714303	-0.152880883	0.022002194	0.011487732	-0.183840924	0.052559977	-0.160753441	0.114240832	0.024784242	0.41488089	-0.301767373	0.158714526	-0.0392301	-0.159744806	-0.046125005	0.166406321	0.068162717	-0.092601497	0.118168079
UMARY	4924	0.47603116	0.352871679	-0.034258852	0.355556035	0.766457849	0.123631302	0.110085816	0.188716554	0.230557366	0.200032796	-0.07766829	0.172133056	1.224943444	-0.200688434	0.230948664	-0.362230501	0.503166844	0.515556176	0.211158738	0.162764454	0.217633455	-0.125687844	-0.026954281	0.125256604	-0.25681838
UMARY	5024	-0.010023869	-0.016631202	0.119783674	0.093401834	0.160217203	0.055119389	0.044666436	-0.024595109	0.045358476	-0.013232737	0.132752294	0.05878696	-0.641949732	-0.181239755	0.054548965	0.38156634	0.168066556	0.16516726	0.015234167	-0.159276653	0.04523186	-0.726009988	0.076942814	0.051114224	-0.189472548
UMARY	5028	-0.067390905	-0.053201497	-0.051236497	0.46616359	-0.350790353	-0.03412135	-0.017582799	-0.008534626	-0.023936109	-0.008974852	-0.04763668	0.037539809	0.291584328	-0.137858023	-0.029233816	0.001445804	0.175858408	0.210403195	-0.06815821	-0.034943623	-0.016627591	0.271096534	0.005337282	-0.037068611	-0.153992639
UMARY	5078	-0.135268356	-0.146177096	-0.030511033	-0.239192586	-0.213765384	-0.050290636	-0.075411928	-0.169512172	-0.067056304	-0.249130076	-0.049039717	-0.120063462	-0.335059214	0.018848574	-0.083246195	0.14645522	-0.248989183	0.055905843	-0.161907076	-0.013234453	-0.088828695	-0.136270187	-0.095873443	-0.142391347	-0.041435655
UMARY	5079	0.018495085	-0.014005706	0.133015432	-0.139418598	0.000895601	0.030623054	-0.025320378	-0.044986303	-0.024345189	-0.134655258	0.045905066	-0.105282071	0.223530578	-0.118915798	0.02261942	-0.136697833	0.529688388	0.087659052	-0.093253491	-0.003181974	-0.020718685	-0.1022543	-0.003727164	-0.079972733	0.051351601
UMARY	5081	-0.071642559	-0.097375681	0.02112868	-0.013137871	-0.014643444	-0.028901144	-0.032775631	-0.118830884	-0.006757939	0.049586332	-0.092564194	-0.161505286	0.521414326	0.146655314	-0.107922821	0.149556903	-0.266555236	0.009255001	-0.06689274	-0.061957525	-0.019134164	0.060138587	0.074514088	-0.003142923	0.066724727
UMARY	5086	-0.136855986	-0.032791662	-0.099046349	-0.106195384	0.140536566	-0.010168112	0.04097476	0.096942358	0.026055336	0.024236622	-0.152178209	0.066965578	0.732549572	-0.041051409	-0.021822946	0.016033056	0.40117494	-0.007028635	0.023644516	-0.015927138	0.090314948	0.09419261	0.114899953	0.028183893	-0.120354756
UMARY	5087	0.055552798	0.015094228	0.058177706	0.251102174	-0.065791903	0.086339532	0.13473641	0.012192535	0.06361475	-0.037737521	0.152012167	0.008114792	0.439359836	0.065424555	0.125762609	-0.176089491	-0.147499751	0.014471081	0.048993457	0.071661966	0.122847277	0.16983182	0.046522009	0.093025108	-0.148469772
