FID	IID	1	2	3	4	5	6	7	8	9	10	11	12	13	14	15	16	17	18	19	20	21	22	23	24	25
BLSA	745	-1.449077779	0.304759668	0.457507141	0.148218921	-0.181541842	0.486833927	0.075993402	0.799211679	0.251527815	0.192234592	0.342844295	-0.016032692	0.430311703	0.689105683	0.304461978	0.120341595	-0.132067165	0.05457519	-1.080850523	0.737308542	0.663277347	0.549226194	-0.828147243	0.560778799	0.714822812
BLSA	827	-0.883169927	0.153438606	0.514356043	0.039862973	0.175183041	0.227249836	0.336215871	0.30853246	0.791739297	0.685785998	-0.078794808	0.096023161	0.157890153	0.305003969	0.35226835	0.057751239	0.079940814	-0.013377029	-0.366633403	0.192974591	-0.632067557	0.313697251	0.166396139	0.202099268	0.129598537
BLSA	1556	-0.08435297	0.045591189	0.031421194	-0.010437493	-0.140267932	0.298668439	-0.134442097	-0.218363261	-0.250171237	0.214895272	-0.394283079	0.419405806	0.093835211	-0.080872945	-0.009013942	0.190918996	0.294540014	0.052106076	0.044777643	0.172905405	0.095742013	-0.03501529	0.164151562	0.199628422	-0.304333507
BLSA	1579	0.106630597	-0.246453803	-0.374735877	-0.297081196	-0.254872798	-0.278183976	0.126816176	0.102137757	0.046856466	0.521547129	0.483886978	0.446210151	-0.199649559	-0.054865219	-0.122623281	-0.237145586	-0.143048278	-0.232734538	0.511177522	-0.344182316	-0.173309892	-0.314740275	-0.004194596	-0.174923855	-0.082649581
BLSA	1595	0.572672859	-0.619237727	0.270740267	0.51516861	0.409184925	0.463119533	-0.426795264	0.162284521	-0.288611791	0.532166224	0.495414472	-0.326968759	0.520419478	0.381201224	-0.400585508	-1.199009173	0.084033177	0.470450517	-0.864667174	0.191465487	0.16945796	0.757183505	-1.48128205	0.497437578	0.464292144
BLSA	1603	0.375123783	-0.113779077	0.03696844	-0.000903267	0.387210013	-0.411435932	-0.406893287	-0.155133609	0.18012491	0.10183471	-0.110807827	-0.346150524	-0.070561566	-0.127296188	0.017905381	0.003838093	-0.247919242	-0.063522401	0.235837051	-0.159896097	0.038543856	-0.163144184	0.144651577	-0.071351035	0.214858439
BLSA	1640	-0.244377004	-0.061405879	0.048492997	0.047888688	0.029174439	0.508864442	-0.496622175	-0.268166543	-0.013125232	0.109178561	-0.372371236	0.396517505	0.134913868	-0.080373864	0.065006613	0.062349091	0.092202909	0.119131209	-0.232913616	-0.060051195	0.00017933	-0.072132177	-0.019643479	0.046281943	-0.150381908
BLSA	1775	-0.296982385	0.337313282	-0.015878548	0.240982411	-0.129963929	-0.172915959	0.965812909	0.355714375	0.221544163	-0.440636641	-0.439169219	-0.331945183	-0.293868955	0.418502319	-0.236659202	-0.010069333	-0.206179268	0.109337641	-0.086555822	-0.033583145	-0.265548474	-0.200800471	-0.29333014	0.046384809	-0.282335047
BLSA	1802	0.363041812	0.087165711	-0.270846236	-0.095454718	0.037416703	-0.23723567	0.067249834	-0.155294971	-0.393905081	0.420202765	-0.49022902	-0.110723484	-0.215846233	-0.220529228	0.063299375	0.273453331	-0.123688255	-0.074714263	-0.03706917	-0.18688188	0.054405968	-0.174142471	0.051334064	-0.125364353	0.15645517
BLSA	1805	0.343589822	-0.073424784	-0.048673942	-0.193138374	0.298185387	-0.404507408	-0.672615603	-0.18206921	0.189555981	-0.14422026	-0.088853603	-0.316486575	-0.222613327	-0.215774277	0.110888533	-0.006341592	-0.285320388	-0.23695664	0.560490499	-0.207485933	-0.15337535	-0.112914987	0.179520049	-0.296332485	0.142405789
BLSA	1838	0.13518506	-0.013886479	0.020831193	-0.226878698	-0.131190523	-0.183852079	0.237572114	0.243037931	-0.137403007	-0.362530947	0.338400984	0.06296508	0.003372022	0.134333683	0.073676941	0.238065585	0.100343395	-0.139923328	0.050967331	0.042808628	0.021290044	0.033532635	-0.308185117	-0.06458395	-0.132220522
BLSA	1839	-0.057697758	0.186710609	-0.026396265	-0.137237859	-0.097474922	-0.196353133	-0.261559733	0.043519264	-0.270207244	-0.244652251	0.069027263	-0.236064832	0.038390023	-0.189198718	0.210778658	0.265147366	-0.289920488	-0.07325351	0.468917426	-0.172711888	0.086030872	-0.250166225	0.628771578	-0.199391016	0.094860056
BLSA	1840	-0.253670666	0.009586448	-0.345429586	-0.154407832	-0.029623103	-0.170988036	-0.18028355	0.061288752	-0.09566587	-0.206099075	0.126555507	0.004540744	-0.229901736	-0.143347074	-0.015052888	-0.118744237	0.052245692	-0.028692505	0.622709213	-0.238825339	0.081661218	-0.209933967	0.419489974	-0.248410824	-0.005462307
BLSA	1883	0.098560464	-0.022119479	-0.049250469	-0.104994199	0.035997588	-0.069328097	0.10416144	0.17825001	0.013036865	-0.297528917	0.238515226	-0.036152964	-0.200215428	-0.049227296	-0.116811555	-0.09440734	-0.197336045	-0.101571659	-0.03398513	-0.051796253	0.009615734	-0.085137024	0.306539891	-0.096511039	-0.047574992
BLSA	1889	0.12062117	0.116130987	-0.011796787	-0.113608336	0.043786415	-0.435057772	0.192921934	-0.211875582	0.062171193	-0.098993109	-0.092226842	-0.491319208	-0.108622216	-0.223912651	-0.084005711	0.039581215	-0.076575048	-0.146775159	0.211807279	-0.077522373	-0.008184199	-0.205132695	0.007762952	-0.140984333	-0.002933203
BLSA	1924	0.139312702	-0.141474074	-0.303050595	-0.030253803	-0.191815144	-0.104205456	-0.044211997	0.226824583	-0.464733634	0.029397834	0.810999885	4.13E-05	-0.02716702	-0.262093967	-0.070678547	-0.038700562	-0.08749808	-0.1331556	0.838305767	-0.124108992	-0.491382783	-0.004467132	0.465414147	-0.041882535	0.067702162
BLSA	1961	0.73984773	0.039698151	-0.193510521	0.032964872	0.433473661	-0.215962524	-0.618057289	-0.492990631	0.242657426	-0.148885597	-0.227731731	-0.270571661	0.150892293	-0.370275651	0.069007622	0.081801357	-0.072093597	0.120442239	0.436442716	-0.115478919	0.186745987	-0.018550544	0.51038845	-0.06750294	-0.283690875
BLSA	2000	0.346183359	-0.034035727	-0.048426285	-0.0442666	0.08075491	0.001526906	0.316195746	0.029052603	0.089771241	-0.137949803	-0.315351189	-0.175996928	-0.180573956	0.070042964	-0.032376531	0.104735695	0.359711222	-0.066094087	-0.023446277	-0.042638573	-0.093367714	-0.081566286	0.180120456	-0.074599345	-0.088352307
BLSA	2020	-0.436815263	-0.056246009	0.020881905	0.165268928	-0.316144225	0.118126305	0.068213258	-0.074971615	0.268594705	-0.041220446	0.472574189	0.317197092	0.151688882	-0.102036325	-0.213637703	-0.169917316	-0.174688416	0.075168537	-0.065391597	0.064827478	0.127446319	0.134919303	-0.317283963	0.107799636	-0.043622196
BLSA	2037	-0.088756459	0.015713168	0.136117327	-0.124735911	-0.263915349	0.178490803	0.084285645	-0.099350458	-0.141993191	0.267160791	-0.075858296	0.508092904	-0.142600106	-0.129386757	0.041107839	0.087199135	0.933369981	0.071195303	-0.180961258	0.126230401	0.103442196	-0.007451578	0.050126867	-0.03393798	-0.188305159
BLSA	2066	0.068288419	-0.081868162	-0.143226089	0.033004064	0.095449998	-0.169264553	0.090979732	-0.055671018	0.252447109	-0.047508141	-0.092468042	-0.159310823	0.002683345	-0.133196447	-0.079530841	0.02891606	-0.18559443	-0.080911156	0.226462753	-0.010421405	-0.100571469	-0.134819281	0.145393255	-0.080615787	-0.084554732
BLSA	2069	0.011153442	0.228770033	0.037141115	0.133981161	-0.163072875	0.353388321	-0.410429286	-0.309789094	-0.04179618	-0.416567568	-0.277134659	0.636405114	-0.033119543	0.251738844	0.250991354	0.383508578	0.076988368	0.127587567	-0.234448894	0.115816123	0.188540811	-0.063419454	0.036791261	0.023495741	-0.136152141
BLSA	2093	0.114803213	-0.095311133	-0.079176479	-0.19318837	-0.040914011	-0.274536601	0.547447594	-0.115958306	0.075397929	0.102564617	0.293001354	-0.162165699	-0.112085369	-0.106468141	-0.275394395	-0.182399003	-0.164991333	-0.157254228	-0.154556472	-0.113124885	-0.331454516	-0.184062617	0.208986333	-0.283810509	-0.244132524
BLSA	2102	0.25988578	0.034364481	0.335940057	0.369246029	-0.085020428	0.687558684	0.438044626	-0.170219636	-0.587812632	-0.590175737	-0.615940601	0.092490476	0.352428037	0.238926063	0.096977461	0.119126805	0.313544463	0.348941824	-0.846415865	0.29437254	0.422882298	0.529037771	-0.413771965	0.316295787	0.091705891
JHU	384	-0.100037969	-0.075262648	0.173052773	-0.191957033	0.328102913	-0.019255035	-0.205284404	0.10226197	-0.028374651	0.01994789	0.138247215	-0.432158179	-0.077885999	0.011434917	0.034412277	-0.15701774	-0.103521172	-0.145792575	0.598902146	-0.202942528	-0.019918768	0.052815366	0.538663941	-0.21581746	0.047573963
JHU	705	0.253064459	0.099006818	0.07298621	-0.234360827	0.284966091	-0.117489029	-0.027033672	0.074256937	-0.469262466	0.412490988	-0.112065146	-0.582267315	-0.175500193	-0.083217282	0.039324559	-0.212592356	0.038252423	-0.110764877	-0.073942553	-0.214742483	0.230552065	-0.094330591	-0.151268564	-0.202717053	0.034880426
JHU	710	0.095587309	0.12503343	-0.088572551	0.080697842	0.005352584	0.048203901	0.33863017	0.015240349	0.049212537	-0.008169336	-0.010481825	-0.090174738	0.012776876	0.102255752	0.269580757	-0.068940093	0.090563543	0.146471454	-0.051986354	0.025127573	0.132567668	0.002158169	0.049527634	0.057411433	-0.074949129
JHU	712	-0.155669434	0.145980122	-0.039029753	-0.043362679	-0.084151475	-0.088215423	0.292244225	0.107007621	-0.2372413	0.044923015	0.350598243	0.061473699	0.024908341	-0.057926671	0.154674874	0.000115017	0.065832671	0.032999603	-0.485591676	0.078135693	-0.251491972	0.147383864	0.293034209	0.001193607	0.138973839
JHU	713	-0.048692898	-0.116380391	0.302297116	0.287247944	-0.358781292	0.189991495	0.648012881	0.580659571	0.987231513	0.329887329	-0.346337804	0.750002775	0.053222503	0.442739334	-0.744642837	0.126187512	-0.257714999	0.13118646	-0.596083738	0.432491739	0.243625147	0.339145241	-0.969799334	0.191903427	-0.098218619
JHU	719	0.274089429	0.020454444	-0.131155697	-0.041839744	0.240541676	-0.098355664	-0.446309389	-0.239386113	-0.06040827	-0.443111371	-0.181970495	-0.125564459	0.040193302	-0.016689275	0.193885591	0.024493829	0.127155309	0.055888445	0.550825017	-0.032265249	-0.113535066	-0.158064581	0.049880337	-0.012096789	0.064509409
JHU	993	-0.676402078	-0.086146283	-0.068480975	0.12517007	-0.488899636	0.201162269	-0.359387814	-0.079552322	0.180187468	-0.089733099	0.064283264	0.48619411	0.089340485	-0.092924095	0.001434821	0.378882723	-0.155346011	-0.032348667	-0.690312541	0.044719945	-0.285985039	-0.102922674	-0.412510119	0.191372513	0.058331068
JHU	994	0.265535609	-0.160455768	-0.050914462	-0.109041568	0.150537278	-0.291587875	0.054423148	-0.203958921	-0.241236352	-0.158755912	-0.131154359	-0.319446585	-0.079578679	-0.155737042	-0.040247396	-0.120473335	-0.054380653	-0.198068247	0.303316487	-0.206320495	0.163361252	-0.172340493	0.340571948	-0.134089041	-0.05033303
JHU	995	0.092525572	0.047770276	-0.170182662	0.127445996	-0.077668138	0.175545361	-0.295295146	-0.356529092	-0.18010848	-0.107479505	0.228880907	0.251940692	0.112523364	-0.149935638	0.091577354	0.029344443	0.249158888	0.120428405	0.444873211	0.075795804	-0.099175289	-0.013844302	0.261899948	0.122839363	-0.120767926
UMARY	142	-0.233912266	0.016034623	-0.058032225	0.003774946	-0.2734863	0.066675431	-0.029664417	0.193545503	0.050286067	0.332791815	0.154721079	0.078549065	0.054429354	-0.138463529	0.029877566	-0.018593374	-0.126610877	0.004182443	-0.37649724	0.07594496	0.142830621	0.091728837	-0.167356018	0.055478305	0.019687129
UMARY	602	-0.280587327	0.042263352	-0.125154858	-0.016564105	-0.083764051	-0.001941531	0.012582391	0.603369057	-0.051304807	-0.318195894	-0.093020845	0.175893216	-0.036163058	0.414627801	0.102150529	0.288069675	0.069361734	0.015226079	0.337682831	0.016308207	0.12492966	-0.03226141	-0.023790557	-0.118494886	-0.022157099
UMARY	604	0.27475876	-0.026927454	0.187035731	0.036201134	0.068807921	0.097315969	-0.025444692	0.013411583	-0.185399004	-0.151283783	-0.262881933	-0.04662537	0.071045185	0.07691693	0.104970232	-0.049756652	-0.048886782	0.04831314	0.182625777	0.088010301	0.096312516	0.038430422	-0.333615386	0.041001204	-0.061012557
UMARY	813	-0.064968588	0.035265021	0.004485046	0.059064965	0.05987194	-0.056431134	-0.456200671	-0.049521645	0.290623518	0.054089223	-0.041476523	0.148080488	0.033062019	0.133741914	0.055236807	-0.006621571	-0.05160749	0.062790882	0.490239516	0.089401407	-0.294092217	0.071038948	-0.073248432	0.050822224	0.161553834
UMARY	819	0.177901245	-0.017515184	0.097512728	0.033142748	0.085374317	-0.110299016	0.232012582	0.042820785	0.107267309	0.378731057	0.077338983	-0.276010688	-0.042418104	-0.036094048	-0.16373289	-0.04084166	-0.047963869	0.020829258	0.129556971	-0.001635144	-0.022966557	0.023470606	0.205942249	0.053316972	-0.160704567
UMARY	871	-0.064332191	0.021395347	-0.082830538	0.054995528	0.020247382	-0.04968366	-0.401986633	0.115233681	0.30468858	0.280075284	0.005737722	-0.104339352	0.01435897	0.163310784	0.055258712	0.01832289	-0.118845678	0.028694243	0.243440048	0.041877076	-0.279447114	-0.001656612	-0.009052126	-0.010712343	0.062379476
UMARY	879	0.058534885	-0.049364857	-0.043285659	0.029896872	0.09660797	-0.028026978	-0.018304156	-0.101322767	0.141720716	0.077033427	-0.055610656	-0.044955356	0.006364207	-0.135901479	-0.070575453	-0.031782586	-0.087315734	-0.038016456	0.052050485	-0.039482276	-0.302258061	-0.01438657	-0.006531403	-0.022622511	0.086434196
UMARY	880	-0.15163148	0.068830235	-0.017998968	0.185340623	-0.103996797	0.130572557	-0.05641516	0.236335024	0.025664118	0.27131031	0.586275003	-0.270152042	0.14426153	-0.087186385	0.112951594	0.115652416	0.02924292	0.107750948	-0.201778779	0.181680206	-0.233314277	0.134096485	-0.151434161	0.093361448	-0.117492519
UMARY	914	-0.016061851	0.031668341	0.016220141	-0.005274843	0.138941093	-0.089641282	0.204314282	0.034866341	-0.394294738	-0.628654773	-0.189927651	-0.053485197	-0.010592931	-0.058969775	-0.059460001	-0.028981935	-0.017848009	0.027988073	-0.412883937	0.034389313	0.397937513	-0.004263189	0.021100336	0.055758018	-0.082987174
UMARY	933	-0.582291315	0.084086188	-0.263542062	-0.109637498	-0.109000441	-0.069149536	-0.171148249	-0.01599802	0.246645599	-0.123846409	0.172878456	0.300097707	-0.154921349	0.370561867	-0.02144753	0.112663592	-0.067252516	-0.069481231	0.661661516	-0.047465328	-0.26034333	-0.179777069	0.145136448	-0.207218625	-0.207111781
UMARY	1028	0.242414019	-0.033788188	-0.064299698	-0.234107729	0.027321135	0.064843509	-0.204494272	-0.010882838	-0.108650804	0.443788481	0.080037198	0.036062186	-0.264432632	-0.087830564	-0.073477956	-0.160440695	-0.170420618	-0.134808997	0.026169114	-0.241824587	0.324843535	0.034411491	-0.212263464	-0.223741696	-0.051633099
UMARY	1037	-0.086500406	0.016958518	0.328894747	-0.085934254	0.15372926	-0.126713524	-0.133285239	0.285752291	0.329296957	-0.370121715	-0.199272128	0.139866101	-0.105188087	0.206455348	-0.060211504	-0.07764843	-0.097441209	-0.125080039	0.241975984	-0.132146473	0.154765372	-0.135566655	0.081149648	-0.089630564	-0.074390801
UMARY	1064	-0.086840019	0.043346747	-0.066476664	-0.016143914	0.064961421	-0.013244599	-0.429439154	-0.055576569	0.128828425	-1.136838176	0.397766556	-0.040301278	-0.041510793	-0.244050715	0.169221201	0.166056164	-0.047674238	-0.010155822	0.193902088	-0.039368862	0.203908802	-0.079321749	0.402349841	0.104474432	0.030668049
UMARY	1065	0.399605119	-0.09872657	-0.180820713	0.12673015	0.105898099	-0.095656572	0.288254058	-0.280084969	-0.331547915	0.213749509	0.011717188	-0.230937218	0.027586354	-0.122324515	0.210600184	0.240976772	-0.004826203	-0.040728887	0.170091552	-0.090373502	-0.25176159	-0.139006067	0.116286491	0.041867432	-0.138437823
UMARY	1076	0.043060932	0.075601057	0.133735999	0.153354141	0.117787264	0.136101392	-0.238344749	-0.024913849	0.0588638	-0.380021623	0.157927617	-0.013958848	0.059301982	-0.095884825	0.006198417	0.08280738	0.07407335	0.061171627	0.01059689	0.07145032	0.235201177	0.007369943	-0.168321398	0.135888695	-0.037226481
UMARY	1078	0.407898787	0.032609656	-0.120544737	-0.187917377	-0.049392395	-0.12915865	0.093033301	-0.287642363	-0.004939558	0.4586977	-0.218545024	-0.359786512	0.077482463	-0.706752703	0.135376275	0.084993676	-0.070857436	-0.193633583	-0.18266053	-0.210845699	-0.923372937	0.008903146	0.237099907	-0.260380875	0.138232408
UMARY	1079	0.105715118	-0.133599968	-0.0253847	-0.112527466	0.099300711	-0.133840142	-0.108654284	-0.114800792	-0.00321866	0.292787453	-0.107083991	-0.099956666	-0.113569345	-0.240188237	0.03747223	-0.1169325	-0.200075657	-0.152268461	0.188447195	-0.149435985	-0.00518646	-0.114615869	0.181726919	-0.149659555	-0.046119944
UMARY	1104	-0.107368805	-0.037706321	-0.090285856	-0.035362711	0.057288612	0.129566929	-0.20142097	-0.112292862	0.072052849	-0.002681798	-0.09853235	0.077293509	-0.002093472	-0.002165866	-0.069301558	-0.060684098	-0.007745005	-0.017467954	-0.198065628	-0.02120065	0.042566802	0.002670256	-0.233412904	-0.031491018	0.114242459
UMARY	1105	0.269223948	-0.035748019	0.16279874	0.062052328	-0.010399139	0.076325405	0.386617968	0.203940067	-0.244290739	0.053854745	0.082759233	-0.089813013	0.108658919	0.125411047	0.018984385	0.02972365	0.162350914	0.054079457	-0.346363939	0.132117088	-0.065997406	0.108979145	-0.289901006	0.139512477	0.092811004
UMARY	1114	-0.120719797	0.084867051	0.131077737	0.097188171	0.198465501	0.121040006	-0.392231163	-0.101730452	-0.222711879	-0.504018696	-0.1046733	0.011127709	0.128161222	0.169117842	0.041987136	0.109323087	0.02087982	0.127334691	-0.138317243	0.068517736	-0.145901842	-0.061777645	-0.150295442	0.094348479	-0.018740486
UMARY	1133	-0.735819759	0.136959321	0.012287778	0.101855308	0.115174377	0.062550098	0.061517765	0.339192271	0.666081218	-0.132294137	-0.199746744	0.200282178	0.064184713	1.215668698	0.146869109	0.200089018	0.064628602	0.089771373	0.698493287	0.227257832	0.158015883	0.000634456	0.165599976	0.06721625	-0.01256584
UMARY	1134	0.073862277	-0.056795624	-0.06638775	0.021805053	0.12315143	0.045429854	-0.114953392	-0.120891965	-0.338104559	0.105252037	0.087157049	-0.248975718	0.072471877	0.309588494	0.078991381	0.048112285	0.049406712	0.06972478	-0.401197996	0.029313015	-0.09681555	0.029203669	-0.055757337	0.015394684	-0.095902413
UMARY	1136	0.130481674	0.10202905	0.054495571	-0.036366825	-0.094865814	-0.149590137	0.09921944	0.098882999	-0.471097072	0.110428563	0.021771919	-0.24654628	-0.161531679	-0.058729752	-0.130565493	-0.050659007	-0.047508921	-0.095010325	0.25749042	-0.047861609	0.170502731	-0.107373625	0.229390625	-0.135631378	-0.103604991
UMARY	1158	-0.109241822	-0.007399553	0.008267561	0.127087149	-0.285339566	-0.091013844	0.327843526	0.172535577	0.033802307	0.072842145	-0.028536421	0.025488281	-0.01207926	0.191512968	-0.040961013	-0.03904213	-0.010504834	0.035457554	0.065707215	0.092637025	0.006482628	0.081066348	0.203974689	0.02121446	-0.071981248
UMARY	1170	-0.143664241	0.050590397	-0.019099159	0.011110087	-0.177645771	-0.023481887	0.083205424	0.125024984	-0.360658194	0.038210229	0.088311481	0.244556881	0.003232395	0.254600095	0.044173573	-0.001057955	0.037281293	0.058409419	-0.033698436	0.059045541	-0.10085316	0.028498012	-0.169234841	-0.032180443	0.053943028
UMARY	1206	-0.150247777	0.020302349	-0.101843254	0.034193593	-0.035879248	0.164598638	-0.078408265	0.156989522	0.199144993	0.07346504	0.347099606	0.183881989	0.008468329	-0.17832229	-0.080478076	0.083265381	-0.000147087	0.014269179	0.081254716	0.032790132	0.180277172	0.09624808	0.111292086	-0.042008568	-0.021793556
UMARY	1209	0.038159473	-0.028999008	0.111726835	0.039702137	0.00997857	-0.078512391	0.317836724	-0.04979099	0.41365394	0.432158179	-0.047431127	-0.033082862	0.124650099	0.227566899	0.029221989	-0.10649714	0.007057665	0.036612293	0.379305148	0.052496577	-0.35211258	0.138889758	-0.317727245	0.107013606	-0.154087882
UMARY	1226	-0.322768246	0.015692614	-0.007773516	0.100299463	-0.062410989	0.112394607	-0.406914709	0.201450593	-0.049229146	-0.362835331	-0.154898626	0.134483086	0.018273983	-0.114970699	-0.037083748	0.018396318	0.003687558	0.080916062	-0.191385591	0.067926521	-0.329649248	0.009844873	0.193516195	0.050989939	0.118558858
UMARY	1230	-0.024715921	0.007522002	0.098418035	-0.046262802	0.053634307	-0.050994011	-0.067945325	0.036020175	0.167948168	-0.332641123	-0.1948469	0.167002791	0.041078596	0.285100554	0.118225618	-0.017084903	-0.034289467	0.040056846	0.379851179	0.046753396	0.120418744	0.015014874	0.008520922	0.048513694	0.149616866
UMARY	1260	0.109999565	0.069359023	0.123223095	0.206305498	0.069340072	0.178616809	0.014930084	0.046013893	0.012039073	0.518660133	-0.441552828	-0.041985195	0.162064967	0.10867424	0.087019418	0.093820486	0.099417942	0.141245682	-0.489298737	0.11930618	0.03506417	0.177737905	-0.009493409	0.135714151	0.136681848
UMARY	1326	0.005118478	0.05176794	0.065867381	0.030299078	0.305170491	0.140693438	-0.186333381	-0.101874264	0.017684539	-0.511880363	-0.026421037	0.035321114	0.021929433	-0.099039184	-0.01561391	-0.026677594	0.006215126	0.037095695	-0.055119085	-0.023018331	0.073494698	0.099098163	0.063074253	0.009823004	0.15464794
UMARY	1454	-0.350129587	-0.060012233	-0.082942918	-0.047436879	-0.047883699	0.029557689	-0.370485708	0.14407228	0.160277174	0.186966654	0.196856184	0.111393316	0.005042759	0.07842401	0.195346466	0.071602291	-0.094571493	-0.034767235	0.168638055	-0.029750691	0.031518287	-0.07238814	-0.035647894	-0.012820668	-0.102818681
UMARY	1465	-0.129892141	-0.037796654	-0.047509205	-0.042773435	-0.119774236	0.06829742	0.246130105	0.026599378	-0.190718628	0.271146835	0.040234887	-0.022304894	-0.041368976	-0.352976693	-0.06646935	-0.092515915	0.111937773	-0.045739257	-0.475847931	0.016331529	0.408960129	-0.014537248	0.267187853	0.060303688	0.022071868
UMARY	1486	0.030253881	0.013813852	0.006364436	-0.103127366	0.122762765	0.036952116	-0.117625502	-0.057079763	-0.020068323	0.179399885	0.025780277	-0.060530289	-0.101981522	-0.169372422	-0.155534786	-0.089186753	-0.007911794	-0.049826861	-0.09158863	-0.162210878	0.209720362	-0.030728909	-0.137494665	-0.030989221	0.078473817
UMARY	1498	-0.100998278	-0.091557582	-0.048421813	-0.000570569	-0.126773996	-0.128779907	0.118280456	0.028261395	0.003309344	0.294110188	0.156601538	0.018026808	-0.021470517	0.083470144	-0.068999169	-0.038861216	-0.08570198	-0.048643981	-0.108347007	-0.039946964	-0.047860038	-0.021738401	-0.058172119	-0.03869705	-0.04468565
UMARY	1502	-0.275127648	-0.067166784	-0.135057084	-0.138907242	-0.120625881	0.023099448	-0.316438237	0.214886041	-0.379944092	-0.025767352	-0.231604325	-0.054384975	-0.037447565	-0.039944058	0.068267114	-0.14846101	-0.164138047	-0.144564303	0.625408627	-0.127076666	-0.030653999	-0.135184949	-0.197916599	-0.156607411	0.032983836
UMARY	1535	-0.154430261	0.013821072	-0.029023438	0.021129901	0.056601135	0.035027005	-0.205044333	0.005609617	-0.334660433	-0.360369982	0.179384065	-0.011081028	0.065932047	-0.108526672	-0.141526495	-0.036189363	0.066612998	0.012514963	0.052594089	-0.029690471	0.22665543	-0.024605801	0.007110561	0.008893124	-0.025952851
UMARY	1540	-0.452937326	-0.141647788	0.196119	0.009595946	0.240973374	-0.030749473	-0.421482714	0.084634886	-0.234693784	0.04353605	-0.423223372	0.031211454	0.078039816	-0.066654426	-0.014040735	-0.142852943	-0.108433531	-0.002112733	-0.026537042	-0.01546115	-0.194796382	0.012563771	0.038588344	-0.022101638	0.10113379
UMARY	1541	0.054436054	0.091617985	0.007884269	0.079353806	-0.143067534	-0.015520489	0.121884066	0.101806315	0.057588302	0.015652987	0.097976731	-0.06941346	0.012006439	0.315916672	-0.042309597	0.076984692	0.031289134	0.093634114	-0.106844773	0.206629977	0.071588468	0.11191309	-0.318536629	0.083603862	0.144673486
UMARY	1544	0.138490986	-0.085766585	-0.077241821	-0.077933013	0.055809565	-0.049449569	0.403499053	-0.06026334	-0.089762994	0.334405027	-0.109961482	-0.104151663	0.008117957	0.074911228	-0.198421015	-0.037713667	0.055468124	-0.055747846	-0.08695355	-0.145521714	-0.040041355	-0.032012444	-0.219958828	-0.08847101	-0.048143255
UMARY	1545	0.734489348	0.213660206	0.209094203	0.07608009	-0.148164045	0.09909924	0.099075258	-0.012630755	0.107181298	0.212048271	-0.192376872	-0.328024984	0.080126177	0.23419581	0.064354395	0.129767142	0.158694513	0.073470655	0.160532593	0.051013544	0.052825111	-0.06032704	-0.250174204	0.068346376	-0.123500871
UMARY	1568	-0.282952164	0.042998679	0.251006445	-0.065234821	-0.181803113	-0.110399223	-0.942075848	0.205544325	-0.039329058	-0.131593554	0.239441006	0.007631218	0.054688996	0.02267624	0.027630157	0.073845791	0.057820145	-0.031849801	0.050736305	0.066155956	0.053029088	-0.011046711	0.188910493	-0.043192765	0.175228613
UMARY	1570	-0.108553455	-0.021143647	0.041898131	0.02850781	0.074926487	0.053456559	-0.372392878	-0.133842294	0.092625263	0.246926274	0.291553214	0.154642655	0.020916805	-0.01489107	0.12049979	-0.004081882	0.023874575	0.036941588	-0.022241827	0.052166423	-0.153843062	0.196587468	-0.020006357	-0.014269064	0.139494216
UMARY	1571	0.148954094	0.073556697	0.159415544	0.099607404	0.096764046	0.094355983	-0.347460588	-0.155550159	-0.068915827	-0.195899806	0.111724718	-0.120852351	0.023057374	0.104093643	-0.04626065	-0.025829219	0.07818656	-0.074191257	0.262214691	-0.064022553	0.001927286	-0.056591229	-0.29708373	-0.00644609	0.030342626
UMARY	1578	0.241273518	-0.01428882	0.063206452	-0.058268278	-0.003013819	-0.220132685	-0.297122652	-0.047400119	0.064282301	0.138775751	-0.010329011	-0.143319921	-0.060017086	-0.153239722	-0.067741752	0.001805894	0.08726169	-0.120476984	0.317879936	-0.048814973	0.185551049	-0.1058224	-0.142013657	-0.04934313	-0.066638352
UMARY	1583	-0.201600921	0.089733771	0.026280369	0.056582749	-0.137629178	0.17799136	-0.450720501	0.121428931	0.032475848	0.343255272	0.247251171	0.602476697	0.171450439	-0.06861214	0.117907208	0.06603481	-0.009157819	0.095060826	-0.143464422	0.001343139	0.184097542	0.004679668	0.055767901	0.192857104	-0.069325573
UMARY	1584	0.186134321	0.03222446	-0.210039425	0.038012218	0.02597155	0.004544402	-0.004966993	-0.267590164	-0.087477232	0.530168665	-0.259232161	-0.085041439	-0.004600888	-0.047569884	0.132649013	0.079154646	0.128455964	0.005884981	0.074210439	0.134146734	-0.547107399	-0.006156771	-0.17891673	0.038671493	0.076145488
UMARY	1611	0.298042302	-0.061278227	-0.239520311	-0.196625728	-0.127580051	-0.138137511	0.254581439	-0.243888491	-0.095650638	-0.650836202	0.124966026	-0.104976565	-0.281168246	-0.410069534	-0.148286805	0.048081492	-0.09749809	-0.150446817	-0.023085749	-0.182215081	0.209510687	-0.211040638	0.491324436	-0.33022175	-0.062995687
UMARY	1612	0.240297117	0.060626315	-0.053899998	-0.067435556	-0.017997711	-0.050878152	0.76839996	-0.205295533	0.040167399	-0.041960857	-0.301499092	-0.263781328	-0.112482275	0.026361073	-0.001011	0.252671224	-0.052610844	-0.071103292	-0.076617491	0.124822132	-0.271442407	-0.029864655	-0.130491257	-0.017136173	-0.143095595
UMARY	1613	-0.615514604	0.044344603	-0.029032934	-0.059586981	0.186909269	0.115112186	-0.40578488	0.294999655	0.097910355	0.159609469	0.963150083	0.344323255	-0.053279217	0.311030015	0.019650084	0.037980425	-0.177692577	-0.053434961	-0.357578165	0.226484524	-0.210755518	0.094638143	-0.02908374	-0.094714297	-0.008823556
UMARY	1614	-0.117242612	0.059329089	-0.111281746	-0.015833381	-0.034022823	0.016278074	-0.034757906	0.103511561	-0.000511104	-0.378312783	0.203857725	0.009799376	0.022715165	-0.133135128	-0.080051181	0.008444651	0.067444581	0.128325274	-0.077908136	-0.023052311	0.47307269	0.026573718	0.488547379	-0.029845913	0.045629051
UMARY	1648	0.13824226	-0.03291452	-0.020857719	-0.040406302	0.108785068	0.084484616	0.471382319	-0.084983122	-0.074946162	-0.18699983	-0.134431835	-0.157722563	0.02985522	-0.042947955	0.272551102	-0.020981566	0.011611716	-0.050017672	-0.320996228	-0.000292529	0.040730444	0.013765007	-0.050209671	0.027614718	-0.089101285
UMARY	1652	-0.747043191	0.026687398	-0.036166402	-0.001755594	0.056151344	0.217917184	-0.636352848	0.217195269	-0.060246348	-0.012078376	0.462849077	0.212169732	-0.021325036	-0.212541492	0.054549013	0.111903937	0.007579378	0.005875118	-0.203633179	-0.033515882	0.156754463	0.018903411	0.472499256	-0.081174686	0.019621936
UMARY	1668	-0.245470776	0.014230489	-0.012273153	0.107764049	0.05368939	0.111783105	-0.050482434	-0.027033062	-0.097420414	-0.107502827	0.078992919	0.103254576	0.159429835	0.045267416	-0.05118201	0.124625611	0.123493123	0.085793027	-0.470874297	0.102251709	0.015031117	0.05354689	0.156543486	0.118664807	0.168751488
UMARY	1710	0.167799402	-0.026095282	-0.040707254	-0.048444836	-0.17314393	-0.123746567	0.645682836	-0.01388135	-0.263000122	-0.244378686	-0.005724063	-0.095926829	0.044601567	-0.130661103	-0.117784401	-0.027131593	0.005316709	0.035073484	-0.145396599	-0.147801544	0.390080728	-0.033251692	0.280010842	0.034585127	-0.10808597
UMARY	1712	-0.222675679	0.056975046	0.017463488	0.084423035	-0.115559697	0.106213806	0.021564558	-0.115351312	0.077160291	0.051988924	0.01979154	0.112530664	0.051091235	0.060741113	-0.017156177	0.020267612	0.14173306	0.09164578	-0.300365216	0.090829734	0.256205208	0.067865014	0.030872669	0.115913694	0.038652885
UMARY	1713	0.104899478	-0.072382781	-0.171894498	-0.076010538	-0.035491572	0.047681413	0.216114872	-0.10058672	-0.112253191	-0.527233436	0.039611714	0.139600501	-0.067279575	-0.22964691	0.019263401	-0.057109956	0.100162172	-0.049131847	-0.276308001	-0.073886623	0.117239768	-0.034632522	-0.023018173	-0.056368637	-0.146097345
UMARY	1715	0.125807616	-0.012434135	-0.008193723	-0.050314652	0.05617794	0.082595258	0.266402835	-0.097416754	0.181150536	-0.320730554	-0.202289174	0.087202071	0.053692225	-0.028400825	-0.046238694	-0.086332792	0.052703723	0.016282281	0.087339774	0.052753887	-0.07738839	0.087185802	-0.112830898	0.007191426	-0.02080766
UMARY	1792	0.25052052	-0.0259846	0.130785882	-0.086896958	0.149235778	-0.106143593	-0.102452298	-0.143735921	-0.157527831	0.330827354	0.12286447	-0.212888571	0.030353294	-0.101919243	0.01751964	-0.000401666	0.10853682	0.068845613	-0.081274701	0.072815199	0.364490853	-0.054510464	-0.086357935	0.02614509	-0.028011202
UMARY	1795	0.323707119	-0.060095016	0.02183768	-0.010791201	-0.11031685	-0.027088723	0.179411678	0.219503981	0.153701467	0.087296745	-0.060851143	-0.147437057	0.043958686	-0.092253684	-0.01492182	-0.079514569	-0.037057029	0.005514989	-0.165745994	-0.061378266	-0.037178313	-0.014178834	0.051222311	0.026863162	-0.161378417
UMARY	1797	0.337984408	0.010416844	0.079305908	-0.086601239	-0.065623996	0.00042314	0.429002347	0.214713447	-0.094362343	0.198469442	0.082395031	-0.146492451	-0.083034246	-0.126019448	-0.126661532	-0.082383724	0.006127852	-0.049808847	-0.358550108	-0.084878731	0.144730059	0.084869578	-0.316793392	0.068726638	0.027634594
UMARY	1825	-0.113160872	-0.046349064	0.038323762	-0.031999203	0.008648054	-0.117826495	-0.097460118	-0.023096894	0.121773872	-0.086742751	0.004578078	-0.037585229	-0.064742665	0.021631076	-0.110283308	-0.116786094	-0.127063412	-0.030096256	0.209276685	0.007075162	0.067143651	-0.108195513	-0.053564668	0.086796849	-0.007398489
UMARY	1827	0.373485132	0.056286702	0.065892221	0.0121369	0.168145539	-0.103860652	-0.096741851	-0.076740842	-0.142465487	0.216581321	0.0288288	-0.27362791	-0.037405634	-0.181229361	0.058836372	-0.056130804	-0.086535736	-0.021815969	-0.16535603	-0.036925563	0.337407692	-0.062834454	0.230532743	-0.110704972	-0.053381985
UMARY	1830	-0.142284761	0.029482871	-0.040737081	0.131939453	-0.044389787	0.15777366	-0.342122144	0.076522113	-0.007214625	-0.195314853	0.122432316	0.331978844	0.136286065	0.25302804	0.189291716	0.163576395	0.13031121	0.160455735	0.06294032	0.179954174	0.11456447	0.098580533	-0.056073638	0.175795102	0.085036399
UMARY	1846	-0.251227462	-0.108294848	0.136486509	0.010791211	-0.106956434	-0.082186338	-0.213272522	0.414744363	-0.143703017	0.365307126	-0.25572705	-0.122069798	0.035740322	0.175898098	-0.09629865	-0.11668795	-0.014327543	0.021319442	0.028261017	0.057457351	-0.043798308	0.05274383	-0.273301289	0.037596766	0.125491917
UMARY	1847	0.354844576	-0.070050174	-0.121105379	-0.00382254	-0.175742515	0.066665079	0.454911158	-0.394343923	-0.311545027	-0.193573023	0.086830049	-0.108617405	0.066709638	0.092000289	0.029840748	0.01314748	0.098449847	0.020029709	-0.399150356	-0.082212494	0.056137437	-0.005199059	-0.110933558	0.02877518	-0.080090708
UMARY	1849	0.042819972	-0.03997062	0.213833725	-0.073194181	0.190749837	-0.176553351	-0.329324755	-0.181853466	-0.073045419	-0.584205497	0.01803781	0.245601587	-0.009932631	-0.24415301	-0.079620136	-0.039297726	-0.116817081	-0.016813425	0.317080459	-0.043159143	-0.133544793	0.024064121	-0.296958252	-0.054768004	-0.03485602
UMARY	1862	0.155129628	0.020768403	0.034839432	0.065663914	0.127618624	0.034278063	-0.206005504	0.283025998	-0.26688099	-0.195537245	0.060637196	-0.039032417	0.065770931	0.152352512	0.051648088	0.03783542	0.08153385	0.133757184	-0.289923395	0.105995452	0.240773917	0.033473763	-0.232496988	0.053358736	0.075886867
UMARY	1865	0.095103717	-0.00829977	-0.037203031	0.065443771	-0.079991982	-0.053669804	0.478171421	-0.014555262	0.498649179	0.16915957	-0.104242921	0.317580211	0.000912668	0.043179201	-0.036585917	-0.046534787	-0.063312929	0.021239807	-0.195528619	0.051187206	-0.011631649	0.184346178	-0.242905153	0.025755979	0.230978348
UMARY	1866	0.188974422	-0.139780443	-0.213370843	-0.082435466	0.072610179	-0.248127217	0.209610881	0.016365618	0.021826569	-0.030326433	0.056728819	0.084816434	-0.093314662	-0.33371939	-0.143029604	-0.171575861	-0.108428292	-0.110697282	0.174594798	-0.078822532	-0.012214759	-0.123095925	0.126562914	-0.126212482	-0.124911486
UMARY	1867	-0.00137041	-0.02317072	0.003060981	-0.019963857	0.183011274	0.020775292	-0.239079291	0.010292	0.138043475	0.256170874	0.021032237	0.007154199	-0.124550631	-0.057673318	0.021469901	-0.072880885	-0.118949779	-0.000733277	0.069873574	-0.050207343	-0.137143548	0.012834023	-0.174414054	-0.014458193	0.192168838
UMARY	1902	0.157046709	-0.025296125	-0.026290768	0.05154315	-0.088449434	0.000104055	0.219737237	-0.166782378	0.177746291	0.365252763	-0.067471037	-0.081227321	-0.009844923	0.112058368	-0.046679025	-0.026067843	-0.005159264	0.023781957	-0.121304985	0.055311047	-0.099589876	0.11289439	-0.12765867	0.083219185	0.049993596
UMARY	1903	0.310147577	-0.002928281	0.061583138	0.008674165	0.028868853	0.054331375	0.263656415	-0.30095096	-0.033176546	-0.383461263	-0.014815115	0.238105307	0.047146852	-0.028324263	-0.029790482	0.115413188	0.003420911	0.073523548	-0.192209545	0.033762077	0.06454364	0.05946531	-0.154285852	0.017931135	0.10854778
UMARY	1907	-0.052083038	-0.214026066	-0.11312151	-0.17927607	-0.063531117	-0.227253118	0.142746761	-0.02342041	0.078773609	-0.620762341	0.158800981	-0.454136944	-0.175182776	0.220747329	-0.127689645	-0.11896526	-0.019202887	-0.180363105	-0.05481891	-0.082072398	-0.001747509	-0.147658873	0.065317524	-0.150329523	-0.030144682
UMARY	1917	0.584609792	-0.085591177	-0.097270406	-0.013356065	0.020715607	0.01068936	0.778287031	-0.223962327	0.255418503	-0.026889542	-0.20067359	-0.026292448	-0.097693754	-0.29915432	-0.013540117	-0.063124726	-0.026012495	0.016073908	-0.140388789	-0.105775592	0.080582439	0.049748088	0.061413833	-0.061860639	-0.004807151
UMARY	1935	-0.12083474	-0.114327352	-0.133737079	-0.055345071	0.145890966	-0.079607599	-0.209664185	0.03404885	0.127221632	0.298420969	0.049112144	-0.061917867	-0.13262415	0.328499827	0.084690851	-0.132180675	-0.05342381	-0.218628677	0.231939322	-0.176147747	-0.074218659	-0.150018062	-0.142131544	-0.114799306	-0.090723418
UMARY	1936	0.422001812	-0.136099349	-0.173293817	0.028523062	-0.000454179	-0.043064333	-0.257947703	-0.225846112	-0.224380057	0.023312726	-0.063516588	-0.14585241	-0.034758862	0.000763353	-0.121774346	-0.017768025	0.024355788	-0.064261691	0.266173652	-0.08864465	0.136654311	-0.233529849	0.679316805	-0.007028735	-0.195722341
UMARY	1939	0.049242684	0.185359163	0.302400411	0.300557185	-0.350020967	-0.188252065	1.070084157	0.32088452	1.13600551	0.167971278	-0.537980414	0.540461572	-0.064524931	0.03647641	-0.036564011	-0.354982012	-0.198839407	0.484621494	-0.111234689	0.296931797	-0.539940364	0.621595405	-0.545027292	0.470835682	0.249028719
UMARY	1940	0.402529423	0.085679125	0.078336507	-0.023975573	0.184410324	-0.182374817	0.585655356	-0.004246481	0.00492311	0.026006738	-0.109263436	-0.324125419	0.030481825	-0.336428849	0.090417151	0.050648511	0.002271054	-0.058023596	0.176302386	-0.024907651	-0.154160665	-0.073609827	0.224832763	-0.081950392	-0.085363873
UMARY	4263	0.003491995	-0.036940923	0.105678576	0.013460773	-0.2118304	0.029154995	0.401642451	0.125206949	0.095055776	0.172051945	-0.126466476	-0.287447924	0.113841036	0.005841568	-0.113813362	0.043437217	0.251778491	0.069499929	-0.866290563	0.034662621	0.294965149	-0.16050908	-0.213033566	0.151349198	-0.082449232
UMARY	4540	-0.330836373	-0.043767003	-0.042332797	-0.032162275	-0.070534645	0.058518315	-0.004299648	0.126679418	0.243512813	-0.347694332	0.07164745	0.020618903	0.033894445	0.366173835	-0.2185351	-0.124035389	-0.16161414	-0.032521932	0.290129301	0.00347497	-0.225386701	0.073099544	-0.198107839	-0.013825155	0.101568532
UMARY	4542	0.321601661	0.088865333	-0.095420322	0.001940789	0.225580718	-0.027834191	0.147841927	-0.293690844	0.154279914	0.278198201	-0.276686059	-0.105768039	-0.140208162	0.098429027	0.164000288	0.09741028	0.246833866	-0.022809727	0.113613899	0.015745073	-0.258830563	0.007901763	-0.011752039	0.130577061	-0.222949618
UMARY	4543	0.034566299	-0.080227111	-0.116885732	0.019141917	-0.048525893	-0.108245188	0.213021763	-0.093339831	0.158663658	0.106102605	-0.091163627	0.170415577	-0.00585484	-0.238007105	-0.132656516	-0.093966153	0.095808674	-0.024814915	0.268655998	-0.037193814	-0.060599631	-0.071022637	-0.172665503	-0.103655432	0.057164455
UMARY	4549	0.193957525	-0.068480736	0.032615966	0.040642228	0.212018126	0.034039096	-0.362509945	-0.191193222	-0.140163726	0.575826909	0.073449169	-0.220649289	0.010507465	0.007219145	0.036572586	-0.018836267	-0.160569712	-0.011379004	0.034905311	0.032149906	0.148619306	0.054005835	-0.137589551	0.007874507	0.208809255
UMARY	4590	0.562863415	0.108493174	0.160819413	0.00344021	-0.269920029	-0.094271189	0.298273293	-0.173189143	-0.14974096	0.475659532	-0.042470915	0.082869403	0.066087054	-0.291959788	-0.023599959	0.022433468	-0.115187592	-0.07283235	-0.158375862	-0.040200166	0.042639996	-0.154189434	0.076617166	-0.081355754	-0.181482624
UMARY	4593	-0.237438159	0.002668716	-0.08960102	-0.053074097	0.040397982	0.003112398	-0.390048099	-0.036263421	-0.631624114	0.05500976	0.46884405	0.157279845	-0.031273763	-0.279526052	-0.013852491	0.009619105	-0.02830176	0.002990935	0.074598437	-0.004386288	-0.094529899	0.052872315	0.069521659	-0.029677211	-0.02975981
UMARY	4598	0.17245478	-0.158087587	-0.124134943	-0.051153361	0.277323323	0.004386255	-0.114650383	0.079909278	0.260369231	-0.018423091	0.114853737	0.051235423	-0.023655623	-0.190090923	-0.030372585	-0.045155286	-0.082403431	-0.169376681	-0.190566842	-0.03124644	-0.04962363	0.029781844	0.082084509	-0.122279886	0.021945281
UMARY	4636	0.153579552	-0.01549127	-0.073829899	-0.1053602	0.157751294	-0.125792805	-0.064517661	0.08016941	0.249018332	-0.125756932	-0.173835597	-0.104318484	-0.082465949	-0.00158402	0.006104247	-0.112662788	-0.03672327	-0.125543815	0.340134033	-0.051688403	-0.022224252	-0.096912624	-0.025123639	-0.151662732	0.017095419
UMARY	4640	-0.175243054	-0.113163836	-0.155111326	-0.086441827	-0.22247888	-0.160315057	0.0398841	-0.2615144	0.109622993	-0.139133047	0.435810272	0.117937589	-0.00850551	-0.195134905	0.037249965	-0.094217173	0.184876572	-0.131392987	0.491514587	-0.062507191	-0.090873223	-0.152129451	0.44591121	-0.080742749	0.068989699
UMARY	4725	-0.115637619	-0.154513197	0.069377758	-0.045628979	0.004389852	-0.080531325	-0.14171418	-0.078185141	0.217674947	0.044421288	-0.109559613	0.077854011	-0.022505715	0.05559281	-0.133216038	-0.015791525	-0.159810119	-0.071711673	0.01413503	-0.086576185	0.173329384	-0.081164846	-0.190614887	-0.0421703	0.126563365
UMARY	4726	0.431845179	0.053178645	0.075365969	0.038847736	0.127539495	0.012175074	-0.025940422	-0.181259623	0.092523777	-0.078099192	-0.055661898	-0.042506915	0.019578844	0.092162391	0.10957626	-0.017382115	0.07589125	0.051525383	0.109920971	-0.041850029	0.186601357	-0.037462059	-0.125229391	-0.004980513	-0.111582869
UMARY	4727	-0.161861928	0.060221895	0.07687173	-0.015310631	-0.200100901	0.146225471	-0.093629658	-0.174531711	0.110252341	-0.479724737	-0.402095349	0.081719831	0.017442293	0.708003233	0.079284168	0.034711353	0.163393646	0.098128544	0.35525919	0.136752275	-0.313984594	-0.053534078	0.01864987	0.04036267	-0.177837718
UMARY	4729	-0.436204608	-0.042752208	-0.065480368	0.1154445	-0.192565604	0.067671601	0.121943232	0.03150689	0.26859089	-0.042431089	-0.07722834	0.161899332	0.09757569	0.081781755	0.067102272	0.021836974	0.03670834	0.052905116	-0.239332907	0.010475925	-0.170420121	0.083842611	-0.205417147	0.144513816	0.007683397
UMARY	4782	0.05706049	0.010103247	-0.101492927	-0.074520172	0.019764222	-0.147607017	0.034715733	-0.228236102	0.119559227	0.364280614	-0.108449306	-0.062090375	0.002605571	0.091553233	-0.072436933	-0.030069432	-0.053307122	-0.152650983	0.422313615	-0.200190644	-0.016411427	-0.086463891	-0.021663455	-0.089845363	0.02384841
UMARY	4786	-0.094006477	-0.023730805	-0.065742686	0.047755961	0.062129416	0.085132622	-0.261577954	-0.192133342	0.219419177	-0.284875571	0.016377505	0.256184961	0.062662419	-0.109052096	0.045448831	0.05057058	0.032035822	0.123265283	0.108913199	0.109980337	-0.03675	-0.010337369	0.250107089	0.059952041	-0.160489506
UMARY	4788	-1.150530835	0.009740147	0.058778522	-0.1552847	-0.154861146	0.553794131	0.137869545	-0.009149274	-0.504979921	-0.522325786	-0.306779248	-0.161942364	-0.202195988	-0.13168898	-0.135761801	-0.074197394	0.001522064	-0.175176352	0.013211875	-0.333199212	-0.05190229	-0.096401586	0.71912511	-0.160362993	0.056868173
UMARY	4789	-1.094508291	0.127107823	-0.057666064	0.058799914	0.002789898	0.004084218	0.246601335	-0.422507834	-0.786784678	-0.738563602	-0.565534291	0.738933472	0.12343128	-0.234516776	0.118417763	0.115181489	0.505057244	0.098003755	0.236198861	-0.045166978	0.133247046	-0.06889391	1.212724123	0.139992101	-0.074333093
UMARY	4841	0.071501262	0.012907721	-0.02798993	0.052767105	-0.143063141	-0.1083128	0.602655381	0.076275275	-0.248749003	-0.208651871	0.287022177	-0.000605417	-0.113947756	-0.032610703	-0.057911546	-0.049616401	-0.073267088	-0.046543725	-0.082230831	0.020234896	0.060076497	-0.005706813	-0.126378974	-0.068816109	0.105742303
UMARY	4842	-0.452903166	0.019065514	0.099171549	0.089379664	-0.175254163	0.166826545	-0.316007625	0.360629993	-0.0362092	0.030747233	0.069638046	0.220046582	0.130217284	-0.077358005	0.053548873	0.097970675	-0.099800636	-0.020784478	-0.279163841	0.094225174	0.300769215	0.237731328	-0.164489536	0.188056447	0.182388061
UMARY	4903	0.054351164	0.01673862	0.301584015	-0.034707775	0.13761481	0.091849656	-0.201171886	-0.085241885	0.045049884	0.104332537	-0.253585431	-0.274219973	0.091009905	0.157946588	0.076208316	0.027150724	0.003425229	-0.09887061	-0.03624563	-0.042457308	0.290431478	0.0225396	-0.030698465	0.056077343	-0.060300405
UMARY	4915	-0.221856696	0.044589445	0.039926262	0.002477935	-0.215649406	0.052838587	0.029837742	0.03813647	-0.292750178	-0.004214792	0.142341	0.076131915	0.079632758	-0.064531294	0.07371044	-0.037099055	-0.00963265	0.087723995	-0.215976063	0.081335963	-0.261298508	0.087392893	-0.193226398	0.040758926	0.251005609
UMARY	4916	0.190499133	-0.007325705	0.168045174	-0.069374052	-0.121067917	0.098557404	0.286864353	0.325934763	-0.009894401	0.320754854	0.231724678	-0.094208068	-0.060561806	-0.119186383	-0.117871782	-0.01329994	-0.062189471	0.039064885	-0.297558274	-0.138486529	0.337787984	-0.060972132	-0.083287429	-0.024240361	0.105641201
UMARY	4924	0.668034929	0.367214651	0.228450385	0.17056761	-0.210577021	0.234003534	0.589397667	-0.186152849	-0.421162517	0.100109648	-0.254594397	-0.099874386	0.053271443	-0.240270787	-0.006894401	0.122467575	0.279522768	0.241922822	-0.573417814	0.168283914	0.009666212	0.368374306	-0.200925704	0.134791129	-0.228464528
UMARY	5024	-0.04289427	-0.003706827	-0.038384611	0.046946909	0.087868313	0.013732211	0.565080328	0.650533239	-0.007131507	0.346875971	-0.640661339	-0.354636903	-0.025796217	0.44252187	0.001299951	-0.014808684	0.106234066	0.038394421	0.474634571	0.078613168	-0.726213341	-0.050516614	0.092417383	0.014110025	0.02187978
UMARY	5028	0.416532339	0.049435431	-0.066879329	-0.101560371	-0.028065319	-0.013912423	-0.650912908	-0.248332504	0.010705642	0.107188287	0.259947218	0.055265418	0.085245328	-0.270098557	0.094109076	-0.036640477	-0.039066344	-0.061617805	0.145870093	-0.025474087	-0.300763827	-0.085659431	-0.151047698	-0.076705701	-0.048797912
UMARY	5078	0.103764007	-0.027374236	-0.109711533	-0.162518737	0.238893311	-0.167248543	-0.225478353	-0.038167099	0.169516464	0.010331457	0.006946947	-0.138912365	-0.137030073	0.000252778	-0.060107429	-0.052988453	-0.168265821	-0.058598691	-0.003313926	-0.090439573	0.105239805	-0.14226693	0.10534363	-0.204427094	-0.097593027
UMARY	5079	0.005424587	-0.014482305	-0.094142631	0.008174585	0.039763237	-0.045284043	-0.218274713	0.007721168	0.310017174	-0.09010153	-0.02626317	0.020322587	-0.055395893	0.298190005	-0.011777158	-0.032372736	0.015173998	0.051456754	-0.011768049	-0.04523705	-0.251469987	-0.018975638	-0.015934539	-0.019675188	-0.048358523
UMARY	5081	0.150080523	-0.068263974	-0.030381552	-0.071755233	0.018232141	-0.023919296	-0.052714786	-0.142000021	0.021133691	0.431975589	0.198254391	-0.031295073	-0.118224888	-0.226254636	-0.131695114	0.019873222	-0.116154845	-0.013931304	0.041463125	-0.098107181	0.218734956	-0.046603565	0.057840473	-0.023594701	0.055911114
UMARY	5086	0.094479725	0.086863065	-0.075980129	0.123409127	0.072212276	-0.056708117	0.05062046	0.063871886	0.072026424	0.351560662	0.17586597	-0.086455465	0.088888638	-0.144358187	0.08746578	0.122071542	-0.067775122	0.009828021	-0.134232793	0.055061053	-0.022680128	-0.066538191	0.12436178	0.051690726	-0.042797321
UMARY	5087	-0.198967502	-0.076327908	-0.023029428	0.079348776	0.05793627	0.028848927	-0.419587558	-0.145869121	-0.222958895	-0.060332989	0.144183319	0.121996547	0.047071277	-0.189076897	0.058596375	0.038173773	0.078217655	0.064210714	0.043804149	0.103820802	-0.024095292	0.031312493	0.115651625	0.076041065	0.051477241
