FID	IID	1	2	3	4	5	6	7	8	9	10	11	12	13	14	15	16	17	18	19	20	21	22	23	24	25
BLSA	745	0.485022649	0.496816165	0.286919577	-0.086242593	0.324594179	-0.299144121	0.517363651	0.308764082	0.064545108	0.548191088	0.585300886	0.30538607	0.405880558	-0.069885045	-1.094496012	0.086849835	-0.453729045	0.253376801	-0.010274436	0.397207643	-0.156176188	0.431806845	0.453760985	0.066950757	0.731969254
BLSA	827	0.23502759	0.07346537	0.065554583	-0.101372719	0.06526952	0.016635529	0.173673037	0.255096751	0.141609023	-0.049622959	0.574344535	1.563864496	0.060995774	-0.408640275	-0.580996733	0.136760166	-0.513213532	-0.039388899	-0.335773055	0.283487393	0.440885651	-0.184007889	-0.031382027	0.330566417	0.208572336
BLSA	1556	0.06614693	0.061579317	-0.153826755	-0.456827211	0.23435764	-0.219354627	0.135037291	-0.230011287	-0.012201217	0.19785804	-0.093672216	0.714224727	0.26401495	0.329789706	-0.247317572	-0.003041561	0.1891484	-0.058321303	-0.008292843	-0.066716193	-0.372351852	0.30747312	-0.054034523	0.077942534	-0.205030407
BLSA	1579	-0.027340724	-0.231431864	-0.450857683	-0.151504982	-0.293643234	-0.124130415	-0.154823451	-0.285755667	-0.15884997	-0.157749719	0.014060823	0.885234556	-0.134277772	-0.170567373	0.545758306	-0.162613944	0.384646098	-0.20464656	-0.170633274	-0.158283067	-0.388246463	-0.301628336	-0.140849323	-0.129894636	-0.083607975
BLSA	1595	-0.051109781	0.533247023	0.434600736	0.789992561	-0.107506352	0.358029636	0.290538754	0.487568084	-0.843129528	0.02841811	0.257853382	-0.592367055	-0.727179707	-0.068254803	-0.607998913	0.249430298	-1.235837707	-0.694579543	-0.459341792	0.882334377	0.744092707	0.442177787	0.389381358	0.90386015	0.540939281
BLSA	1603	-0.130603885	0.068893799	-0.09315686	0.059796588	-0.005267358	-0.072616389	-0.027479391	-0.004563071	0.057883266	-0.09678944	-0.366567113	-1.638230972	-0.042001607	0.179112022	0.901312988	-0.085181515	-0.13232366	-0.247541591	0.514102413	-0.0101839	-0.068030891	-0.019770932	-0.004377641	-0.072116047	0.067648214
BLSA	1640	-0.099022159	0.086327921	0.098720924	-0.060918878	0.016524386	0.059940044	0.270066216	0.081922895	0.281586235	0.11674014	-0.123715421	1.067618501	-0.009980948	0.249711094	-0.055509885	0.071024932	0.276254134	-0.061720914	-0.342389064	-0.022741848	-0.027302808	0.164880562	0.08441531	0.188434153	-0.020742975
BLSA	1775	-0.15459262	-0.18978148	-0.161941304	-0.264649565	0.093611426	-0.183927148	-0.317988069	0.051078126	-0.548324335	-0.307490949	0.599815764	-0.582705785	-0.061809996	-0.338430761	0.456712593	-0.104211884	-0.453948906	0.298501949	-0.020287547	-0.154684992	0.134862388	-0.158788767	-0.017475151	-0.148992299	-0.206277993
BLSA	1802	0.01522995	-0.100919445	-0.053118673	0.000126894	-0.120898899	-0.161344771	-0.145360805	-0.038783581	0.114048271	-0.117367174	-0.34502336	-0.71089165	-0.015458037	0.126421748	0.584349094	-0.086673048	0.266745733	-0.010388868	0.535025965	-0.071930165	-0.171393916	-0.11948479	0.013743049	-0.252379769	-0.25371546
BLSA	1805	-0.119437499	-0.154002539	-0.138345082	0.169843578	-0.20556926	0.375826424	0.072530561	-0.258230072	-0.134694315	-0.234853439	-0.507612251	-1.426894993	-0.177920277	0.228823741	0.725081275	-0.096111063	0.014320793	-0.198688351	0.590361952	-0.261673808	0.010042502	-0.050203064	-0.19943559	-0.298491155	-0.226481128
BLSA	1838	-0.08808444	-0.22575587	0.039768965	-0.045712354	0.029088262	-0.218749798	-0.11073434	0.058997477	-0.060086241	0.072559219	0.153776916	-0.373617118	0.193953051	-0.178064642	0.291890858	0.085593156	0.45876056	0.077275204	-0.113305816	-0.060634539	0.080860485	-0.239693978	-0.060839829	-0.291228445	-0.050995899
BLSA	1839	0.176401181	-0.020339091	-0.022901052	-0.066432994	-0.042567232	-0.071221408	-0.273681018	-0.114570917	0.254564738	-0.03024621	-0.134318661	-0.732575339	0.060398744	-0.038337735	0.541060392	-0.036310901	0.301702621	0.124821099	0.008486858	-0.213362373	-0.002369763	0.036914333	-0.040275521	-0.14569455	0.089892798
BLSA	1840	-0.158784628	-0.26540103	-0.112968216	-0.117939965	-0.065497278	-0.151979294	-0.222210354	-0.164577079	0.073716597	-0.153099094	0.071787431	-0.265858057	0.017362788	0.055321346	0.069571146	-0.198130442	0.131562012	0.179258031	0.168649812	-0.183275572	-0.118834362	-0.163170701	-0.113184223	-0.120668669	0.32849043
BLSA	1883	0.140190921	-0.085974621	-0.123189267	0.000505293	-0.049754099	-0.034630407	-0.17784887	-0.218854852	-0.109775981	-0.048409724	0.062778331	-0.057332194	-0.16875117	-0.091920956	-0.057719249	-0.025486232	-0.07397507	-0.039676982	0.208942605	-0.158440735	-0.178890059	-0.126894488	-0.055555552	-0.145386511	0.310753253
BLSA	1889	-0.15234026	-0.095613718	-0.06799988	0.059770745	-0.069768816	0.001205366	-0.155588869	-0.104314617	0.110147873	-0.040059257	-0.213860133	-1.076209322	0.0426456	0.009367997	0.479796898	-0.146839765	0.170792241	0.243686847	0.44220411	-0.198862339	-0.117995589	-0.084737266	-0.079624149	-0.283308878	-0.14368041
BLSA	1924	0.135494465	0.084611818	-0.024598885	0.136002342	0.016250863	-0.242835386	-0.155144571	0.075821158	-0.114468634	-0.131402849	0.041529363	0.213369165	-0.051423767	-0.372132537	-0.266548781	-0.098548721	0.296328856	-0.105039427	-0.27860085	-0.033871161	0.039416777	0.036981408	-0.049384982	-0.024004273	0.416746326
BLSA	1961	-0.114776351	0.043267791	0.046735911	0.235757756	-0.01987642	0.206167194	-0.058167882	0.047852091	0.275629279	-0.012062326	-0.426376189	-1.25501135	0.183888036	0.071158976	0.485651882	0.000735731	0.130933703	0.02428745	0.611770835	-0.002650013	0.153037953	-0.040438117	0.062105138	-0.060492879	-0.220267296
BLSA	2000	0.051562646	-0.04988295	-0.043177263	0.111963195	-0.034280564	0.192266105	0.169463288	-0.007060787	0.105316448	-0.087289396	-0.036789957	0.139398581	0.055961116	0.157277537	0.030983542	-0.190405326	0.084086189	0.051953882	0.068280801	-0.149193339	-0.18820524	-0.031462702	-0.069528532	-0.195215995	-0.372157102
BLSA	2020	0.010921234	0.02097176	0.11976153	-0.117471689	0.059063159	-0.068541337	0.405872107	-0.002439683	-0.052892851	0.063867719	0.138185963	1.352434176	-0.0102382	-0.089511152	-0.542915996	0.061023568	-0.008938029	0.037721909	-0.4613263	0.084701583	-0.052758452	0.033776106	0.025430684	0.0858217	-0.34710367
BLSA	2037	-0.224850292	-0.0370563	0.038391328	-0.243346853	-0.009109399	0.04243415	0.130684981	-0.126431888	0.086735308	0.064335166	-0.069556141	1.414326974	-0.010611591	-0.034726489	-0.547288358	-0.068923977	0.001891527	-0.057715294	-0.170112795	-0.111378334	-0.018492043	0.046278303	-0.136424822	0.02925325	-0.245230749
BLSA	2066	-0.115227412	-0.034235871	-0.06069903	0.017361526	-0.01984813	0.19503626	-0.184043588	-0.077518694	0.010022693	-0.081939407	-0.197841243	-0.655510674	-0.088945001	0.034216885	0.324351047	0.070616007	0.129433367	0.025921601	0.176950181	-0.0663577	-0.124744139	0.124416068	-0.083183662	-0.052460674	-0.1688837
BLSA	2069	-0.129933931	0.188859124	-0.021805679	-0.073963282	0.122342791	0.162648746	0.094883366	0.156469186	0.268660175	0.245330133	-0.237220987	0.69443943	0.315240092	0.162334345	-0.285054515	0.08346408	0.099733214	0.101717022	-0.230500526	-0.081750397	0.061704528	0.004694397	0.159052928	0.088152689	0.06291855
BLSA	2093	0.357080891	-0.11793244	-0.124546451	-0.025610715	-0.254007836	-0.025514708	-0.36047637	-0.238761724	-0.050170266	0.040765321	0.02887093	0.2940315	-0.274479408	-0.316704393	0.029722288	-0.214868881	0.084869587	0.000844188	-0.072496969	-0.171602943	-0.016228118	-0.275372148	-0.215499666	-0.196840207	0.049945398
BLSA	2102	-0.106974474	-0.049712869	0.522678525	0.230873322	0.336492653	0.263800355	0.083434327	0.348304071	0.240128325	0.170317008	0.22424935	0.722876335	0.172736772	0.573640765	-1.180396296	0.671849487	-0.149243088	0.29834175	-0.651440265	0.529862421	0.337116891	0.166254247	0.16316574	0.646193336	-0.263701076
JHU	384	0.250111083	-0.109777929	-0.08773708	0.054283919	-0.04726668	-0.245084115	-0.280798417	-0.073557649	-0.164388881	-0.040536649	-0.152805035	-1.066207061	-0.097874467	0.123288032	0.743184775	0.08355343	-0.18933028	-0.023922591	-0.256494171	-0.089582557	-0.010404341	0.058255133	0.001705626	-0.142603641	-0.1585347
JHU	705	0.217344366	-0.12940081	-0.095348976	-0.037606012	-0.115317458	0.028519711	-0.107874313	-0.084684073	0.102221489	-0.074971696	0.023583838	-1.255728093	-0.12470748	0.227807063	0.902443384	-0.031779522	-0.128574139	0.011260221	0.293257052	-0.086252945	-0.216375534	0.023460671	-0.176809483	-0.172942262	-0.291328945
JHU	710	0.170906104	0.122614742	-0.002135893	0.161209916	-0.019779009	0.020417569	-0.174307766	0.141896666	0.112748747	0.071786781	-0.007445393	-0.450622565	0.069739205	-0.150938795	0.131058619	0.021247817	-0.244711949	0.124955781	-0.017851445	0.037897932	0.110199283	0.157905568	0.236851655	0.080518429	-0.150469925
JHU	712	0.373984014	0.027349241	0.015014645	0.012370322	-0.026558322	-0.058623624	-0.1139094	-0.05996053	0.135422398	0.018311866	0.285517241	0.293749287	0.087768396	-0.299475911	-0.753665339	-0.047059328	-0.097792897	0.11549431	-0.448591221	-0.106354709	-0.060425407	0.111408095	0.194458546	-0.006413943	0.702440239
JHU	713	-0.046191371	0.018933549	0.30461533	0.022766369	0.154414757	0.036138321	0.049163486	0.349618394	-0.297620335	-0.115483643	0.543515507	1.791645641	0.074339792	-0.466176865	0.171526778	0.275579198	-0.005010725	0.094517556	0.461558642	0.2373261	0.247318614	0.074637944	-0.398357921	0.161876535	0.033600579
JHU	719	-0.171283111	0.123517157	0.014017869	0.280529061	-0.031557849	0.0564282	0.215210544	-0.093489546	0.185863381	0.062022857	-0.349687095	-0.92043276	0.06118916	0.307323414	0.528272997	-0.148036582	0.381448324	0.026184175	0.317825515	-0.009172145	-0.069717571	-0.005030461	0.154923047	-0.018087017	-0.256641592
JHU	993	-0.478874574	-0.137499543	-0.09181806	-0.417291001	0.181950017	0.04625251	0.059846852	-0.162343558	-0.072480173	0.105653174	0.057906206	1.454514022	-0.01805742	-0.140336369	-1.366293782	-0.173968464	0.05745348	-0.267154302	-0.521869269	0.038958903	0.132163309	-0.333381631	-0.122364894	0.019526922	0.363907059
JHU	994	-0.187047053	-0.114468096	-0.1352082	-0.004814434	-0.154424659	0.058765655	0.037645473	-0.115937027	-0.096751433	-0.078863789	-0.344697262	-0.087121917	-0.12488062	0.247729026	0.378034971	-0.081073183	0.171645554	-0.12643062	0.453756591	-0.131731184	-0.191875711	-0.171025549	-0.036231511	-0.097138699	-0.113333268
JHU	995	-0.128949459	0.198731688	0.078600366	-0.071448139	0.058539204	0.057185772	0.31502354	0.098457323	0.094984806	0.0520811	-0.055888007	0.240203446	0.072483434	0.150780406	-0.734562404	0.101536633	0.054872634	0.04509547	-0.281591693	0.108910605	0.059117357	0.08377023	0.145824934	0.175263675	-0.129639448
UMARY	142	0.316720696	0.051579743	0.056799688	-0.24201478	0.025801995	-0.281933397	0.070096763	0.084264649	-0.029880028	-0.077004574	0.414582673	0.220201935	-0.12008358	-0.295823169	-0.567361782	0.006605186	-0.20591559	0.06410576	-0.457524776	0.162407186	0.074696328	0.14112254	0.070709519	0.054591256	0.38863368
UMARY	602	0.016406182	0.011604963	0.042377543	-0.15281662	0.033786451	-0.015635311	-0.018437782	-0.091005163	0.126761467	0.063338469	0.127962493	0.157247842	0.079617434	0.034393476	0.02354457	0.001388078	0.18056035	0.17631604	-0.35970647	-0.183064989	-0.018232393	-0.05367752	0.08584285	-0.163303275	-0.123348658
UMARY	604	0.063818422	0.007091848	0.024993482	0.042716809	-0.010329306	0.143135868	0.053092494	0.064512937	0.018290174	0.133275854	-0.158771165	-0.10626568	0.011397232	0.168879131	-0.091767945	0.000721984	0.297523071	-0.009268375	0.14969788	0.025384023	0.053308795	-0.01904765	0.072063175	-0.037854529	0.055594178
UMARY	813	-0.143127235	0.093427712	-0.003086865	0.142429397	0.029291724	0.213066536	0.035657383	-0.013879039	0.010533	-0.051991583	-0.244312205	-0.285786067	-0.015833389	0.025266419	0.657448854	0.034921817	0.013655366	-0.000497469	0.120043821	0.028430602	0.034086434	0.027013772	0.025265714	0.035833077	0.108156675
UMARY	819	-0.179424817	-0.016433392	-0.064518578	0.059759402	0.079100624	-0.037647519	-0.184941358	0.068027108	-0.078263192	-0.069853255	0.094670422	-0.305457606	0.030038236	-0.186529369	0.180876483	-0.000243473	-0.021593845	0.004967296	0.398497837	-0.006367979	0.060411266	-0.045366636	-0.046413946	0.01933456	-0.014299158
UMARY	871	-0.071057258	0.023901588	0.030123453	0.24560527	-0.011719405	-0.140828079	-0.163530513	-0.01949431	-0.01853854	0.007312609	-0.085139431	-0.601851378	-0.000330823	0.042244986	0.395151528	-0.011089043	-0.126686782	0.03986759	-0.005034025	0.032469083	0.052857705	0.007350794	-0.018276379	-0.005780975	0.166430485
UMARY	879	-0.174543979	-0.054332972	-0.058662051	0.041529581	0.020748809	0.158182966	-0.006791992	-0.041354627	-0.055619862	-0.08269366	-0.15929812	0.017338294	-0.061457078	0.070081997	0.28528542	-0.083377844	0.031916287	-0.047201476	0.293195738	-0.036574624	-0.02004561	-0.112298491	-0.136595798	-0.028205182	-0.051004235
UMARY	880	0.31989041	0.214640806	0.197831518	-0.114557265	0.091877152	-0.167282292	0.079935976	0.130875321	0.160132226	0.146440771	0.188625795	-0.046942778	0.130725801	-0.321634086	-0.66527125	0.11031489	-0.179423699	0.094997272	-0.62271028	0.242000631	0.098244002	0.229838959	0.12314174	0.162400599	0.731703762
UMARY	914	0.062088326	-0.032880623	-0.050773097	-0.094397311	0.034936801	-0.020173753	-0.037416213	0.000465598	0.053219191	-0.025089435	0.283579254	-0.190174014	0.007062647	0.004072199	-0.060666309	-0.117845937	-0.240140902	0.126698507	0.233714326	0.033866735	-0.013530838	-0.033186369	0.022711384	-0.01497858	0.014805372
UMARY	933	0.090703731	-0.099677977	-0.078131357	0.164919884	0.068817639	-0.166420592	-0.068485142	-0.131968002	0.022657559	-0.013530551	-0.213515607	0.151535245	0.079702577	-0.022344895	0.596403179	0.039654634	0.290457817	0.053371035	-0.089133543	-0.250302456	-0.082371794	-0.067351766	-0.085367091	-0.161759397	-0.17264959
UMARY	1028	0.309965816	-0.240770644	-0.1079663	-0.103203659	-0.226272293	-0.243854544	0.033069855	-0.17004006	-0.176465452	-0.202473795	-0.019061511	-0.186987648	-0.157541003	-0.035958488	0.118645544	-0.047364673	-0.088440134	-0.267491893	-0.081499436	-0.143532074	-0.134483425	-0.069442985	-0.200285971	-0.172318152	0.206350025
UMARY	1037	-0.020228825	-0.091082212	-0.074118779	-0.147530958	-0.114077062	0.029396861	0.038398809	-0.0546927	-0.048437986	-0.096432313	-0.297313179	0.010610854	-0.051030263	0.092455095	0.433601492	0.074954261	0.043671186	-0.159310836	-0.008371107	-0.060706744	-0.072787786	-0.143981578	0.088315937	-0.160121971	-0.188604449
UMARY	1064	0.009461766	-0.085095108	-0.065484507	-0.105287312	0.029350443	0.118311586	0.008464061	0.026558362	0.12798313	0.05503012	0.022638896	-0.223515543	0.156079188	-0.051921509	-0.288246015	-0.006630883	0.290101516	0.056568262	-0.201254124	-0.143107733	-0.06116775	-0.139452863	-0.074783205	-0.156231015	0.208963384
UMARY	1065	0.14524527	-0.127042955	-0.091069208	-0.12006129	-0.005287589	0.069855887	-0.023445276	-0.190267046	0.302423114	0.034776409	-0.18048812	-0.470781108	0.067646334	0.082360897	0.280669316	0.066011508	0.035968447	-0.03737263	-0.268784225	-0.130990291	-0.086769569	-0.104324235	-0.024396206	0.012169239	-0.063898969
UMARY	1076	-0.047462698	0.072982772	0.010861505	-0.052613725	-0.007202269	0.11664063	-0.003498247	0.006339518	0.012940584	0.031591976	-0.044983569	0.049354701	0.072374664	0.244220882	-0.027757094	0.040737116	0.146600795	0.072165635	0.051007647	0.076494143	0.064064746	-0.052184026	-0.000617982	0.00164041	0.045912462
UMARY	1078	0.175022886	-0.048780282	-0.18709568	-0.007419244	-0.024120232	-0.295758534	-0.086444152	-0.134827784	0.122479758	-0.00976728	-0.374984344	-0.053540887	-0.129611142	0.200268288	-0.392009752	-0.163204322	-0.133681684	-0.015098133	0.06898123	0.457346011	-0.206603478	0.221340623	-0.074414589	0.100059779	-0.396039866
UMARY	1079	-0.034196132	-0.186140909	-0.139333507	-0.11504554	-0.153612394	0.061057455	-0.007950042	-0.097538657	-0.14889664	-0.134855208	0.026601041	-0.178073799	-0.177071296	0.230760624	0.202794958	-0.185069995	0.08358612	-0.133246722	0.374934243	-0.249439785	-0.091073993	-0.132450525	-0.105639267	-0.12521612	-0.10926669
UMARY	1104	-0.112294648	0.025944607	-0.026735704	0.083942847	-0.087093559	0.072957454	-0.070460767	0.023838012	-0.073538171	0.074131651	-0.080431195	-0.145920508	-0.013998814	-0.107056739	-0.015769855	-0.074824454	-0.162974124	-0.001265039	0.024814722	0.0533726	0.014960551	0.030600198	0.014961437	-0.050052759	-0.053504734
UMARY	1105	0.009375764	0.055796043	0.100740022	0.117472569	0.114097191	-0.179643661	-0.011413776	0.044497106	-0.048378118	0.069295079	0.198988258	0.195477452	5.48E-05	0.155977095	-0.397955269	0.050963191	-0.068127553	-0.041731789	-0.057282101	0.159772467	0.185989821	0.124064674	0.038226378	0.155642992	-0.019868455
UMARY	1114	0.024093435	0.132484822	-0.015313022	-0.06625577	0.06915703	0.025099313	0.013103178	0.035213627	0.09384546	0.12469677	-0.059759044	-0.350372248	0.088024964	0.150834934	0.07477435	0.016250542	0.02628983	0.081684619	0.08888143	0.079704694	0.031263634	0.092667556	0.063725465	0.056429145	0.238810768
UMARY	1133	0.035822388	0.167576117	0.192076289	-0.012284219	0.131880886	-0.165780228	0.149513676	0.073981251	0.252393134	0.15640105	0.154720966	-0.083473997	0.133200862	0.156907428	0.772814844	0.352176389	0.235349647	0.073102256	-0.069931528	0.017933213	0.081237112	0.090413824	0.215771423	0.022480519	-0.153093319
UMARY	1134	-0.042582975	0.116213912	0.003067331	0.133904532	0.073589065	-0.001391967	-0.051962615	0.046398525	0.039411219	0.06802318	-0.12272846	-0.286512379	0.020379121	0.164016931	0.342830281	-0.025972929	0.025519545	-0.068478672	-0.064965331	0.054522873	0.123413218	0.053693455	0.020077001	0.140316802	-0.114349702
UMARY	1136	-0.082716209	-0.136456748	-0.039746484	-0.126372996	-0.035297255	-0.062329019	-0.058348721	-0.057183068	-0.025992148	-0.039044391	0.007685768	-0.123382513	-0.026408876	-0.020090072	0.167613241	-0.038390704	0.065215551	-0.017226887	0.203305595	-0.14229518	-0.069093189	0.026128976	-0.017763484	-0.154957709	-0.19739349
UMARY	1158	-0.115222581	-0.025829807	0.141513901	-0.086217652	0.025495728	-0.143684942	0.002682519	0.047973504	-0.068377576	-0.015459445	0.129695821	0.223754706	0.017467129	-0.247526578	-0.112144715	0.048696733	-0.01757109	-0.034401007	-0.06509727	-0.010459604	0.002151229	0.013055819	0.060400733	0.025289874	-0.067803239
UMARY	1170	-0.001301169	0.096476409	0.096554437	-0.0960797	0.047890081	-0.171167076	0.035812257	0.065868842	0.016166993	0.028242135	0.10218135	0.261791642	0.03661642	-0.143454836	0.036852228	0.095519166	0.154667044	0.005202341	-0.210632371	0.060232707	0.08813308	-0.013442498	-0.000409977	0.048557421	0.034480524
UMARY	1206	0.118175645	-0.044293772	0.090641609	0.032065093	0.043468255	-0.042816458	0.012062113	0.070334566	0.039463106	0.07215778	0.339644071	0.501674844	-0.054646265	-0.219656778	-0.720799683	-0.051748344	-0.109476644	0.06740288	-0.432148767	-0.039219751	-0.005000478	-0.014546061	0.038509953	-0.039134139	0.308641165
UMARY	1209	-0.20962634	0.031880619	0.027992292	0.057549649	-0.009986612	0.02210095	0.101011308	0.020790922	-0.035997491	-0.006102892	-0.119284296	0.035380457	-0.045321884	-0.003310713	0.111482167	0.043103166	-0.042886046	-0.097802685	0.318282294	0.085717182	-0.04435253	-0.055386233	0.007693099	0.026638397	-0.188601069
UMARY	1226	0.093938188	0.088143389	-0.033692456	-0.029799862	0.044164895	-0.102842456	-0.015480237	0.025455598	-0.011338172	0.052178893	0.116987439	-0.194002431	0.041588235	-0.069784207	-0.227571642	0.083278336	-0.109265081	0.067565829	0.056059862	0.119891284	0.044211471	0.102068928	0.069379203	0.087965495	0.092301576
UMARY	1230	0.099550651	-0.015050116	0.029242934	0.143459609	0.039206648	0.137854816	-0.043830554	0.006964606	0.002347653	-0.018241874	0.097236174	-0.085332341	0.006145384	0.048551863	0.158988871	0.072631054	-0.156894631	0.071316988	0.06381781	-0.038044031	0.008714488	0.048683881	-0.04243511	0.055913687	0.091933729
UMARY	1260	-0.118061656	0.12257323	0.037372012	0.079572395	0.094184093	0.165209322	0.046930566	0.192912088	0.127664605	0.185835674	0.014874868	-0.701549845	0.107788881	-0.135603306	-0.45684839	0.038255298	-0.282716201	0.085312642	0.076650864	0.269194144	0.156254829	0.194452431	0.170223542	0.163663468	-0.001493893
UMARY	1326	0.079282951	0.019241011	0.09418973	0.108757843	-0.053708038	0.09084394	-0.079742254	0.088631322	-0.034866337	0.035163325	-0.060696366	-0.264394612	-0.012679814	-0.052769403	0.319506104	-0.110341984	-0.003076926	0.014924696	0.154058605	0.06898816	0.053557349	-0.013775992	0.013300935	-7.60E-06	0.080279186
UMARY	1454	0.063564715	-0.047122817	-0.024566415	-0.172373472	-0.036589898	0.014102563	0.008951195	-0.023912588	-0.072918692	0.076952255	0.14516555	0.338526573	-0.113902092	-0.030010124	-0.475825355	-0.014934069	0.217461108	0.019822601	-0.473910809	-0.011559695	-0.057547879	-0.13185576	0.009623299	-0.044427178	0.207168752
UMARY	1465	0.213617381	-0.052932863	0.083399525	-0.088633233	-0.052140527	-0.239336638	0.012362685	0.013600276	-0.073880166	-0.047260237	0.246424702	0.428452494	-0.052898999	-0.22495263	-0.277982367	-0.031002136	-0.074518701	-0.128084481	0.049883811	0.015770925	0.024405006	0.009913129	-0.004114248	-0.063352874	0.032007999
UMARY	1486	-0.07197322	-0.07412983	-0.018197486	-0.080263982	-0.119783035	0.128787679	-0.000592349	-0.007831454	-0.109876038	-0.098812707	-0.089203249	0.105328321	-0.010848824	0.194759335	0.052760485	-0.109813968	0.033128474	-0.100414222	-0.043292494	-0.09038249	0.062649064	-0.047973431	-0.187586714	-0.060067777	0.096038645
UMARY	1498	-0.085899797	-0.02403401	-0.021778698	0.102939965	-0.022631258	0.087550055	-0.087185267	-0.035583461	-0.088741196	-0.065534639	-0.042296298	0.07442698	0.002735757	-0.138220528	0.002474869	-0.070978703	0.044500443	-0.030306479	0.064908039	-0.145332458	0.008601424	-0.140092204	0.000274374	-0.070559195	-0.013956228
UMARY	1502	0.032487098	-0.072108729	-0.014727055	-0.123702337	-0.167266264	0.147093247	-0.152744107	-0.092655836	-0.155369145	-0.041292952	-0.071798779	0.065324677	-0.12698318	0.172017016	0.363513628	0.021941677	0.091048752	-0.127409325	-0.085402078	-0.116509391	-0.093704801	-0.103097432	-0.006902497	-0.160108937	0.164505193
UMARY	1535	-0.008693034	0.105755914	0.026631967	-0.12236462	-0.014811381	0.21868979	0.014601523	-0.001480707	-0.036622937	-0.040158736	-0.020575362	0.24517139	-0.018472915	0.025048536	-0.215324607	-0.026661978	0.278476873	-0.072070796	-0.062279501	0.042435406	0.065244672	0.003894664	0.01697369	0.002646537	-0.214881275
UMARY	1540	-0.170753653	0.045997389	-0.02369613	-0.104400165	-0.1419568	0.276854724	0.039104725	-0.039706372	-0.108022813	-0.103391071	-0.08859829	-0.17716766	-0.126288162	0.232424528	0.11646997	-0.000456256	-0.030673535	-0.188232938	-0.022011233	0.006112032	0.021429711	-0.044471709	-0.06254901	-0.008527929	-0.022705631
UMARY	1541	-0.141259884	0.102463287	0.051161983	0.079675748	0.163339929	-0.051226043	0.029331376	0.088345474	0.132135435	0.023059027	0.042967848	-0.073095784	0.034777204	-0.097201916	0.007527263	0.05921155	0.138655608	0.039046136	0.161988263	0.092307595	0.09595991	0.091727505	0.033814996	0.108406967	-0.088217173
UMARY	1544	0.058335104	-0.054752266	-0.055981233	0.219404685	-0.085603711	-0.113829243	0.03990941	-0.121215541	-0.057755688	-0.025363399	0.109234489	0.212892807	-0.085228591	0.107492241	0.133915806	-0.218272474	0.169866529	-0.164945244	0.172275811	-0.032789912	-0.08324689	-0.013537044	-0.005200207	0.040590916	-0.032380462
UMARY	1545	-0.006538398	0.053788164	0.031719488	0.005170257	0.15941194	-0.172524759	0.205412877	0.060548546	0.222726356	0.000958353	-0.166841994	-0.174695365	0.076615668	0.23634627	0.230020999	0.072403505	0.11300633	0.070228555	0.084807764	0.271344783	0.034760371	0.18133075	0.064696012	0.008824752	-0.234609657
UMARY	1568	0.132087534	0.032593368	-0.030281368	-0.216886963	-0.050119697	-0.28122809	0.143258778	-0.033042214	0.04466158	0.07300237	0.102116316	0.151474952	0.000882719	-0.167813529	-0.398003501	-0.081971025	0.191954538	-0.137509556	-0.453568556	0.004706283	0.002870377	0.295113507	0.024802491	-0.05496738	0.315038299
UMARY	1570	-0.040035965	0.077452713	0.083298225	0.053089437	-0.003520334	0.055486421	0.022814721	0.058338051	-0.097367956	0.06271581	0.026936058	-0.274816238	0.036086268	0.079248911	0.110033122	0.006886808	-0.103888333	-0.039303628	-0.055876278	-0.006089594	0.035704896	0.001313626	0.038829966	0.025143697	0.19969849
UMARY	1571	-0.162396702	0.045821346	-0.136543593	-0.000314892	-0.028219293	0.060089637	0.149574461	-0.082182412	0.1188951	-0.007099711	-0.202119568	-0.048962182	-0.001540434	0.177569874	0.227839808	-0.037916956	0.170858047	-0.009433674	0.120636158	0.038500858	-0.028916018	0.025958056	0.032224124	-0.044714116	0.06902376
UMARY	1578	-0.135161669	-0.066295046	-0.105877844	-0.147277358	-0.033153959	0.339727693	0.104734516	-0.12312602	-0.056299837	-0.140256292	-0.245087894	-0.178068233	-0.131049264	0.264596905	0.259403533	-0.17041208	0.157048556	-0.07690053	0.392611991	-0.004748281	-0.06333253	-0.077263896	-0.004466376	-0.124567192	-0.281394724
UMARY	1583	0.115915042	0.00328751	0.007337191	-0.201195004	0.068313255	-0.055706679	0.018974825	0.088519582	0.065803547	0.115314485	0.380622651	0.466311216	0.128821544	-0.068922934	-1.255619171	0.059645862	0.015589536	0.083955703	-0.627051789	0.155941551	0.079642387	0.072017995	-0.015222206	0.199633856	0.248362707
UMARY	1584	-0.222503708	0.109769725	0.064305417	-0.008182139	0.02874037	-0.005624669	0.113107219	0.018631551	0.103544841	0.038023797	-0.275483862	-0.23215945	-0.018452059	0.108342845	-0.117964408	-0.034661474	0.028734444	0.033181437	0.240441232	-0.105734531	-0.018484855	0.025148683	-0.002811131	0.015101712	-0.036952219
UMARY	1611	-0.006811111	-0.222808958	-0.098597365	-0.022134472	-0.054869539	-0.097249521	-0.205575096	-0.177321999	-0.018084371	-0.047726837	0.100330016	-0.201461359	-0.007995077	0.028126646	0.16159474	-0.128170206	0.08990598	0.072737942	0.315237563	-0.359951509	-0.206265289	-0.075710939	-0.123842834	-0.263803913	-0.039111372
UMARY	1612	0.254490249	0.111078463	0.076949904	0.081700956	0.080386437	-0.360717358	-0.031795485	0.110640269	0.145376851	0.105871732	0.092658427	-0.750695094	0.013643508	-0.058084467	0.171295822	0.020336355	-0.049724956	0.129284509	-0.118420032	-0.122144518	0.131476801	-0.062248791	0.034894649	0.027340323	-0.21823101
UMARY	1613	0.3878626	0.078448449	0.06975894	0.003169722	0.025776729	-0.166025279	-0.071420803	0.012906216	0.021045646	0.185225807	0.458451498	0.263084697	0.034628833	-0.15729548	-0.079418369	0.245977574	-0.399852063	0.328598893	-0.638059779	0.00358175	0.024744906	-0.120842199	0.118791277	0.095366812	0.287224535
UMARY	1614	0.169705764	0.067040265	0.107976083	0.034981708	0.052933926	0.081634113	-0.105577502	-0.02155776	0.063546896	0.153853787	-0.062877001	-0.495294892	0.104459801	-0.141294005	-0.271972939	0.010592264	-0.212890049	0.090166926	-0.419651035	-0.05427964	-0.027188205	0.084375285	0.034781202	0.012985374	0.041827646
UMARY	1648	0.004551713	-0.009385152	0.058315683	0.017481357	0.055911585	0.134733824	-0.052472317	-0.050174167	0.091117458	0.070734166	-0.053998025	-0.496420649	-0.074650371	0.016053977	0.37892527	-0.028259886	-0.241901526	-0.018405713	0.394327292	0.014725711	-0.140095001	0.019168365	0.039391248	0.018365307	0.097610934
UMARY	1652	0.481482638	0.023769684	0.071002946	-0.04660907	0.058562075	0.029809394	-0.120228501	0.042030058	-0.040005507	0.103674966	0.589612814	-0.017270082	0.062652325	-0.218654789	-0.714603413	0.049054165	-0.140120259	0.259855668	-0.853239094	-0.031703117	0.087177426	0.052813624	0.118923817	-0.100110786	0.3376282
UMARY	1668	0.161773789	0.173782518	0.041573787	0.10285426	0.048833794	-0.066720896	-0.063827241	0.068512062	0.044953996	0.068806278	0.196030974	-0.111730461	0.12335917	-0.17784057	0.162267947	0.039736587	0.087361454	0.099818991	-0.090232538	0.148831116	0.109348812	0.143412372	0.047051673	0.093704522	0.131015493
UMARY	1710	0.137870097	-0.083840176	-0.061733591	0.090144837	0.065344012	-0.03175133	-0.119643798	-0.049120468	0.016578989	0.000698325	-0.211559946	-0.307762343	-0.023192435	0.11643887	0.07696855	-0.013086004	-0.157144108	-0.107532399	0.218080281	0.073579762	-0.125990215	0.0506654	-0.063837559	-0.049805697	0.007475083
UMARY	1712	-0.032341028	0.119290179	0.0521257	0.038744718	0.090942928	0.112406173	0.039651202	0.136298527	0.109363509	0.083094993	0.022017835	0.061683501	0.092339601	-0.076964895	-0.203611613	0.083785247	0.057844643	0.061057642	-0.044265767	0.047062184	0.123325026	0.069401988	0.042676083	0.083913754	-0.147543943
UMARY	1713	-0.169981022	0.021239985	-0.018812422	-0.035349287	-0.043822307	0.014007001	0.117311468	-0.011751216	-0.142322106	-0.026601223	0.01651789	0.505022694	0.014148167	0.04511686	-0.093532864	-0.013454659	0.161099909	-0.046330193	-0.015780986	-0.11490765	-0.026897525	-0.110219874	0.054842429	-0.049641068	-0.022220625
UMARY	1715	0.156635352	0.021532905	0.028692275	0.274666704	0.006920902	-0.275796858	0.034955937	0.036366891	-0.035752973	0.027095535	0.099521857	0.236169783	0.012634142	-0.163631633	0.054465586	0.033642602	-0.018056297	0.007032954	0.105567085	-0.033023484	0.033858458	0.046477131	-0.052110306	-0.017652845	0.063985958
UMARY	1792	-0.127606791	-0.014921362	-0.015721428	-0.075797266	0.070204979	0.269975238	0.058709488	-0.060432852	0.014799648	-0.060545529	-0.117279517	-0.135637478	0.002955919	0.1963456	0.263682445	-0.074619225	-0.019382418	-0.049298609	0.257564503	-0.052281559	0.033789621	-0.020631002	0.050475066	-0.100712304	-0.05102007
UMARY	1795	-0.140593179	-0.02498334	-0.050065517	0.056758717	0.044732621	0.081324205	-0.046687596	0.016033606	-0.067193411	-0.03581738	-0.001374171	0.065672761	-0.011520976	-0.172870773	-0.394905766	0.052497688	-0.004964129	0.001030121	-0.159439368	-0.006916938	-0.015712735	-0.08527598	0.020947693	-0.003182361	-0.034411764
UMARY	1797	0.341180857	-0.022562402	-0.042697066	0.011596543	-0.00772796	-0.072534035	-0.022490069	-8.01E-05	0.02901909	-0.147136492	0.005656768	0.200722567	-0.117542584	-0.289576842	-0.306540975	-0.105164516	-0.191117259	0.038640079	0.020491022	0.129736955	-0.045808425	0.017109454	-0.099693223	-0.010394519	0.210493124
UMARY	1825	-0.128040234	-0.078898366	-0.024748198	0.106296902	-0.103966762	0.09970728	-0.020203281	-0.007510956	-0.12584566	-0.095266833	-0.15460353	-0.190268952	-0.082315068	0.019458257	0.316719645	-0.064844302	-0.016979213	-0.041937793	-0.015084135	0.017609024	-0.085705408	-0.038122166	-0.065726969	0.162007777	-0.072143507
UMARY	1827	-0.156244933	0.049340126	-0.069842233	0.01426618	-0.007272893	0.379210951	0.068932255	-0.043090031	0.034850822	-0.014029385	-0.155577323	-0.265606585	0.077150418	0.212500662	0.207355549	-0.116115179	0.251028439	0.025835449	0.286973051	-0.072603498	-0.084524738	-0.044386742	0.040720946	-0.022052926	-0.198557781
UMARY	1830	-0.018619062	0.193678253	0.132595525	-0.006630579	0.116653715	0.088184022	0.214000169	0.098571364	0.105206726	0.151065403	0.17492202	0.206630445	0.142763946	-0.146150531	-0.743143007	0.063074087	0.051523248	0.06683653	-0.596189573	0.164222519	0.115702352	0.106107944	0.117894751	0.209802534	-0.011025774
UMARY	1846	-0.285401869	0.013546665	-0.00547455	-0.180231039	-0.023398702	-0.137660155	0.148752754	-0.020983504	-0.069082139	-0.021517125	-0.041134834	0.079227492	0.007415957	0.071672178	-0.267803792	0.025341621	-0.139319907	-0.083090934	0.009650876	0.05458589	-0.053610087	0.001988037	-0.015341282	0.08052065	0.023634935
UMARY	1847	-0.179034591	0.064986004	-0.017617342	-0.133542427	-0.010151885	0.107941878	0.438901235	0.031475436	0.000419665	0.013033291	0.02734859	0.56082103	-0.066479618	0.232924181	-0.507197176	-0.067555586	-0.050393393	0.0032161	-0.032241229	-0.0515453	-0.139641833	-0.024573214	-0.065216805	0.079710806	-0.107894842
UMARY	1849	-0.036873762	0.062473487	-0.082293449	-0.226020338	-0.074789359	0.19932908	0.28930035	-0.102970765	-0.033330274	-0.101530057	-0.146303365	-0.085913067	-0.035008594	0.359785772	0.370523453	0.349605838	0.223223414	-0.007977888	-0.00475659	-0.014876455	-0.080646836	-0.01877111	-0.078938532	-0.033955076	-0.090214279
UMARY	1862	-0.114626123	0.118810796	0.072496953	0.117766984	0.063288576	0.322037885	0.148853874	0.044268793	0.060709148	0.051609742	0.064162855	0.121465467	0.011636627	0.007677912	0.09689881	0.014266934	-0.051259653	0.077853236	-0.017855605	0.038733825	0.045403186	0.043350656	0.088248483	0.118667025	-0.020826525
UMARY	1865	0.047743713	0.033209728	0.003065883	0.138812306	-0.001107482	-0.171099662	-0.058257533	0.012640068	-0.049481981	0.091334066	0.037152024	-0.046622974	-0.009269171	-0.081613231	0.009609192	-0.049262271	-0.310048035	-0.087630675	0.034940898	0.066372487	0.034175833	-0.020026242	0.038519886	0.035660472	0.02305694
UMARY	1866	0.102229189	-0.101832388	-0.106752167	-0.069417157	-0.119811739	-0.081729352	-0.134703802	-0.103765177	-0.216452021	-0.100906042	-0.045275497	0.064889527	-0.165525517	0.095948691	0.12901992	-0.14151557	-0.017798549	-0.024262658	0.140951585	-0.153316108	-0.05435613	-0.077240612	6.89E-05	-0.178129491	0.007073813
UMARY	1867	-0.086678469	-0.072646943	0.009997038	0.088229678	-0.052049843	0.126433228	-0.204389653	0.088796355	-0.15511138	-0.057133103	-0.067052187	-0.395581633	-0.024620459	-0.019065058	0.412918557	-0.078803799	-0.259071153	-0.071856221	0.20476598	-0.014578165	-0.030676883	-0.036468299	-0.081298316	-0.022072172	-0.012473447
UMARY	1902	-0.068727885	0.060256809	0.098426197	0.227498644	-0.030577612	-0.012976632	-0.033075297	0.002736935	-0.040190332	0.03761542	-0.086644828	-0.359618813	0.001610207	-0.17020612	0.029750245	0.044534512	-0.296293427	-0.001061696	0.243410507	0.156483284	0.067408224	0.083212055	-0.03690259	0.113282768	0.051217018
UMARY	1903	0.06201843	0.088360224	0.092777621	0.019271209	0.059989328	-0.009307072	0.058949055	0.042170173	0.039769325	0.123200303	-0.114871829	-0.037978078	0.062316424	0.157377084	-0.065910701	0.107886571	-0.109078738	0.031399892	0.258651845	0.06525484	0.073247132	0.082642173	0.096382604	0.08890953	0.131277995
UMARY	1907	-0.06537293	-0.172185048	-0.099460554	0.115090027	-0.103655502	-0.070354172	-0.204640538	-0.149694956	-0.163217123	-0.190957393	-0.063564999	-0.436493738	-0.157127352	-0.060035302	0.263084881	-0.06295626	-0.04660108	-0.115083828	0.115330828	-0.12821938	-0.117395411	-0.050044892	-0.081648441	-0.150433744	-0.289294787
UMARY	1917	-0.158103276	-0.074976219	-0.035429161	-0.00065369	-0.051681915	0.043118093	-0.084126215	-0.039636693	0.037027346	0.01004492	0.005474195	-0.043378988	-0.127315931	-0.029071105	-0.412464139	-0.133735388	-0.094505731	-0.056736057	0.579576025	-0.022972524	0.036033787	-0.017709093	0.008508497	-0.027262527	-0.139445218
UMARY	1935	0.091883732	-0.139682437	-0.05950616	-0.098662694	-0.113012518	-0.204440163	-0.059141892	-0.128720153	-0.121476028	-0.061243148	-0.123690132	0.134812962	-0.135657348	0.116541599	0.309625628	0.111043401	0.06873211	-0.158047262	0.042143582	-0.06737308	-0.200046468	0.023400208	-0.128064328	-0.156838065	-0.091828842
UMARY	1936	-0.130414418	0.042513187	-0.111056448	0.177855394	0.003937101	-0.072459175	0.13864095	-0.072939771	0.056845374	0.003391042	-0.288823521	-0.166029942	-0.081617953	0.031114692	0.390537593	0.010140097	0.006141894	-0.009952985	0.433795001	-0.057371418	-0.005000989	-0.030818592	0.083327652	0.003258141	-0.31871025
UMARY	1939	-1.043548605	-0.430555856	0.018387163	0.289393015	0.082588139	0.138774956	-0.155266847	0.524031824	-0.357619112	-0.595632791	0.227581941	1.826325363	0.585792286	-0.781300368	-0.069297123	0.071255395	-0.144799671	0.064819007	0.279427674	-0.041886433	0.257219856	-0.38607857	-0.456541127	0.364235881	-0.198656603
UMARY	1940	0.021176795	0.012811981	-0.022316809	0.133517889	0.048622372	0.04828997	-0.124328857	-0.066446745	-0.012301416	0.059920691	-0.044643167	-0.696087908	0.047203604	-0.042562038	0.060107515	0.188097394	0.051090847	0.102284179	0.390622992	-0.053460654	0.026446234	-0.055875742	0.073352021	-0.105232978	0.039255246
UMARY	4263	0.527562538	0.022999462	0.050479016	-0.058527296	0.004432092	-0.06992208	-0.106944536	0.148377764	0.043247345	0.10795648	0.276155383	0.494064247	-0.07683372	-0.015186263	-0.830468808	-0.125570047	-0.291957305	-0.083068165	-0.478107919	0.050618571	-0.00677166	0.205316664	0.025223696	0.023215256	0.295058779
UMARY	4540	-0.019793908	-0.060985789	-0.0226085	-0.050215826	-0.093624024	-0.247402418	-0.027084624	-0.007277869	-0.17339755	-0.028522143	0.03908924	0.42487015	-0.062939849	-0.109071566	0.615867831	0.080985235	-0.106781511	-0.082934003	-0.077287791	0.029560597	0.077854708	0.019090074	-0.125760709	0.014914443	0.164550251
UMARY	4542	-0.029542437	0.030391202	0.097203469	0.242462521	0.076624216	0.370348859	-0.045598282	0.107501382	-0.024221195	0.015166772	-0.072253248	-0.338979036	-0.027598447	0.067836788	0.299246193	-0.056295203	0.18972519	0.024955619	-0.118285195	-0.087113664	-0.021770274	0.061961218	0.016533236	-0.054662145	-0.282929518
UMARY	4543	0.033996681	-0.046691018	-0.032393758	0.029051801	-0.067211548	0.097492909	-0.036840543	-0.027306002	-0.092804561	-0.01875093	-0.045761243	0.312663853	-0.053864412	-0.017868626	0.318532591	-0.145399681	0.093216593	-0.127706969	0.200684329	-0.084051478	-0.038108999	-0.161453216	0.024551113	-0.059129573	0.03666154
UMARY	4549	-0.073186858	0.024766121	-0.039273694	0.234270437	-0.01202465	0.191271651	-0.102296283	0.038598122	0.018887901	-0.047227283	-0.442634532	-0.48316106	-0.014114391	0.036467536	0.766464433	-0.104789344	-0.162592547	-0.078442309	0.329455724	0.012581488	0.032977605	-0.076853315	-0.01958121	0.063843462	-0.0994281
UMARY	4590	-0.222714997	-0.075781468	-0.025374324	-0.176371749	-0.078538086	0.165822705	-0.014265448	0.004181451	0.230207793	-0.07633796	-0.217058006	0.21757262	0.067577298	0.02306191	-0.121129249	-0.055877713	0.271339201	0.199998486	0.161034188	0.108113614	-0.155199775	-0.025227875	-0.039933429	-0.031582854	-0.020939102
UMARY	4593	-0.03655009	0.03354922	0.117349508	-0.009490865	0.015373312	-0.165433226	0.668129789	0.040780041	-0.016664188	0.011147224	-0.016703224	0.290627345	-0.030849927	0.010752392	0.112923377	-0.037990274	0.070884756	-0.032516588	-0.122382299	0.01993186	-0.024453032	-0.011636821	0.017146841	0.047270999	-0.028132664
UMARY	4598	0.028735321	-0.05757858	-0.056231375	0.142190511	-0.109106293	0.074481367	0.026788127	-0.018966151	-0.037235013	-0.084288969	-0.159116029	-0.178630875	-0.093108414	0.168893321	0.286595352	-0.085145755	0.025390654	-0.047699157	0.258737302	-0.054421694	-0.055372735	-0.070069521	0.021485197	0.019575122	0.234499377
UMARY	4636	-0.04493519	-0.042451613	-0.060270242	0.129587625	-0.012782005	0.039020647	-0.373730366	-0.088033848	-0.068762406	-0.104024228	-0.135175769	-0.500227908	-0.024723616	-0.014813805	0.338328119	-0.045846256	-0.010480623	-0.075939546	0.192932935	-0.095089848	-0.028670783	-0.067733814	0.027715322	-0.091822406	-0.121923762
UMARY	4640	-0.06178024	-0.055773676	-0.088856574	0.1032798	-0.07344465	0.078910079	0.204466384	-0.240138095	-0.101174871	-0.066055149	-0.100208877	0.118226717	-0.077594835	0.214902953	0.07021668	-0.052234582	0.323817239	-0.029574869	0.093793745	-0.130850175	-0.066606254	-0.109603796	-0.164139803	-0.130619148	-0.033877209
UMARY	4725	-0.043833834	-0.132787492	-0.077236777	-0.058862292	-0.064181826	-0.095688488	0.411085072	-0.100629168	-0.123576255	-0.025699078	-0.079321911	0.093977298	0.001278277	0.284201948	0.467278115	-0.067675521	0.055902796	-0.159739307	0.268010691	-0.080080872	-0.053780509	-0.118672676	-0.133773517	-0.09573095	0.275142277
UMARY	4726	-0.121167406	0.083214178	-0.028652755	0.098412068	0.018114335	0.041255915	-0.063739247	0.117382163	0.080957299	0.03492319	-0.124862599	-0.107109134	0.027431055	-0.01366104	0.209110547	0.076211184	0.176994168	0.09176674	0.124931797	-0.065254933	-0.058369806	0.014409152	0.03722641	-0.031461131	-0.144699999
UMARY	4727	0.02344436	0.09638572	-0.058098834	-0.034302244	0.038356907	-0.198330022	-0.184592664	-0.035399544	0.022115882	0.068274781	0.132172487	0.143744688	0.045174503	0.18436558	0.128406641	0.193861009	-0.050000281	0.027758786	-0.349086254	0.048526993	-0.072545216	0.101896414	0.095764716	-0.009371362	0.056449558
UMARY	4729	-0.016335137	-0.023554573	0.12212332	0.170373369	0.028257952	-0.10848052	0.251442738	0.100204346	-0.077814831	0.133139175	0.156485878	0.774281745	0.046563363	-0.381108631	-0.639522151	0.081989745	-0.112075316	0.035360219	-0.243866796	0.073550834	0.109198488	-0.09049113	-0.093073312	-0.001655353	-0.005016802
UMARY	4782	-0.177540713	-0.144315079	-0.063222307	0.025196122	-0.073574613	0.221631059	0.442721593	-0.055614812	-0.119252066	-0.033898198	-0.148283833	0.121568757	-0.014213806	0.179548259	0.271569778	-0.095021809	0.033736577	-0.016051882	0.271396175	-0.067264225	-0.049350252	-0.225336569	-0.162207244	-0.178256859	-0.267443573
UMARY	4786	-0.006542636	0.094746359	-0.015320805	0.036876352	0.120657105	0.062528032	-0.416776804	0.046628726	0.145871519	-0.020126523	-0.036284642	-0.248274855	-0.066944817	-0.013718143	0.088244622	0.124974114	-0.07722491	-0.027365618	0.095341582	0.046839033	-0.013312231	0.027234537	0.093820373	0.07326543	-0.217826818
UMARY	4788	0.314562012	-0.195830049	-0.059582461	-0.270783943	-0.041604314	-0.260497305	-0.190756826	-0.102978801	0.044509578	-0.108270201	0.321820547	1.237790287	0.01952835	0.126553238	-0.349420761	0.197239582	-0.006730344	0.174383555	-0.318570692	-0.213051209	-0.152632429	-0.046452079	-0.023939666	0.095077843	-0.413316691
UMARY	4789	-0.085314122	0.052091875	-0.022876189	-0.123567571	0.094079482	-0.194211169	0.071054096	-0.170561566	0.303702699	0.086780555	0.135814405	0.793602896	0.075073513	0.196372552	-0.299701216	0.08063993	0.232643168	0.206362056	0.24186876	0.001199405	0.048438477	-0.054925352	0.049299004	0.006379912	-0.444785536
UMARY	4841	0.120527748	-0.02261234	-0.01243226	-0.052492763	-0.03699689	0.002776077	-0.351728198	-0.026394048	-0.025432418	-0.038084531	0.109137306	0.02752789	-0.015216319	-0.200689185	-0.020661729	-0.022483392	0.15720205	-0.051340385	0.088054006	0.03346258	0.053328284	0.05116223	-0.050110232	0.013375575	0.167524055
UMARY	4842	0.419659908	0.023690921	-0.006142912	-0.146621273	0.041713975	-0.326725836	-0.40314371	0.034828135	0.000242889	0.07237036	0.632645495	0.131100412	0.039859898	-0.550131481	-0.74085278	0.076654262	-0.26093589	-0.056332947	-0.869410882	0.047357665	0.103949577	0.136922356	-0.043019512	0.083890652	0.433264065
UMARY	4903	0.023527871	-0.102485445	0.03136465	-0.126149108	-0.058006378	-0.171842179	-0.27070662	-0.011331204	0.010637256	0.013462547	-0.253304445	-0.565995516	0.001887919	-0.049343975	0.552006052	0.002198942	-0.091987634	-0.004828178	0.026804171	0.026508216	-0.027493881	-0.006980063	0.033499052	-0.137755311	-0.426404386
UMARY	4915	0.067329871	0.070175971	0.08551057	0.02773532	0.051311867	-0.117875664	0.01332213	0.021447847	0.011889837	0.141077987	0.100233451	-0.012330393	0.017192626	-0.142867839	-0.182083284	0.019460566	-0.310353806	0.053944429	-0.066804579	0.110843974	0.168152995	0.064840527	0.052594201	0.111735337	0.326265547
UMARY	4916	0.130876352	0.031422103	-0.015288368	0.013817496	-0.087896457	0.05923806	0.070244013	0.079090533	-0.060285726	0.016946186	0.017712852	0.000761085	-0.064287236	-0.159938069	-0.416632165	-0.011561685	-0.110984256	0.002845655	0.19164728	0.02344462	-0.116813482	0.059205663	0.03417121	0.078352115	0.030780974
UMARY	4924	-0.177745321	0.079667559	0.252288689	-0.141320727	0.167532419	-0.007784593	0.031400246	0.248137094	0.033189449	0.004519077	0.1706592	0.613877894	0.195120807	-0.014933001	-0.964560953	0.090984769	0.010863863	0.091183285	-0.3036363	0.135115767	0.194418711	0.18752918	0.13797005	0.353567385	-0.125584102
UMARY	5024	0.049717366	0.031708122	-0.003733766	-0.022260912	0.064864861	0.131516696	0.003093093	-0.018955245	0.057911253	0.017244848	0.014252526	-0.436206982	0.022061666	0.256965989	0.479215969	0.022367407	-0.32198673	0.08812397	0.1720123	-0.005365894	0.00068503	0.08691754	0.057837919	0.012856595	-0.130476396
UMARY	5028	-0.043573066	-0.003977953	-0.065218018	-0.142178316	-0.047078403	-0.112601979	0.166941916	-0.040250028	-0.025112524	-0.056319693	-0.001130116	0.195731691	-0.01078854	-0.053512044	-0.093360597	-0.115191224	0.050886017	-0.084912561	-0.179398818	-0.018954084	0.033807965	0.015569441	0.050375769	-0.037547304	0.126243535
UMARY	5078	-0.087174857	-0.119471247	-0.099783528	0.031527551	-0.085777095	0.0327817	0.103473666	-0.048450622	-0.098519542	-0.117500217	-0.179883951	-0.333494869	-0.02829724	0.15958912	0.778585954	-0.070277428	0.185582623	-0.084786989	0.143785343	-0.172753442	-0.09750414	-0.072091416	-0.056607432	-0.13200877	-0.119275609
UMARY	5079	-0.040585236	-0.018857772	0.000821904	0.133469406	0.022796895	-0.06301199	-0.14914904	0.002427104	0.080306552	-0.003074962	-0.130064974	0.094943903	0.003216601	0.098213272	0.244242654	0.056242341	0.275416948	0.005033826	-0.003677111	-0.061820263	-0.032196704	-0.004667405	-0.029125851	-0.032183789	-0.133481463
UMARY	5081	-0.141547892	-0.001497557	-0.045757184	-0.138130816	-0.072534957	0.253657008	0.050175215	-0.025875686	-0.000646647	-0.11489731	-0.094843558	-0.011960685	-0.019520285	-0.112530028	0.051690753	-0.116483318	0.131784726	-0.017960086	0.070571352	-0.053854347	-0.008797874	-0.043158477	-0.069920602	-0.011163237	0.023127748
UMARY	5086	0.019770517	0.032926494	0.073687574	-0.052391356	0.019497431	0.25165087	0.16169591	-0.0616039	0.093029171	0.005878896	-0.126525634	0.153899836	0.006034103	0.148726292	-0.680192934	-0.054869747	-0.089645844	0.025960333	0.092655719	0.023150947	0.054055396	0.024139156	0.048902935	-0.009286695	0.057911557
UMARY	5087	0.010060912	0.176779349	-0.001345432	-0.036045954	0.050887302	0.02589876	-0.187055115	0.040000736	0.139993665	0.113754326	-0.032299	0.01986766	0.021873029	-0.056496129	-0.373242308	0.032491366	0.22823979	0.055459804	-0.365524502	0.164156469	0.035009255	0.099371302	0.121131895	0.082404382	0.134372253
